111
23
-112         -0.38301307740807145
-112          -2.8559931879320963
-112        -0.064624023554090221
362          0.18704278788212078
362          -5.8897085396870184
357          -1.1557032705165782
357          -5.5916913524680032
360          0.26841590531267517
360          -4.8061078221157443
354          0.45927134863689378
354          -1.1073218925916852
355          -1.0989349771730395
355          -4.6569565935577586
349         -0.48801499999999987
349          -1.0268200000000001
358          0.31790924060879849
358          -3.4805756486630144
356          0.19974206510550208
356          -2.2488311156743968
353          -1.0796745135886299
353          -3.2977921998723847
351          -1.0287332454455538
351          -2.5664406280776948
10084.709057816319          -36.429039688834706          -115.56144121177255          -219.52670444174601           91.594834466989766          -329.63156541392141          -138.68450907355205          -1004.2101780060268           221.14810422130097          -20.180885664976891         -0.55662014803171789          -1060.1996998239638          -228.45661934346307                            0                            0          -1881.0679892040137           376.62694241062746          -435.49458189055167           49.322180824560427          -1942.1050119903061          -334.91423299239693          -1085.2396441770913          -141.78185958251461
-36.429039688845698           11077.746658315849           118.18529219940004          -183.61092980409873          -715.94666960014308           232.28560638595155           -848.1140687618614          -245.66947201673435          -1515.3257488095358          0.45047292684918672          -9.6882336719996012           194.78435648213252           -1588.255381407718                            0                            0          -136.80886810746907          -1977.9492540105607          -11.544874072479113          -301.72915128672372           71.922192847819105          -1956.7594253681443           22.024564301195539          -856.31484826968017
-115.56144121177739           118.18529219939903           3192.7222437687055          -338.08594194136487          -73.557465234354936          -286.90508463282674           92.802876935872064          -125.47859373343928          -115.28246696961584           2.6878588800403369          -0.0772018550570297          -94.656732513447778           87.851674294618306                            0                            0           230.11082928706389          -90.750136003133107            57.67104128442066          -11.259153865134127           244.36754260014496           25.890494947284573           144.50482177078749           5.4772470088278666
-219.52670444174234          -183.61092980410186          -338.08594194136373           2394.2264751848775           77.704361906399967          -937.38075633678829           240.25978152950816           -720.7895137256221          -193.81093625381317           2.6662230339006685         -0.39803628695411453          -658.59558634883979           217.73650983386577                            0                            0          -179.31525082983165          -235.89756034592304           56.483024887886302          -21.134173231998322          -121.00956290929578           165.43318250548921           102.65078628378104           15.910384302777119
91.594834466988615          -715.94666960013603          -73.557465234354751           77.704361906400464           1159.4369270880161          -102.81072644320672           3.9213687581878118          -89.101493193087464           -78.22852663505148          0.50148452775376096         -0.60456507777291291          -63.412241684992622          -28.737872902169808                            0                            0          -10.244303854600181          -118.05246166209709           9.4646811401873112          -20.390329158211831           7.3547339920408579          -66.454589302139169           23.684963209866609          -48.252799494952093
-329.63156541394102           232.28560638595516          -286.90508463282498          -937.38075633678147          -102.81072644320579           2477.5403111865394          -289.02529867086696          -658.00532043655573          -141.27471041548824           2.2320969449490118        0.0086744950459005654          -613.22300003985185           233.34602908668768                            0                            0          -175.54854033636329          -155.56934905300804           48.033971541121602          -7.0976701009354812           -129.5887817750322           205.77008521945029           82.273617847579686           47.200049119347639
-138.68450907354395          -848.11406876185913           92.802876935871609           240.25978152950719            3.921368758187616          -289.02529867086707           1369.2428406761389           151.84979151457622          -19.726672503126686         -0.88501216477724121          -0.6522612353453322           159.58092128823907          -127.65251164956622                            0                            0           12.810366561030778          -53.715337687722368          -20.469982890923077          -17.293590338537498           12.032225633016576          -156.64465624368489          -38.014573395671896          -71.168127483290959
-1004.2101780059603          -245.66947201673207          -125.47859373344151          -720.78951372561676          -89.101493193088118          -658.00532043656438           151.84979151457938             5028.49062015863           84.317681169575792           5.1368318945785809          -1.8430332369434437          -1344.3876098142428           351.66437423502595                            0                            0          -794.67368131389583          -320.31807623672739          -67.237186534244131          -87.824562346519158          -696.68447569597993           278.44960488527039          -296.01381528543999           180.28200430550376
221.1481042213037          -1515.3257488095257          -115.28246696961591           -193.8109362538126          -78.228526635052006          -141.27471041548895          -19.726672503126856           84.317681169576971           3072.7853347838054           1.7692376417213793          -3.4487490927607194          -155.77099124928651          -102.93458305349446                            0                            0          -63.790602287275668          -349.24556045210176           17.859865632141773          -107.53114270047328          -6.0666318335645517          -229.00814754018515           34.282649833723227          -184.63093002521373
-20.180885664978092          0.45047292684905482           2.6878588800404968           2.6662230339005584          0.50148452775375552           2.2320969449490637         -0.88501216477728317           5.1368318945785756           1.7692376417213811           1208.5289783862788           12.988563963572087           5.8419620423907714          -3.6174601331956686                            0                            0          -51.431776652529123         -0.10716879333864204          -42.964027018635804         -0.84984121615593944          -49.859955047481741           7.5491453747030715          -47.569251508666532           6.8277252507084834
-0.55662014803224746          -9.6882336719994946        -0.077201855056987317         -0.39803628695425686         -0.60456507777294233        0.0086744950458952919         -0.65226123534534253          -1.8430332369433797          -3.4487490927607367           12.988563963572091           1139.1413694417456         -0.25584855710968468           -3.802955543825588                            0                            0          -25.340566928176173          -14.947990936565272           -15.93662863983851          -15.916584943506841          -20.434940244767262          -6.3554285729661686           -16.41947884004874          -9.2828842032458816
-1060.1996998240077           194.78435648213838          -94.656732513445618           -658.5955863488357           -63.41224168499167          -613.22300003984549           159.58092128823702           -1344.387609814238          -155.77099124928606           5.8419620423912306         -0.25584855710954724           5249.9305932887664          -519.86865942232225                            0                            0          -895.15199030966915          -210.42058648730568          -113.76112554722081          -58.090594260291127          -809.35153328147237           430.17063506073919          -375.66956432901327           319.26547696237122
-228.45661934344926           -1588.255381407713           87.851674294617325            217.7365098338642          -28.737872902170626           233.34602908668941          -127.65251164956682           351.66437423502242          -102.93458305349479          -3.6174601331956642          -3.8029555438256031          -519.86865942232112           3432.2785010961256                            0                            0           140.83510252094942          -224.32764020400336          -17.761806091085788           -91.00031982923575           157.77033372306326          -453.86631464991194           29.358758499736645          -338.86658293323751
0                            0                            0                            0                            0                            0                            0                            0                            0                            0                            0                            0                            0           611.25270134123423          -11.293620671537539                            0                            0                            0                            0                            0                            0                            0                            0
0                            0                            0                            0                            0                            0                            0                            0                            0                            0                            0                            0                            0          -11.293620671537539           573.54398397013892                            0                            0                            0                            0                            0                            0                            0                            0
-1881.0679892039748          -136.80886810746995           230.11082928706355          -179.31525082983558          -10.244303854599906          -175.54854033635391           12.810366561028445          -794.67368131388866          -63.790602287274723          -51.431776652529152          -25.340566928176106          -895.15199030964686           140.83510252094786                            0                            0           7965.9913466238386           116.09245344826516          -722.24461819666863          -113.27023933915349          -1501.4564197650084           292.67732660562945          -1106.8579979003289           263.70153292271584
376.62694241062133           -1977.949254010555          -90.750136003132809          -235.89756034592284          -118.05246166209787          -155.56934905300847          -53.715337687723078          -320.31807623672631          -349.24556045210221          -0.1071687933386507          -14.947990936565285          -210.42058648730705          -224.32764020400288                            0                            0           116.09245344826267           5945.0558561174867          -14.969299065087093          -290.31783421935501          -57.859050351183811          -472.42469996868499            17.08886219784273          -418.44255939496054
-435.49458189056332          -11.544874072481484           57.671041284421747           56.483024887887552           9.4646811401873041           48.033971541120877          -20.469982890923539          -67.237186534247471           17.859865632141695          -42.964027018635839          -15.936628639838547          -113.76112554722809          -17.761806091085962                            0                            0          -722.24461819666942          -14.969299065086744           4335.4739269520478           28.350875587994786          -697.73677202997305           95.639901900838069          -636.82262292711107           92.523959678752632
49.322180824558799           -301.7291512867202           -11.25915386513406          -21.134173231998627          -20.390329158211944          -7.0976701009357877          -17.293590338537541          -87.824562346518633          -107.53114270047278           -0.849841216155933          -15.916584943506809          -58.090594260292121          -91.000319829234769                            0                            0          -113.27023933915369          -290.31783421935341           28.350875587994594           3741.3606282718661          -45.331582988033745          -228.72518633252227          -20.770905261479751          -258.58545243405734
-1942.1050119901943           71.922192847816575           244.36754260013333          -121.00956290928596           7.3547339920404582          -129.58878177502837           12.032225633016255          -696.68447569600039          -6.0666318335670546          -49.859955047481463          -20.434940244767301          -809.35153328146305           157.77033372306587                            0                            0          -1501.4564197650041          -57.859050351185147          -697.73677202996794          -45.331582988033709           7781.6602788276123          -609.54873366413199          -1077.8549819746536           326.73193390383341
-334.91423299238869          -1956.7594253681193           25.890494947284601           165.43318250548847          -66.454589302139368           205.77008521945189          -156.64465624368523           278.44960488527556          -229.00814754018262            7.549145374702996          -6.3554285729661331           430.17063506074004          -453.86631464991046                            0                            0           292.67732660563411          -472.42469996868175           95.639901900838296          -228.72518633252244          -609.54873366413983           6166.5679220493994           169.95142228586641          -653.56047099944135
-1085.2396441770625           22.024564301195923           144.50482177078132             102.650786283782           23.684963209866027            82.27361784757322          -38.014573395669871          -296.01381528544516           34.282649833721415          -47.569251508666056          -16.419478840048683          -375.66956432900906            29.35875849973721                            0                            0           -1106.857997900315           17.088862197840939          -636.82262292710197          -20.770905261479847          -1077.8549819746524           169.95142228586414           6085.9870773840848          -373.51318564908172
-141.78185958253533          -856.31484826967267           5.4772470088309859           15.910384302780017          -48.252799494952143           47.200049119348819           -71.16812748329211           180.28200430550177          -184.63093002521347           6.8277252507085011          -9.2828842032458923           319.26547696237401          -338.86658293323842                            0                            0           263.70153292271601          -418.44255939495912           92.523959678751964          -258.58545243405854           326.73193390383096          -653.56047099944635          -373.51318564908615            5256.170856698096
