128
17
-129        -0.017814313641434747
-129          -2.3253680957795146
-129         -0.24767081930602136
452           0.6581832805278649
452          -3.4827782221634602
453           1.1922812036960651
453          -2.3483635285605531
451         -0.30164940316952304
451          -3.4864615616346888
447          0.55699222456015618
447          -1.3960605988469619
446         -0.10022267706130236
446           -1.416389520813627
450         -0.74592728433104116
450          -2.6010491674505798
448         -0.25980716192973635
448          -2.0388375999491566
9549.5211931215745           20.493729951678844          -277.18417210577115          -2151.1496414919743           171.44188762486004          -734.66783632263844           145.24898532467398          -2192.4423061755656          -59.515421487084517          -119.99648784989282          0.14076521577196277           -120.9917256713173           1.6996022574733074          -1866.0002671740033          -319.59689361774804          -104.03234698163172          -8.1701401651555621
20.493729951656245           9490.3546492677924           652.99958797835143          -126.83227715705894          -2298.3733041241826          -77.976623319763206          -747.17228478282777           95.297428430151456          -2323.5152810629916           4.8643053525142212          -84.480946080646973           7.1607863483652814          -85.753516957070659          -22.787328354562426          -2030.3923159487038          -1.4256997928326811          -96.979556291760602
-277.18417210575484            652.9995879783512             2166.40847919416          -320.96649056254017          -456.46345212113044           136.50581309728648          -92.576938207262785          -288.46402433014725           34.915228904996482           23.880692694520594          -7.2354131257183782           24.271248591637214          -7.6488012918497681           231.10644191412561           47.718093871040026           20.218133012730451          -6.6753955859769558
-2151.1496414920202          -126.83227715706124          -320.96649056252926           6482.4324206593401          -142.31194851917977          -760.95548573708152          -580.27414892756065          -2468.9196704742712           355.25189482015946          -190.37041736725621          -94.768736054360858          -193.30088800829276           18.333945420306339          -938.64105235308227           584.84364428137815          -74.791149531710246           16.426297169649427
171.44188762486593          -2298.3733041241967           -456.4634521211326          -142.31194851918266           5367.8430731507733             -57.455703040467          -508.82192799968402          -554.52940383375687          -353.24043948695379          -7.5771512727311059          -82.235328149157553          -6.1688428371795512           -62.04868368197932          -88.053450222534735           -226.4858285394898           3.1881804491838914          -48.777745121007342
-734.6678363226315          -77.976623319765537           136.50581309728622          -760.95548573706901          -57.455703040469253           3898.3393508064205           121.29215756457742          -964.01097360706308           28.207671176998165          -140.15039872154867          -44.178589472045331          -142.11027427857917           12.255360163277944           -393.3600030046876          -63.138674371585182          -81.860659291786334           6.3879637216594132
145.24898532468188          -747.17228478282482          -92.576938207263169          -580.27414892756508          -508.82192799968283           121.29215756458014            3479.629934998386           -616.0851727875571           -241.1943168077278          -4.7722435373427246           -98.92041833005834          -3.3183108117543023          -68.064350926625522          -140.78971376040082          -141.59903830221697          -13.414889111076906          -42.388076725144906
-2192.4423061756042           95.297428430149822          -288.46402433014515          -2468.9196704742535           -554.5294038337496          -964.01097360707377          -616.08517278755676           6147.6356814633327           31.626691894128854          -203.05946607846914          -85.632172587634827          -206.69408775385378           37.302615223521173          -958.23978289537047           620.27119301917321          -83.638163503209512           24.537406110632038
-59.51542148709656          -2323.5152810629943            34.91522890499639           355.25189482016532          -353.24043948695152            28.20767117699739          -241.19431680772857            31.62669189412777           5542.1985664169806          -1.0670615228671452          -62.774989460273311           1.0379207255187437          -75.673007852981925           136.73387418755456          -681.56418210866173         -0.78727026802721922          -61.246555173498784
-119.9964878498885            4.864305352514724           23.880692694519698          -190.37041736725521          -7.5771512727317409          -140.15039872154833          -4.7722435373429732           -203.0594660784667          -1.0670615228667744           2321.5109293864216            29.28029668351672          -113.43741713790547            6.479121104551651          -21.995574031612595          -39.646456769384756          -8.3721317334017442          -2.7494737757519285
0.14076521577520179          -84.480946080646589          -7.2354131257190133          -94.768736054360161          -82.235328149157809          -44.178589472045005          -98.920418330058752          -85.632172587634898          -62.774989460273332           29.280296683516806           2178.5778024765345          -29.504412201885803           -37.30873100223166           3.0993100929067707          -44.031362228584804          0.57953309448651469          -10.518047107980218
-120.99172567131343           7.1607863483651775           24.271248591637239          -193.30088800829142          -6.1688428371799962          -142.11027427857971          -3.3183108117547482          -206.69408775385352             1.03792072551916          -113.43741713790527          -29.504412201885899           2337.8848509289346          -1.2444067732920776          -22.270033288398711          -38.792376381137359          -8.4617808998760733          -2.4891942795730833
1.6996022574733525          -85.753516957070815          -7.6488012918498249           18.333945420306456          -62.048683681979298            12.25536016327799          -68.064350926625622           37.302615223521201          -75.673007852982209           6.4791211045516199          -37.308731002231632          -1.2444067732921222           2193.2625644760706            3.699496147487078          -44.302016745403073           0.8323217947346595          -10.689651415649861
-1866.0002671740688          -22.787328354573138           231.10644191412737           -938.6410523530808          -88.053450222543901          -393.36000300468294          -140.78971376040343           -958.2397828953732           136.73387418755365          -21.995574031613248           3.0993100929063253          -22.270033288398427            3.699496147486923           4674.3573032150707           12.088860839522573          -67.925775626287674           16.199613464086191
-319.59689361775173          -2030.3923159487067           47.718093871041475           584.84364428138508          -226.48582853948679          -63.138674371587506          -141.59903830221634           620.27119301917162          -681.56418210866332          -39.646456769385857          -44.031362228584733          -38.792376381138311           -44.30201674540308           12.088860839519418           4167.2295354656808          -9.2606319863642348          -61.570058630518531
-104.03234698163679           -1.425699792832845           20.218133012730839          -74.791149531709607           3.1881804491837684          -81.860659291786888          -13.414889111077068          -83.638163503208489         -0.78727026802715039          -8.3721317334019467          0.57953309448649404          -8.4617808998762118          0.83232179473467505          -67.925775626288527          -9.2606319863637889           582.45721018591098           2.2829890536020265
-8.1701401651561376          -96.979556291762066          -6.6753955859769452           16.426297169649526          -48.777745121007385           6.3879637216594558          -42.388076725145027           24.537406110631792          -61.246555173498948          -2.7494737757519618          -10.518047107980193          -2.4891942795731423          -10.689651415649861           16.199613464086159          -61.570058630518815           2.2829890536019768           558.93968108910178
