3225
19
-3226          0.59806827863724454
-3226        0.0060298474847133091
-3226          0.02314040703658635
35           32.089166708718977
35            14.30730315898602
39           26.710766548679725
39           23.034001528532382
45           18.192561819942025
45          0.31132923074744201
47           25.426792357512429
47           12.009803661706968
50           19.913831987765931
50           10.386824957820204
168           29.333935670419649
168           7.1086971138697477
177           12.043407847681097
177         -0.91991316094629716
181           10.815982491484498
181           5.9971119889497606
116.74456244706879      -0.00097738457091197176          -7.9773609303844504                            0                            0                            0                            0                            0                            0                            0                            0                            0                            0                            0                            0                            0                            0                            0                            0
-0.00097738457091196829           116.79444684717888           -31.06596449626986                            0                            0                            0                            0                            0                            0                            0                            0                            0                            0                            0                            0                            0                            0                            0                            0
-7.9773609303844495           -31.06596449626986           13915.458780296085                            0                            0                            0                            0                            0                            0                            0                            0                            0                            0                            0                            0                            0                            0                            0                            0
0                            0                            0           5.3271798490785915           0.9842774546492542                            0                            0                            0                            0                            0                            0                            0                            0                            0                            0                            0                            0                            0                            0
0                            0                            0           0.9842774546492542           3.7891761934544337                            0                            0                            0                            0                            0                            0                            0                            0                            0                            0                            0                            0                            0                            0
0                            0                            0                            0                            0           4.4238182580070831           1.2261432681100468                            0                            0                            0                            0                            0                            0                            0                            0                            0                            0                            0                            0
0                            0                            0                            0                            0           1.2261432681100468           4.3810134372947669                            0                            0                            0                            0                            0                            0                            0                            0                            0                            0                            0                            0
0                            0                            0                            0                            0                            0                            0           16.777414038842632        -0.012780098543211374                            0                            0                            0                            0                            0                            0                            0                            0                            0                            0
0                            0                            0                            0                            0                            0                            0        -0.012780098543211403           15.801309492783835                            0                            0                            0                            0                            0                            0                            0                            0                            0                            0
0                            0                            0                            0                            0                            0                            0                            0                            0           7.7473693181189969           1.2153107672807668                            0                            0                            0                            0                            0                            0                            0                            0
0                            0                            0                            0                            0                            0                            0                            0                            0           1.2153107672807661           6.1078943918366333                            0                            0                            0                            0                            0                            0                            0                            0
0                            0                            0                            0                            0                            0                            0                            0                            0                            0                            0           11.194044605723642           1.2412101980227728                            0                            0                            0                            0                            0                            0
0                            0                            0                            0                            0                            0                            0                            0                            0                            0                            0           1.2412101980227728           9.9291882375943956                            0                            0                            0                            0                            0                            0
0                            0                            0                            0                            0                            0                            0                            0                            0                            0                            0                            0                            0           7.3717242391222042          0.68783021286487345                            0                            0                            0                            0
0                            0                            0                            0                            0                            0                            0                            0                            0                            0                            0                            0                            0          0.68783021286487311           4.8899671360687229                            0                            0                            0                            0
0                            0                            0                            0                            0                            0                            0                            0                            0                            0                            0                            0                            0                            0                            0           30.077359436028242           2.8557871225078171                            0                            0
0                            0                            0                            0                            0                            0                            0                            0                            0                            0                            0                            0                            0                            0                            0           2.8557871225078153           46.206347543593552                            0                            0
0                            0                            0                            0                            0                            0                            0                            0                            0                            0                            0                            0                            0                            0                            0                            0                            0           32.938682314188199          -6.4368755472304349
0                            0                            0                            0                            0                            0                            0                            0                            0                            0                            0                            0                            0                            0                            0                            0                            0          -6.4368755472304322           36.148468963670325
