581
11
-582          0.53134496244247009
-582        0.0015448151666624394
-582        0.0067492102806439389
9           5.9098621886132836
9          -9.7397073345856491
56           13.484459212698004
56          -11.484009087471147
61           38.062091493521415
61           2.2966482843534894
67           7.6079950290701186
67           29.576508985550806
116.75814054673022       4.3933521461101202e-05          -6.1360605791710725                            0                            0                            0                            0                            0                            0                            0                            0
4.3933521461097733e-05           116.80038562220957          -27.807151908050489                            0                            0                            0                            0                            0                            0                            0                            0
-6.1360605791710734          -27.807151908050489           14274.043725228546                            0                            0                            0                            0                            0                            0                            0                            0
0                            0                            0           29.756907205560488           1.2200821641433077                            0                            0                            0                            0                            0                            0
0                            0                            0           1.2200821641433059           24.144913461118762                            0                            0                            0                            0                            0                            0
0                            0                            0                            0                            0           14.466579524948212         -0.81659863162030621                            0                            0                            0                            0
0                            0                            0                            0                            0         -0.81659863162030766           14.813726319751526                            0                            0                            0                            0
0                            0                            0                            0                            0                            0                            0           5.0825619744830757          0.12037843941767815                            0                            0
0                            0                            0                            0                            0                            0                            0          0.12037843941767817           2.7919132843823817                            0                            0
0                            0                            0                            0                            0                            0                            0                            0                            0            3.861914730771538          0.34278264174505729
0                            0                            0                            0                            0                            0                            0                            0                            0          0.34278264174505729           6.4204792006620073
