6299
5
-6300          0.62294364633699184
-6300       -0.0017128656070773895
-6300       -0.0063716735155715182
551           13.166578443260125
551           3.0590750070570358
116.74847953690842      -5.2325742399855768e-05          -8.1243125107189496                            0                            0
-5.2325742399855768e-05           116.79162524762121          -32.263774787974619                            0                            0
-8.1243125107189496          -32.263774787974619           13961.190012567691                            0                            0
0                            0                            0           26.313067656536209           -2.281408165919244
0                            0                            0           -2.281408165919244           34.059192663357159
