2322
17
-2323           0.5491101570647019
-2323        0.0066685956681804982
-2323         0.027444668078295039
28           32.734448683132115
28          0.24731835438799898
39           27.122741895096055
39           19.742271488874113
45           16.355007789102267
45          -1.7739318360573977
50           19.061591123137237
50           8.2025560253650625
58           13.989039098631698
58           7.1298275099016966
177           10.022693832789807
177          -2.3121285222199295
181           9.5474336406817955
181            4.651958109839577
116.75042701009872      -0.00057881351774778655          -6.9300822660688253                            0                            0                            0                            0                            0                            0                            0                            0                            0                            0                            0                            0                            0                            0
-0.00057881351774778482            116.7986771408975          -28.622165713407306                            0                            0                            0                            0                            0                            0                            0                            0                            0                            0                            0                            0                            0                            0
-6.9300822660688262          -28.622165713407306           14094.690871243542                            0                            0                            0                            0                            0                            0                            0                            0                            0                            0                            0                            0                            0                            0
0                            0                            0           6.5894303272996311        -0.023335479989430419                            0                            0                            0                            0                            0                            0                            0                            0                            0                            0                            0                            0
0                            0                            0        -0.023335479989430419           3.9156528208399539                            0                            0                            0                            0                            0                            0                            0                            0                            0                            0                            0                            0
0                            0                            0                            0                            0           5.1262931755495575           1.2687437904740031                            0                            0                            0                            0                            0                            0                            0                            0                            0                            0
0                            0                            0                            0                            0           1.2687437904740035           4.6330555551317625                            0                            0                            0                            0                            0                            0                            0                            0                            0                            0
0                            0                            0                            0                            0                            0                            0           19.298552042612048          0.14541755794927563                            0                            0                            0                            0                            0                            0                            0                            0
0                            0                            0                            0                            0                            0                            0          0.14541755794927563           20.076425894783011                            0                            0                            0                            0                            0                            0                            0                            0
0                            0                            0                            0                            0                            0                            0                            0                            0           13.118342262122058          0.96207964488472864                            0                            0                            0                            0                            0                            0
0                            0                            0                            0                            0                            0                            0                            0                            0          0.96207964488472864           11.694539285538198                            0                            0                            0                            0                            0                            0
0                            0                            0                            0                            0                            0                            0                            0                            0                            0                            0           20.878338332323814         -0.82862922854301702                            0                            0                            0                            0
0                            0                            0                            0                            0                            0                            0                            0                            0                            0                            0         -0.82862922854301702           21.616197336388684                            0                            0                            0                            0
0                            0                            0                            0                            0                            0                            0                            0                            0                            0                            0                            0                            0           41.103252989081355           13.029102773814492                            0                            0
0                            0                            0                            0                            0                            0                            0                            0                            0                            0                            0                            0                            0           13.029102773814493           64.157605786060572                            0                            0
0                            0                            0                            0                            0                            0                            0                            0                            0                            0                            0                            0                            0                            0                            0           44.696669273822096          -14.618776985801832
0                            0                            0                            0                            0                            0                            0                            0                            0                            0                            0                            0                            0                            0                            0          -14.618776985801832           54.479417986409921
