6083
7
-6084           1.2322187071211788
-6084       0.00039157646334352786
-6084       0.00090285703931028297
586           26.861503048887005
586          0.90288913435917029
588           31.472439260376017
588          -15.812093338853302
58.373116246101347      -8.4079735413293555e-06          -4.0866913643383151                            0                            0                            0                            0
-8.4079735413328249e-06           58.349700536167035          -33.767487662880377                            0                            0                            0                            0
-4.0866913643383151          -33.767487662880377            6980.877724467754                            0                            0                            0                            0
0                            0                            0           9.1346967844803562         0.051922515465102403                            0                            0
0                            0                            0         0.051922515465102417            6.160964176590773                            0                            0
0                            0                            0                            0                            0            4.999456077205565          -1.0728777041474844
0                            0                            0                            0                            0          -1.0728777041474837           3.8100444321839326
