2033
19
-2034          0.57030350097056137
-2034        0.0025343955530984998
-2034        0.0099987124897900678
239           6.6668195128645333
239           18.225736549054162
245           9.0106947905415851
245          -4.1685735948654967
251            18.92318986817213
251           -9.618355979868582
252           20.303466471822432
252        -0.077012163867133943
254            9.484950235713999
254           26.775407654819684
255           24.013025723361928
255            21.26978187734673
256           26.869775997724833
256           29.527826772583428
258           31.773514581334812
258            4.061224854567385
116.75250199654579       2.3037912552354919e-05          -7.0143108870579614                            0                            0                            0                            0                            0                            0                            0                            0                            0                            0                            0                            0                            0                            0                            0                            0
2.3037912552358389e-05           116.79653930726866          -29.548816736267675                            0                            0                            0                            0                            0                            0                            0                            0                            0                            0                            0                            0                            0                            0                            0                            0
-7.0143108870579622          -29.548816736267675           14113.708170695392                            0                            0                            0                            0                            0                            0                            0                            0                            0                            0                            0                            0                            0                            0                            0                            0
0                            0                            0           10.245670497359411          0.41474320188590336                            0                            0                            0                            0                            0                            0                            0                            0                            0                            0                            0                            0                            0                            0
0                            0                            0          0.41474320188590313           12.724744039111895                            0                            0                            0                            0                            0                            0                            0                            0                            0                            0                            0                            0                            0                            0
0                            0                            0                            0                            0           48.846227194259313           16.009873080287893                            0                            0                            0                            0                            0                            0                            0                            0                            0                            0                            0                            0
0                            0                            0                            0                            0           16.009873080287896           52.494416450728799                            0                            0                            0                            0                            0                            0                            0                            0                            0                            0                            0                            0
0                            0                            0                            0                            0                            0                            0           11.740548270847244          -1.2318237957573188                            0                            0                            0                            0                            0                            0                            0                            0                            0                            0
0                            0                            0                            0                            0                            0                            0          -1.2318237957573179           10.720072025534071                            0                            0                            0                            0                            0                            0                            0                            0                            0                            0
0                            0                            0                            0                            0                            0                            0                            0                            0            14.20129417514071        -0.076550022901403711                            0                            0                            0                            0                            0                            0                            0                            0
0                            0                            0                            0                            0                            0                            0                            0                            0        -0.076550022901403711           12.011861516227453                            0                            0                            0                            0                            0                            0                            0                            0
0                            0                            0                            0                            0                            0                            0                            0                            0                            0                            0            4.667316747772694          0.58228999442315132                            0                            0                            0                            0                            0                            0
0                            0                            0                            0                            0                            0                            0                            0                            0                            0                            0           0.5822899944231511           7.2227543042183173                            0                            0                            0                            0                            0                            0
0                            0                            0                            0                            0                            0                            0                            0                            0                            0                            0                            0                            0           5.2053329218847493           1.3352664348253074                            0                            0                            0                            0
0                            0                            0                            0                            0                            0                            0                            0                            0                            0                            0                            0                            0           1.3352664348253065           5.2752632861573572                            0                            0                            0                            0
0                            0                            0                            0                            0                            0                            0                            0                            0                            0                            0                            0                            0                            0                            0            3.208997204230434            1.034410851106937                            0                            0
0                            0                            0                            0                            0                            0                            0                            0                            0                            0                            0                            0                            0                            0                            0            1.034410851106937           3.6866223283818593                            0                            0
0                            0                            0                            0                            0                            0                            0                            0                            0                            0                            0                            0                            0                            0                            0                            0                            0           6.8026488390614768          0.34096110803283769
0                            0                            0                            0                            0                            0                            0                            0                            0                            0                            0                            0                            0                            0                            0                            0                            0          0.34096110803283758           4.1658512764979614
