2744
17
-2745          0.58098570058126198
-2745        -0.010165520109959615
-2745         -0.03819041145233841
28            7.649651864771922
28           6.1833449863545082
35           5.2530435138107983
35          -4.1017866300451278
39           6.7459452607400854
39          -14.410813740802123
47           12.724839364141557
47          -5.1437733331539999
50           18.405057405268156
50          -5.9351792732155806
58           23.524145445731811
58          -6.6862812432689811
177           30.261027027889902
177          0.96222804613770363
116.75608853592637       0.00095486370507875604          -7.5663097025114983                            0                            0                            0                            0                            0                            0                            0                            0                            0                            0                            0                            0                            0                            0
0.0009548637050787543           116.79516434802683          -30.050032597604378                            0                            0                            0                            0                            0                            0                            0                            0                            0                            0                            0                            0                            0                            0
-7.5663097025114991          -30.050032597604378           14131.583529466927                            0                            0                            0                            0                            0                            0                            0                            0                            0                            0                            0                            0                            0                            0
0                            0                            0           58.568045819343268          -15.969375163110053                            0                            0                            0                            0                            0                            0                            0                            0                            0                            0                            0                            0
0                            0                            0          -15.969375163110053           45.987037487795021                            0                            0                            0                            0                            0                            0                            0                            0                            0                            0                            0                            0
0                            0                            0                            0                            0            131.7696217556682           27.628503708051948                            0                            0                            0                            0                            0                            0                            0                            0                            0                            0
0                            0                            0                            0                            0           27.628503708051948           54.302154450795115                            0                            0                            0                            0                            0                            0                            0                            0                            0                            0
0                            0                            0                            0                            0                            0                            0           14.261953085097693         -0.29467285600337717                            0                            0                            0                            0                            0                            0                            0                            0
0                            0                            0                            0                            0                            0                            0         -0.29467285600337678           15.684759495950829                            0                            0                            0                            0                            0                            0                            0                            0
0                            0                            0                            0                            0                            0                            0                            0                            0           25.249798093620541           2.5850436812859683                            0                            0                            0                            0                            0                            0
0                            0                            0                            0                            0                            0                            0                            0                            0           2.5850436812859661           27.715803267479316                            0                            0                            0                            0                            0                            0
0                            0                            0                            0                            0                            0                            0                            0                            0                            0                            0           14.499899129654381         -0.72226397701946377                            0                            0                            0                            0
0                            0                            0                            0                            0                            0                            0                            0                            0                            0                            0         -0.72226397701946243           13.176233133628903                            0                            0                            0                            0
0                            0                            0                            0                            0                            0                            0                            0                            0                            0                            0                            0                            0           10.051741445964531         -0.95204683323777928                            0                            0
0                            0                            0                            0                            0                            0                            0                            0                            0                            0                            0                            0                            0         -0.95204683323777928           7.7825309783064016                            0                            0
0                            0                            0                            0                            0                            0                            0                            0                            0                            0                            0                            0                            0                            0                            0           7.5113841839195148         0.049422472115346221
0                            0                            0                            0                            0                            0                            0                            0                            0                            0                            0                            0                            0                            0                            0           0.0494224721153462            4.680835325193744
