1666
23
-1667          0.58005607072067011
-1667       -0.0007949648011337018
-1667       -0.0026669251181665656
10           21.150463673533103
10           30.586525633588863
80            12.06290653802751
80            17.67224255098769
82           22.599835478402206
82           20.159456618808726
83           36.591497146033774
83          -1.5068371365115629
85           6.1190519466514459
85           11.050781506267954
90           5.2379661590509672
90           21.349887454168012
97           10.335510690395514
97          -5.7209473619059441
101           18.693097066424496
101          -8.7285044837336319
102           14.549147595544516
102          -24.267343837700309
104           18.021129850820316
104          -21.016000175459059
116.75322021557062       0.00041432400898937238          -7.1772516390308088                            0                            0                            0                            0                            0                            0                            0                            0                            0                            0                            0                            0                            0                            0                            0                            0                            0                            0                            0                            0
0.00041432400898937238           116.79565983300178          -29.958127172962271                            0                            0                            0                            0                            0                            0                            0                            0                            0                            0                            0                            0                            0                            0                            0                            0                            0                            0                            0                            0
-7.177251639030807          -29.958127172962271           14114.629094853746                            0                            0                            0                            0                            0                            0                            0                            0                            0                            0                            0                            0                            0                            0                            0                            0                            0                            0                            0                            0
0                            0                            0           3.2888765322791293          0.98539305999932247                            0                            0                            0                            0                            0                            0                            0                            0                            0                            0                            0                            0                            0                            0                            0                            0                            0                            0
0                            0                            0          0.98539305999932236           4.4267104291755253                            0                            0                            0                            0                            0                            0                            0                            0                            0                            0                            0                            0                            0                            0                            0                            0                            0                            0
0                            0                            0                            0                            0           9.5608660604166165           1.0979215180691506                            0                            0                            0                            0                            0                            0                            0                            0                            0                            0                            0                            0                            0                            0                            0                            0
0                            0                            0                            0                            0           1.0979215180691506           11.307518478725958                            0                            0                            0                            0                            0                            0                            0                            0                            0                            0                            0                            0                            0                            0                            0                            0
0                            0                            0                            0                            0                            0                            0           5.7654026663763949            1.392734569110416                            0                            0                            0                            0                            0                            0                            0                            0                            0                            0                            0                            0                            0                            0
0                            0                            0                            0                            0                            0                            0            1.392734569110416           5.8870188753936796                            0                            0                            0                            0                            0                            0                            0                            0                            0                            0                            0                            0                            0                            0
0                            0                            0                            0                            0                            0                            0                            0                            0           5.4315113842188234         -0.14640036087804326                            0                            0                            0                            0                            0                            0                            0                            0                            0                            0                            0                            0
0                            0                            0                            0                            0                            0                            0                            0                            0         -0.14640036087804326           3.0468408718762561                            0                            0                            0                            0                            0                            0                            0                            0                            0                            0                            0                            0
0                            0                            0                            0                            0                            0                            0                            0                            0                            0                            0           27.873883535962189          -1.0586840963454416                            0                            0                            0                            0                            0                            0                            0                            0                            0                            0
0                            0                            0                            0                            0                            0                            0                            0                            0                            0                            0          -1.0586840963454409           23.333172793469778                            0                            0                            0                            0                            0                            0                            0                            0                            0                            0
0                            0                            0                            0                            0                            0                            0                            0                            0                            0                            0                            0                            0           7.5292274869675184          0.20583080137928442                            0                            0                            0                            0                            0                            0                            0                            0
0                            0                            0                            0                            0                            0                            0                            0                            0                            0                            0                            0                            0          0.20583080137928456           10.458351991103987                            0                            0                            0                            0                            0                            0                            0                            0
0                            0                            0                            0                            0                            0                            0                            0                            0                            0                            0                            0                            0                            0                            0            33.56305480561938           6.2921272167199431                            0                            0                            0                            0                            0                            0
0                            0                            0                            0                            0                            0                            0                            0                            0                            0                            0                            0                            0                            0                            0           6.2921272167199431           34.222567634408733                            0                            0                            0                            0                            0                            0
0                            0                            0                            0                            0                            0                            0                            0                            0                            0                            0                            0                            0                            0                            0                            0                            0           12.491084616175437          -1.1247490100483664                            0                            0                            0                            0
0                            0                            0                            0                            0                            0                            0                            0                            0                            0                            0                            0                            0                            0                            0                            0                            0          -1.1247490100483664           11.369526276002599                            0                            0                            0                            0
0                            0                            0                            0                            0                            0                            0                            0                            0                            0                            0                            0                            0                            0                            0                            0                            0                            0                            0           4.9460792754587706          -1.0242568039179734                            0                            0
0                            0                            0                            0                            0                            0                            0                            0                            0                            0                            0                            0                            0                            0                            0                            0                            0                            0                            0          -1.0242568039179734           6.8563491189240793                            0                            0
0                            0                            0                            0                            0                            0                            0                            0                            0                            0                            0                            0                            0                            0                            0                            0                            0                            0                            0                            0                            0           5.8054835777034359          -1.3211943244432163
0                            0                            0                            0                            0                            0                            0                            0                            0                            0                            0                            0                            0                            0                            0                            0                            0                            0                            0                            0                            0          -1.3211943244432163           6.9271110137938505
