820
19
-821          0.80665183531921947
-821         -0.00362694655261534
-821        -0.010854387885318763
2           14.017710651667235
2          -3.8984676154340754
3           14.285091681474437
3           3.6117499218666178
5           9.0222011878803237
5           8.8083860339757756
6           7.2633319156906744
6           16.887788211865622
9           33.437305357541369
9          -5.6687283858041564
12           24.821464186103146
12          -22.462728741238973
17           8.7352503359069598
17           -19.01134486886636
18           24.617588634449753
18            2.874143336605488
117.26919321951463       0.00034939762244576983           -13.04917864532419                            0                            0                            0                            0                            0                            0                            0                            0                            0                            0                            0                            0                            0                            0                            0                            0
0.00034939762244576983            117.3155200071361          -42.017902186740272                            0                            0                            0                            0                            0                            0                            0                            0                            0                            0                            0                            0                            0                            0                            0                            0
-13.04917864532419          -42.017902186740272           13212.187859692267                            0                            0                            0                            0                            0                            0                            0                            0                            0                            0                            0                            0                            0                            0                            0                            0
0                            0                            0           23.005083221221724           1.4760647237528977                            0                            0                            0                            0                            0                            0                            0                            0                            0                            0                            0                            0                            0                            0
0                            0                            0           1.4760647237528977           25.806549463260296                            0                            0                            0                            0                            0                            0                            0                            0                            0                            0                            0                            0                            0                            0
0                            0                            0                            0                            0           23.139678098125515          -1.2464484828298752                            0                            0                            0                            0                            0                            0                            0                            0                            0                            0                            0                            0
0                            0                            0                            0                            0          -1.2464484828298741            26.97840279394465                            0                            0                            0                            0                            0                            0                            0                            0                            0                            0                            0                            0
0                            0                            0                            0                            0                            0                            0            31.57517859375498          -3.8672169219952455                            0                            0                            0                            0                            0                            0                            0                            0                            0                            0
0                            0                            0                            0                            0                            0                            0          -3.8672169219952455           27.886042890898928                            0                            0                            0                            0                            0                            0                            0                            0                            0                            0
0                            0                            0                            0                            0                            0                            0                            0                            0           11.793721450857635          0.46278302072009453                            0                            0                            0                            0                            0                            0                            0                            0
0                            0                            0                            0                            0                            0                            0                            0                            0          0.46278302072009453           13.872576816609254                            0                            0                            0                            0                            0                            0                            0                            0
0                            0                            0                            0                            0                            0                            0                            0                            0                            0                            0           6.0526389627312565         -0.51481598594252953                            0                            0                            0                            0                            0                            0
0                            0                            0                            0                            0                            0                            0                            0                            0                            0                            0          -0.5148159859425292           3.6846475457952335                            0                            0                            0                            0                            0                            0
0                            0                            0                            0                            0                            0                            0                            0                            0                            0                            0                            0                            0           4.5356317378827917          -1.2565330471682838                            0                            0                            0                            0
0                            0                            0                            0                            0                            0                            0                            0                            0                            0                            0                            0                            0          -1.2565330471682836           4.7554965318286113                            0                            0                            0                            0
0                            0                            0                            0                            0                            0                            0                            0                            0                            0                            0                            0                            0                            0                            0           8.2773242757870626          -0.6952528624522939                            0                            0
0                            0                            0                            0                            0                            0                            0                            0                            0                            0                            0                            0                            0                            0                            0          -0.6952528624522939           10.838317236779179                            0                            0
0                            0                            0                            0                            0                            0                            0                            0                            0                            0                            0                            0                            0                            0                            0                            0                            0            10.38643742718105          0.33301418232331087
0                            0                            0                            0                            0                            0                            0                            0                            0                            0                            0                            0                            0                            0                            0                            0                            0          0.33301418232331076           7.5015516341252821
