5258
11
-5259          0.15064321678428777
-5259      -0.00015817163057421174
-5259       -0.0023444546302346125
9           10.322884365953424
9          -11.064508965791839
33            10.40024016704545
33          -26.052333037414051
39           5.2306268361092796
39           10.821746268129949
60           11.895900849287713
60           16.777978806667001
117.34044912931911       1.2717997987554528e-05         -0.47599257978765575                            0                            0                            0                            0                            0                            0                            0                            0
1.2717997987554501e-05           117.36925078112998          -7.4597344226588218                            0                            0                            0                            0                            0                            0                            0                            0
-0.47599257978765575          -7.4597344226588218           15322.668083325898                            0                            0                            0                            0                            0                            0                            0                            0
0                            0                            0           18.557116568579659          0.06606873951921112                            0                            0                            0                            0                            0                            0
0                            0                            0          0.06606873951921112           18.477720361127886                            0                            0                            0                            0                            0                            0
0                            0                            0                            0                            0           4.5464028167762942         -0.65226969148518943                            0                            0                            0                            0
0                            0                            0                            0                            0         -0.65226969148518943           6.9998845594152597                            0                            0                            0                            0
0                            0                            0                            0                            0                            0                            0           30.095621978709552          -0.8602401101593089                            0                            0
0                            0                            0                            0                            0                            0                            0         -0.86024011015930846           24.095594408027825                            0                            0
0                            0                            0                            0                            0                            0                            0                            0                            0           10.452609640798482           1.0629803573886261
0                            0                            0                            0                            0                            0                            0                            0                            0            1.062980357388627           12.054635947778312
