2527
17
-2528          0.52402720487673249
-2528         0.012569643981059664
-2528         0.054138087945471668
102           22.713463289022339
102           19.105862555423645
104           22.493159913671928
104           24.025666268708964
108           15.917052840484644
108           8.5333400305859399
134           17.132087350375837
134          -3.6459333232483599
138            17.93013581146268
138          -16.818901217500802
142           25.271328069657475
142          -7.1104784178160312
143           18.205778483631779
143          -28.433635438244657
117.29056959643218       -0.0015341327808883337          -7.6776761368358528                            0                            0                            0                            0                            0                            0                            0                            0                            0                            0                            0                            0                            0                            0
-0.0015341327808883337           117.34932648997909          -27.618044987696948                            0                            0                            0                            0                            0                            0                            0                            0                            0                            0                            0                            0                            0                            0
-7.6776761368358537          -27.618044987696948           13994.659214116047                            0                            0                            0                            0                            0                            0                            0                            0                            0                            0                            0                            0                            0                            0
0                            0                            0           6.0978045954380997           1.4141566689366454                            0                            0                            0                            0                            0                            0                            0                            0                            0                            0                            0                            0
0                            0                            0           1.4141566689366454           6.0484362024881779                            0                            0                            0                            0                            0                            0                            0                            0                            0                            0                            0                            0
0                            0                            0                            0                            0            4.639751969496861           1.2658211335049887                            0                            0                            0                            0                            0                            0                            0                            0                            0                            0
0                            0                            0                            0                            0           1.2658211335049891           5.2242276402584737                            0                            0                            0                            0                            0                            0                            0                            0                            0                            0
0                            0                            0                            0                            0                            0                            0           16.253685705714727          0.50120952293101717                            0                            0                            0                            0                            0                            0                            0                            0
0                            0                            0                            0                            0                            0                            0          0.50120952293101628           15.828184065457432                            0                            0                            0                            0                            0                            0                            0                            0
0                            0                            0                            0                            0                            0                            0                            0                            0           17.336466573397185         -0.16822818767328757                            0                            0                            0                            0                            0                            0
0                            0                            0                            0                            0                            0                            0                            0                            0         -0.16822818767328757           16.846919509513516                            0                            0                            0                            0                            0                            0
0                            0                            0                            0                            0                            0                            0                            0                            0                            0                            0           7.7577255811878967          -1.4618155388541152                            0                            0                            0                            0
0                            0                            0                            0                            0                            0                            0                            0                            0                            0                            0          -1.4618155388541139           8.3525450466142228                            0                            0                            0                            0
0                            0                            0                            0                            0                            0                            0                            0                            0                            0                            0                            0                            0           8.9635451265736865         -0.93770073857118597                            0                            0
0                            0                            0                            0                            0                            0                            0                            0                            0                            0                            0                            0                            0         -0.93770073857118597           6.6476171750889375                            0                            0
0                            0                            0                            0                            0                            0                            0                            0                            0                            0                            0                            0                            0                            0                            0           3.6264716025150325         -0.97437720427461794
0                            0                            0                            0                            0                            0                            0                            0                            0                            0                            0                            0                            0                            0                            0         -0.97437720427461794           5.0949633797329836
