5660
13
-5661          0.87613237719153081
-5661         0.001416460860439553
-5661        0.0034913417342900665
588           12.619343214697576
588           13.482314352166972
589           18.185756801960583
589           14.780588214888382
592            31.54119550778185
592           11.017776114763146
602           20.429825410076752
602           20.342489248525325
604           44.854795181745288
604           9.2307172351321611
116.70746237786042       -0.0010057311460206081          -14.886126240446519                            0                            0                            0                            0                            0                            0                            0                            0                            0                            0
-0.001005731146020615           116.75630642161455          -45.515249615355565                            0                            0                            0                            0                            0                            0                            0                            0                            0                            0
-14.886126240446517          -45.515249615355565           12769.389472357358                            0                            0                            0                            0                            0                            0                            0                            0                            0                            0
0                            0                            0            13.88635342624471          0.84905398340214444                            0                            0                            0                            0                            0                            0                            0                            0
0                            0                            0          0.84905398340214522            14.55525594309411                            0                            0                            0                            0                            0                            0                            0                            0
0                            0                            0                            0                            0           9.4536336506308416           1.4624019768222414                            0                            0                            0                            0                            0                            0
0                            0                            0                            0                            0            1.462401976822242           9.4281092732134955                            0                            0                            0                            0                            0                            0
0                            0                            0                            0                            0                            0                            0           6.0196457390425238          0.86939119740900028                            0                            0                            0                            0
0                            0                            0                            0                            0                            0                            0          0.86939119740899984           4.0543097590750952                            0                            0                            0                            0
0                            0                            0                            0                            0                            0                            0                            0                            0            6.076655123092225           1.4108175852783549                            0                            0
0                            0                            0                            0                            0                            0                            0                            0                            0           1.4108175852783549           6.5741855333773049                            0                            0
0                            0                            0                            0                            0                            0                            0                            0                            0                            0                            0           3.6198660562022682          0.37371561693176858
0                            0                            0                            0                            0                            0                            0                            0                            0                            0                            0          0.37371561693176858           1.9411080189801599
