3727
15
-3728         0.030360571035271705
-3728      -3.1235938565541755e-05
-3728       -0.0023336174886588235
254           6.5701662349402454
254           19.743441548066308
256           7.9883383254411573
256           2.1577085513231178
263           22.038824345385951
263           -6.692342182060667
271           32.684342615617382
271           3.1559359795217095
275           37.614731766636559
275           8.1560181574444606
284           39.555421569890093
284                          0.5
116.7974586550943       2.1940870091909631e-05          0.22611511704044535                            0                            0                            0                            0                            0                            0                            0                            0                            0                            0                            0                            0
2.1940870091909624e-05           116.82235582020955          -1.8408376989300756                            0                            0                            0                            0                            0                            0                            0                            0                            0                            0                            0                            0
0.22611511704044535          -1.8408376989300756           15333.904356030995                            0                            0                            0                            0                            0                            0                            0                            0                            0                            0                            0                            0
0                            0                            0           8.7412058472940632          0.40496191986632968                            0                            0                            0                            0                            0                            0                            0                            0                            0                            0
0                            0                            0          0.40496191986632968           11.475462906839384                            0                            0                            0                            0                            0                            0                            0                            0                            0                            0
0                            0                            0                            0                            0           62.597155605396196          -38.551089667254757                            0                            0                            0                            0                            0                            0                            0                            0
0                            0                            0                            0                            0          -38.551089667254757           145.27912019843583                            0                            0                            0                            0                            0                            0                            0                            0
0                            0                            0                            0                            0                            0                            0           11.009128773110026         -0.97882542753310886                            0                            0                            0                            0                            0                            0
0                            0                            0                            0                            0                            0                            0         -0.97882542753310886           8.9098052509839469                            0                            0                            0                            0                            0                            0
0                            0                            0                            0                            0                            0                            0                            0                            0           6.5434781941117928          0.24322895383044282                            0                            0                            0                            0
0                            0                            0                            0                            0                            0                            0                            0                            0          0.24322895383044288           3.9187861987441321                            0                            0                            0                            0
0                            0                            0                            0                            0                            0                            0                            0                            0                            0                            0            4.895988062011452          0.49058045166298481                            0                            0
0                            0                            0                            0                            0                            0                            0                            0                            0                            0                            0          0.49058045166298464           2.8389414504678192                            0                            0
0                            0                            0                            0                            0                            0                            0                            0                            0                            0                            0                            0                            0           4.7723830518092027                            0
0                            0                            0                            0                            0                            0                            0                            0                            0                            0                            0                            0                            0                            0           2.5649313432155898
