369
17
-370          0.40155388839224809
-370        0.0056685356738418041
-370         0.030552249413249855
96           7.0594507718144763
96           5.6976148978501353
103           15.676240456998663
103           8.1519189874535094
107           10.741945515693883
107           15.429940338616021
108           13.185823535175796
108           29.024057402620176
110           7.0872188496826274
110           -3.077729195104562
117           32.804194189843564
117           12.969777917322441
130           34.742328971842696
130          -13.447512203584136
116.76564757165812      -0.00060850639282071604          -4.2743985321818352                            0                            0                            0                            0                            0                            0                            0                            0                            0                            0                            0                            0                            0                            0
-0.0006085063928207169            116.8100945658795           -21.00041230986135                            0                            0                            0                            0                            0                            0                            0                            0                            0                            0                            0                            0                            0                            0
-4.2743985321818352           -21.00041230986135           14582.286851086907                            0                            0                            0                            0                            0                            0                            0                            0                            0                            0                            0                            0                            0                            0
0                            0                            0           73.089895556519593          -21.912596302753244                            0                            0                            0                            0                            0                            0                            0                            0                            0                            0                            0                            0
0                            0                            0          -21.912596302753247            52.18635096790868                            0                            0                            0                            0                            0                            0                            0                            0                            0                            0                            0                            0
0                            0                            0                            0                            0           16.935459972783672          0.33921452865735424                            0                            0                            0                            0                            0                            0                            0                            0                            0                            0
0                            0                            0                            0                            0          0.33921452865735524           16.626282038849141                            0                            0                            0                            0                            0                            0                            0                            0                            0                            0
0                            0                            0                            0                            0                            0                            0           12.484928425403037          0.83174419540660061                            0                            0                            0                            0                            0                            0                            0                            0
0                            0                            0                            0                            0                            0                            0          0.83174419540660061           13.880760920602082                            0                            0                            0                            0                            0                            0                            0                            0
0                            0                            0                            0                            0                            0                            0                            0                            0           3.8940944810928362          0.77327608206299525                            0                            0                            0                            0                            0                            0
0                            0                            0                            0                            0                            0                            0                            0                            0          0.77327608206299558           5.9841397771463498                            0                            0                            0                            0                            0                            0
0                            0                            0                            0                            0                            0                            0                            0                            0                            0                            0           95.404622992489095           46.397700428681716                            0                            0                            0                            0
0                            0                            0                            0                            0                            0                            0                            0                            0                            0                            0           46.397700428681731           88.101466559539944                            0                            0                            0                            0
0                            0                            0                            0                            0                            0                            0                            0                            0                            0                            0                            0                            0           5.3931245441427871          0.90369504590900751                            0                            0
0                            0                            0                            0                            0                            0                            0                            0                            0                            0                            0                            0                            0          0.90369504590900751           3.6779753887759385                            0                            0
0                            0                            0                            0                            0                            0                            0                            0                            0                            0                            0                            0                            0                            0                            0           4.7822218948329773         -0.87189098920379249
0                            0                            0                            0                            0                            0                            0                            0                            0                            0                            0                            0                            0                            0                            0         -0.87189098920379238           3.2394539226584387
