1444
23
-1445          0.78363994110400381
-1445       -0.0016116897152695419
-1445       -0.0049636039855864679
1           30.831576367172115
1           12.262360166647165
2            21.92853228122566
2           16.415835648499165
3           18.503122859948803
3           9.8796637202883524
4           32.597860292354035
4           1.7582149529699449
5           21.166246371869651
5           2.9434775774439808
6           19.763468236896571
6          -5.0035494701017704
7           31.711608281449145
7          -5.1827499314628778
11           13.993143185572832
11           -18.91199224749435
18            9.422377578102461
18           14.642731099042658
33           18.859718222562545
33           31.763491593140699
116.72384141780711      -0.00061344968020607404          -12.322591866940444                            0                            0                            0                            0                            0                            0                            0                            0                            0                            0                            0                            0                            0                            0                            0                            0                            0                            0                            0                            0
-0.00061344968020607404           116.77148971306141          -40.661257773987707                            0                            0                            0                            0                            0                            0                            0                            0                            0                            0                            0                            0                            0                            0                            0                            0                            0                            0                            0                            0
-12.322591866940444          -40.661257773987707           13242.224213453088                            0                            0                            0                            0                            0                            0                            0                            0                            0                            0                            0                            0                            0                            0                            0                            0                            0                            0                            0                            0
0                            0                            0            5.990528398641743          0.96432635382785514                            0                            0                            0                            0                            0                            0                            0                            0                            0                            0                            0                            0                            0                            0                            0                            0                            0                            0
0                            0                            0          0.96432635382785492           4.1920306528325426                            0                            0                            0                            0                            0                            0                            0                            0                            0                            0                            0                            0                            0                            0                            0                            0                            0                            0
0                            0                            0                            0                            0           7.2994156224912663           1.4605753703358502                            0                            0                            0                            0                            0                            0                            0                            0                            0                            0                            0                            0                            0                            0                            0                            0
0                            0                            0                            0                            0           1.4605753703358499           6.9148388316525677                            0                            0                            0                            0                            0                            0                            0                            0                            0                            0                            0                            0                            0                            0                            0                            0
0                            0                            0                            0                            0                            0                            0           12.545023995149815           1.1294234302488679                            0                            0                            0                            0                            0                            0                            0                            0                            0                            0                            0                            0                            0                            0
0                            0                            0                            0                            0                            0                            0           1.1294234302488688           11.491706405500347                            0                            0                            0                            0                            0                            0                            0                            0                            0                            0                            0                            0                            0                            0
0                            0                            0                            0                            0                            0                            0                            0                            0           6.6219853728812055          0.11686078804690143                            0                            0                            0                            0                            0                            0                            0                            0                            0                            0                            0                            0
0                            0                            0                            0                            0                            0                            0                            0                            0          0.11686078804690142           3.9505355338452208                            0                            0                            0                            0                            0                            0                            0                            0                            0                            0                            0                            0
0                            0                            0                            0                            0                            0                            0                            0                            0                            0                            0           13.119604457306687          0.34711629030374813                            0                            0                            0                            0                            0                            0                            0                            0                            0                            0
0                            0                            0                            0                            0                            0                            0                            0                            0                            0                            0          0.34711629030374813           10.698527728311154                            0                            0                            0                            0                            0                            0                            0                            0                            0                            0
0                            0                            0                            0                            0                            0                            0                            0                            0                            0                            0                            0                            0           13.568375507912856         -0.71634053350156912                            0                            0                            0                            0                            0                            0                            0                            0
0                            0                            0                            0                            0                            0                            0                            0                            0                            0                            0                            0                            0         -0.71634053350156912           11.734627364600739                            0                            0                            0                            0                            0                            0                            0                            0
0                            0                            0                            0                            0                            0                            0                            0                            0                            0                            0                            0                            0                            0                            0           6.6376555519001856         -0.52839030041101109                            0                            0                            0                            0                            0                            0
0                            0                            0                            0                            0                            0                            0                            0                            0                            0                            0                            0                            0                            0                            0         -0.52839030041101087           4.1480364732969814                            0                            0                            0                            0                            0                            0
0                            0                            0                            0                            0                            0                            0                            0                            0                            0                            0                            0                            0                            0                            0                            0                            0           7.4696612219749081          -1.2289788894476479                            0                            0                            0                            0
0                            0                            0                            0                            0                            0                            0                            0                            0                            0                            0                            0                            0                            0                            0                            0                            0          -1.2289788894476474            9.158968800456357                            0                            0                            0                            0
0                            0                            0                            0                            0                            0                            0                            0                            0                            0                            0                            0                            0                            0                            0                            0                            0                            0                            0           14.372463452602577          0.53509433710334309                            0                            0
0                            0                            0                            0                            0                            0                            0                            0                            0                            0                            0                            0                            0                            0                            0                            0                            0                            0                            0          0.53509433710334386           15.500207007782363                            0                            0
0                            0                            0                            0                            0                            0                            0                            0                            0                            0                            0                            0                            0                            0                            0                            0                            0                            0                            0                            0                            0           3.1546659624226008          0.89127848707159441
0                            0                            0                            0                            0                            0                            0                            0                            0                            0                            0                            0                            0                            0                            0                            0                            0                            0                            0                            0                            0          0.89127848707159441           4.5725758031628212
