4233
13
-4234          0.21520602569391961
-4234       -0.0044189114852463563
-4234        -0.045763755943938812
169           8.1498771309156304
169            6.459760411979464
173           7.4419093758876809
173          -14.187116305146461
174           23.666280113816889
174          -15.892984276378151
182           6.8776435643566112
182         -0.24367842300324283
233           14.572501872748104
233            20.37731573668902
116.79332024486011       0.00050700946863445589          -1.2052001788588063                            0                            0                            0                            0                            0                            0                            0                            0                            0                            0
0.00050700946863445578           116.81895507118303           -11.17057773833031                            0                            0                            0                            0                            0                            0                            0                            0                            0                            0
-1.205200178858806           -11.17057773833031           15075.389463842605                            0                            0                            0                            0                            0                            0                            0                            0                            0                            0
0                            0                            0           50.653533325696245          -12.895108562169337                            0                            0                            0                            0                            0                            0                            0                            0
0                            0                            0          -12.895108562169337            42.52190910146625                            0                            0                            0                            0                            0                            0                            0                            0
0                            0                            0                            0                            0           14.415535784784861          -0.3517668528651115                            0                            0                            0                            0                            0                            0
0                            0                            0                            0                            0         -0.35176685286511111           15.738690244414869                            0                            0                            0                            0                            0                            0
0                            0                            0                            0                            0                            0                            0            6.652660342877553          -1.4097136904642855                            0                            0                            0                            0
0                            0                            0                            0                            0                            0                            0          -1.4097136904642849           6.1046191769813092                            0                            0                            0                            0
0                            0                            0                            0                            0                            0                            0                            0                            0           72.011006660856992           60.372001758461749                            0                            0
0                            0                            0                            0                            0                            0                            0                            0                            0           60.372001758461757           308.98445643992193                            0                            0
0                            0                            0                            0                            0                            0                            0                            0                            0                            0                            0           7.0958672569611911            1.250460458898115
0                            0                            0                            0                            0                            0                            0                            0                            0                            0                            0            1.250460458898115           8.7199842909645486
