2197
21
-2198          0.67126846119450156
-2198        0.0011084590740816187
-2198        0.0036903059698373789
191           38.607954465695528
191          -20.220455516972148
225           31.045996879330939
225          -30.318603211264829
236           22.219426766753401
236          -14.835909359963525
239           12.713480704375367
239          -3.2003688669506274
245           21.597134737802964
245           17.260686742727458
248           27.007473063038088
248          -24.408415325743217
251           15.634999855201594
251           27.126765629411924
252           9.8059818647103576
252           19.611972761250371
254           5.9529154492194998
254          -9.3013881945330574
116.73869338675006      -0.00083106309881578189          -9.4707852709209206                            0                            0                            0                            0                            0                            0                            0                            0                            0                            0                            0                            0                            0                            0                            0                            0                            0                            0
-0.00083106309881577842           116.78649458116656          -34.798482060505776                            0                            0                            0                            0                            0                            0                            0                            0                            0                            0                            0                            0                            0                            0                            0                            0                            0                            0
-9.4707852709209188          -34.798482060505776           13702.811564186279                            0                            0                            0                            0                            0                            0                            0                            0                            0                            0                            0                            0                            0                            0                            0                            0                            0                            0
0                            0                            0           3.4157207654242807         -0.84293226561953705                            0                            0                            0                            0                            0                            0                            0                            0                            0                            0                            0                            0                            0                            0                            0                            0
0                            0                            0         -0.84293226561953694            2.500371009369744                            0                            0                            0                            0                            0                            0                            0                            0                            0                            0                            0                            0                            0                            0                            0                            0
0                            0                            0                            0                            0           2.7657951408761137          -0.9347548482772059                            0                            0                            0                            0                            0                            0                            0                            0                            0                            0                            0                            0                            0                            0
0                            0                            0                            0                            0          -0.9347548482772059           2.9953420680712686                            0                            0                            0                            0                            0                            0                            0                            0                            0                            0                            0                            0                            0                            0
0                            0                            0                            0                            0                            0                            0           7.4520578904525774          -1.4511682238515979                            0                            0                            0                            0                            0                            0                            0                            0                            0                            0                            0                            0
0                            0                            0                            0                            0                            0                            0          -1.4511682238515979           6.9141416251652839                            0                            0                            0                            0                            0                            0                            0                            0                            0                            0                            0                            0
0                            0                            0                            0                            0                            0                            0                            0                            0           27.203675456689158           3.2750314180361557                            0                            0                            0                            0                            0                            0                            0                            0                            0                            0
0                            0                            0                            0                            0                            0                            0                            0                            0           3.2750314180361575           33.753738292761469                            0                            0                            0                            0                            0                            0                            0                            0                            0                            0
0                            0                            0                            0                            0                            0                            0                            0                            0                            0                            0           7.0428405457387058           1.4643036922077342                            0                            0                            0                            0                            0                            0                            0                            0
0                            0                            0                            0                            0                            0                            0                            0                            0                            0                            0           1.4643036922077333           6.8637192447158011                            0                            0                            0                            0                            0                            0                            0                            0
0                            0                            0                            0                            0                            0                            0                            0                            0                            0                            0                            0                            0           3.9099519916712637          -1.1579560628608789                            0                            0                            0                            0                            0                            0
0                            0                            0                            0                            0                            0                            0                            0                            0                            0                            0                            0                            0          -1.1579560628608794           4.0718963433643056                            0                            0                            0                            0                            0                            0
0                            0                            0                            0                            0                            0                            0                            0                            0                            0                            0                            0                            0                            0                            0            4.304533394140317          0.98882188643870617                            0                            0                            0                            0
0                            0                            0                            0                            0                            0                            0                            0                            0                            0                            0                            0                            0                            0                            0          0.98882188643870628           6.0852118454195763                            0                            0                            0                            0
0                            0                            0                            0                            0                            0                            0                            0                            0                            0                            0                            0                            0                            0                            0                            0                            0           8.4376082338745313          0.83375428550406794                            0                            0
0                            0                            0                            0                            0                            0                            0                            0                            0                            0                            0                            0                            0                            0                            0                            0                            0          0.83375428550406794           10.819057275785195                            0                            0
0                            0                            0                            0                            0                            0                            0                            0                            0                            0                            0                            0                            0                            0                            0                            0                            0                            0                            0           32.211876169337053           1.6205856084360701
0                            0                            0                            0                            0                            0                            0                            0                            0                            0                            0                            0                            0                            0                            0                            0                            0                            0                            0           1.6205856084360708           25.261162064198363
