4028
11
-4029          0.18712880681624799
-4029       0.00097139373206505861
-4029         0.011795341105209283
236           47.087567268825516
236           3.1488042865047308
255           30.275238602624036
255            30.97928543024122
256           22.423804185656291
256           27.882093983632842
490           13.949843605119884
490          -36.171271342379015
116.78613999279168      -0.00015218077215758009          -1.1202493987397051                            0                            0                            0                            0                            0                            0                            0                            0
-0.00015218077215757998           116.81986292287415          -9.9229447740622252                            0                            0                            0                            0                            0                            0                            0                            0
-1.1202493987397053          -9.9229447740622252           15176.444251324681                            0                            0                            0                            0                            0                            0                            0                            0
0                            0                            0           3.5017874985782287          0.10752326700820126                            0                            0                            0                            0                            0                            0
0                            0                            0          0.10752326700820121           1.7503740274134305                            0                            0                            0                            0                            0                            0
0                            0                            0                            0                            0           2.8418633088064502          0.95375593572871442                            0                            0                            0                            0
0                            0                            0                            0                            0          0.95375593572871442           3.1099466194257976                            0                            0                            0                            0
0                            0                            0                            0                            0                            0                            0           3.7470014775469229           1.1095724483704106                            0                            0
0                            0                            0                            0                            0                            0                            0           1.1095724483704106           4.6211458992805694                            0                            0
0                            0                            0                            0                            0                            0                            0                            0                            0           2.4141725164867247         -0.53138628772007357
0                            0                            0                            0                            0                            0                            0                            0                            0         -0.53138628772007357           4.1829231081965785
