5443
9
-5444          0.64445280138395544
-5444       -0.0030791185732250916
-5444        -0.011569127133013477
121           18.891346289854962
121            4.761840426053622
134           15.515945926913911
134           17.575907283671338
138           27.606152760399553
138           17.183251769367839
116.74621663802573       3.9789961974172339e-05          -8.6491564015433209                            0                            0                            0                            0                            0                            0
3.9789961974172339e-05           116.78914884120759          -33.336147947778841                            0                            0                            0                            0                            0                            0
-8.6491564015433209          -33.336147947778841           13884.713370994497                            0                            0                            0                            0                            0                            0
0                            0                            0           15.005015417948297            0.476124683428644                            0                            0                            0                            0
0                            0                            0            0.476124683428644           13.451085682074909                            0                            0                            0                            0
0                            0                            0                            0                            0            8.592894804340137           1.3769508338778882                            0                            0
0                            0                            0                            0                            0           1.3769508338778882            9.650018610615632                            0                            0
0                            0                            0                            0                            0                            0                            0           5.6687469624913653            1.252276812280245
0                            0                            0                            0                            0                            0                            0           1.2522768122802448           4.7571639930278158
