6728
17
-6729          0.74764458344538021
-6729       -0.0015299800846613814
-6729         -0.00472350028979394
1           11.580085061147534
1           3.9321195687569843
4           18.161201470400751
4          -4.5926505359746921
5           7.6354042265547202
5          -9.0424603157512049
7           20.990648357512718
7          -10.999787577230865
10           22.238340024029082
10          -2.1763319315544853
17           5.8669247912306286
17           18.816703814890555
82           26.100618119594852
82           7.5376638601385526
116.72897161558545      -0.00049304618719648446          -11.402632393122557                            0                            0                            0                            0                            0                            0                            0                            0                            0                            0                            0                            0                            0                            0
-0.00049304618719647753           116.77649315199628            -38.8868306120808                            0                            0                            0                            0                            0                            0                            0                            0                            0                            0                            0                            0                            0                            0
-11.402632393122559            -38.8868306120808           13398.669088783685                            0                            0                            0                            0                            0                            0                            0                            0                            0                            0                            0                            0                            0                            0
0                            0                            0            31.75393387555706          -5.9185160169006821                            0                            0                            0                            0                            0                            0                            0                            0                            0                            0                            0                            0
0                            0                            0          -5.9185160169006803           42.600575335972124                            0                            0                            0                            0                            0                            0                            0                            0                            0                            0                            0                            0
0                            0                            0                            0                            0           15.501691912708786         -0.49488279272914459                            0                            0                            0                            0                            0                            0                            0                            0                            0                            0
0                            0                            0                            0                            0         -0.49488279272914376           14.279433205590093                            0                            0                            0                            0                            0                            0                            0                            0                            0                            0
0                            0                            0                            0                            0                            0                            0           30.051352045352466           2.3293612580369221                            0                            0                            0                            0                            0                            0                            0                            0
0                            0                            0                            0                            0                            0                            0           2.3293612580369203           25.227103656419334                            0                            0                            0                            0                            0                            0                            0                            0
0                            0                            0                            0                            0                            0                            0                            0                            0           9.7006600059791808           -1.362172351197519                            0                            0                            0                            0                            0                            0
0                            0                            0                            0                            0                            0                            0                            0                            0          -1.3621723511975194           8.5721994816678624                            0                            0                            0                            0                            0                            0
0                            0                            0                            0                            0                            0                            0                            0                            0                            0                            0           12.125230026546003         -0.38980473094494966                            0                            0                            0                            0
0                            0                            0                            0                            0                            0                            0                            0                            0                            0                            0         -0.38980473094494988           9.4933125914888983                            0                            0                            0                            0
0                            0                            0                            0                            0                            0                            0                            0                            0                            0                            0                            0                            0           9.6940848448756167          0.30461425618160404                            0                            0
0                            0                            0                            0                            0                            0                            0                            0                            0                            0                            0                            0                            0          0.30461425618160382           12.332943448102872                            0                            0
0                            0                            0                            0                            0                            0                            0                            0                            0                            0                            0                            0                            0                            0                            0           8.6936188626550095          0.85138195952537499
0                            0                            0                            0                            0                            0                            0                            0                            0                            0                            0                            0                            0                            0                            0          0.85138195952537499           6.2618199657102886
