5707
27
-5708          0.85156971371571843
-5708       0.00099527228018670799
-5708        0.0027850323765717284
605           9.3724056400969307
605           3.5049079432098176
608           18.316478845254085
608          -12.820228726351113
609           13.606549982962086
609           17.182171496289151
612           17.792637631706299
612          -7.4279689226289669
613           9.4494901708260137
613          -2.1437266844906611
618           21.865505488782073
618          -3.3441928627598316
624           31.160141311651728
624          -9.1958165569709092
627           27.102988750591447
627           9.3362899910811699
630           31.014737383258439
630           2.8827307751408044
632           26.699480329636962
632          -6.2890593711564122
642            35.56404852700161
642          -20.537402796365551
643           33.784525193424713
643          -1.3351553772010718
116.71271536508506       4.9673777478068115e-05          -14.067039481362457                            0                            0                            0                            0                            0                            0                            0                            0                            0                            0                            0                            0                            0                            0                            0                            0                            0                            0                            0                            0                            0                            0                            0                            0
4.9673777478061176e-05           116.76007658437537          -44.044986722987751                            0                            0                            0                            0                            0                            0                            0                            0                            0                            0                            0                            0                            0                            0                            0                            0                            0                            0                            0                            0                            0                            0                            0                            0
-14.067039481362457          -44.044986722987751           12914.722202785657                            0                            0                            0                            0                            0                            0                            0                            0                            0                            0                            0                            0                            0                            0                            0                            0                            0                            0                            0                            0                            0                            0                            0                            0
0                            0                            0           47.279876093999896          -18.360363952062645                            0                            0                            0                            0                            0                            0                            0                            0                            0                            0                            0                            0                            0                            0                            0                            0                            0                            0                            0                            0                            0                            0
0                            0                            0          -18.360363952062645           71.584795690336122                            0                            0                            0                            0                            0                            0                            0                            0                            0                            0                            0                            0                            0                            0                            0                            0                            0                            0                            0                            0                            0                            0
0                            0                            0                            0                            0           10.009958872719636          -1.4342176993059228                            0                            0                            0                            0                            0                            0                            0                            0                            0                            0                            0                            0                            0                            0                            0                            0                            0                            0                            0                            0
0                            0                            0                            0                            0          -1.4342176993059228           9.7590032932846356                            0                            0                            0                            0                            0                            0                            0                            0                            0                            0                            0                            0                            0                            0                            0                            0                            0                            0                            0                            0
0                            0                            0                            0                            0                            0                            0           9.4896875340781133           1.2429826853344703                            0                            0                            0                            0                            0                            0                            0                            0                            0                            0                            0                            0                            0                            0                            0                            0                            0                            0
0                            0                            0                            0                            0                            0                            0            1.242982685334471           10.867680640638048                            0                            0                            0                            0                            0                            0                            0                            0                            0                            0                            0                            0                            0                            0                            0                            0                            0                            0
0                            0                            0                            0                            0                            0                            0                            0                            0           14.191263471511382         -0.86361996061492619                            0                            0                            0                            0                            0                            0                            0                            0                            0                            0                            0                            0                            0                            0                            0                            0
0                            0                            0                            0                            0                            0                            0                            0                            0         -0.86361996061492485           13.153433023232102                            0                            0                            0                            0                            0                            0                            0                            0                            0                            0                            0                            0                            0                            0                            0                            0
0                            0                            0                            0                            0                            0                            0                            0                            0                            0                            0            46.06786791693996           17.636612926255093                            0                            0                            0                            0                            0                            0                            0                            0                            0                            0                            0                            0                            0                            0
0                            0                            0                            0                            0                            0                            0                            0                            0                            0                            0           17.636612926255093           75.665618720214155                            0                            0                            0                            0                            0                            0                            0                            0                            0                            0                            0                            0                            0                            0
0                            0                            0                            0                            0                            0                            0                            0                            0                            0                            0                            0                            0           12.203032527857891         -0.55272061724160682                            0                            0                            0                            0                            0                            0                            0                            0                            0                            0                            0                            0
0                            0                            0                            0                            0                            0                            0                            0                            0                            0                            0                            0                            0         -0.55272061724160637            9.720170863818522                            0                            0                            0                            0                            0                            0                            0                            0                            0                            0                            0                            0
0                            0                            0                            0                            0                            0                            0                            0                            0                            0                            0                            0                            0                            0                            0           6.2617869456698081         -0.83952139256127611                            0                            0                            0                            0                            0                            0                            0                            0                            0                            0
0                            0                            0                            0                            0                            0                            0                            0                            0                            0                            0                            0                            0                            0                            0         -0.83952139256127611           4.1883417846212776                            0                            0                            0                            0                            0                            0                            0                            0                            0                            0
0                            0                            0                            0                            0                            0                            0                            0                            0                            0                            0                            0                            0                            0                            0                            0                            0           7.8252580184264255           0.9652709711696561                            0                            0                            0                            0                            0                            0                            0                            0
0                            0                            0                            0                            0                            0                            0                            0                            0                            0                            0                            0                            0                            0                            0                            0                            0           0.9652709711696561           5.6431772983643871                            0                            0                            0                            0                            0                            0                            0                            0
0                            0                            0                            0                            0                            0                            0                            0                            0                            0                            0                            0                            0                            0                            0                            0                            0                            0                            0           7.1515355576888417          0.24140595652793445                            0                            0                            0                            0                            0                            0
0                            0                            0                            0                            0                            0                            0                            0                            0                            0                            0                            0                            0                            0                            0                            0                            0                            0                            0          0.24140595652793445            4.413373132880249                            0                            0                            0                            0                            0                            0
0                            0                            0                            0                            0                            0                            0                            0                            0                            0                            0                            0                            0                            0                            0                            0                            0                            0                            0                            0                            0           8.4613396930111531         -0.80453956255701808                            0                            0                            0                            0
0                            0                            0                            0                            0                            0                            0                            0                            0                            0                            0                            0                            0                            0                            0                            0                            0                            0                            0                            0                            0         -0.80453956255701775           5.9835751242426269                            0                            0                            0                            0
0                            0                            0                            0                            0                            0                            0                            0                            0                            0                            0                            0                            0                            0                            0                            0                            0                            0                            0                            0                            0                            0                            0           3.6919618149184243         -0.94803050949229961                            0                            0
0                            0                            0                            0                            0                            0                            0                            0                            0                            0                            0                            0                            0                            0                            0                            0                            0                            0                            0                            0                            0                            0                            0         -0.94803050949229972           2.8871316623627412                            0                            0
0                            0                            0                            0                            0                            0                            0                            0                            0                            0                            0                            0                            0                            0                            0                            0                            0                            0                            0                            0                            0                            0                            0                            0                            0           6.2214238096092869         -0.15832258808424557
0                            0                            0                            0                            0                            0                            0                            0                            0                            0                            0                            0                            0                            0                            0                            0                            0                            0                            0                            0                            0                            0                            0                            0                            0         -0.15832258808424557           3.6425558001460492
