5892
11
-5893          0.35549074131779679
-5893        -0.010074797854854876
-5893        -0.063813985490938044
779           29.106750815141524
779           3.7219696539446119
780           37.114868657247449
780          -6.2820556793040048
798           6.1950782472655028
798           17.684174637781652
819           47.406449226864154
819          -14.948935924800118
117.32878405966693       0.00083340449363051954          -3.7340465625254216                            0                            0                            0                            0                            0                            0                            0                            0
0.00083340449363051867           117.36111996191669          -18.188251382322669                            0                            0                            0                            0                            0                            0                            0                            0
-3.7340465625254216          -18.188251382322669           14800.447511643686                            0                            0                            0                            0                            0                            0                            0                            0
0                            0                            0           7.8752066036524733          0.36115100070818379                            0                            0                            0                            0                            0                            0
0                            0                            0          0.36115100070818368           5.0822719963042351                            0                            0                            0                            0                            0                            0
0                            0                            0                            0                            0           5.0687311834391053         -0.45408559986649444                            0                            0                            0                            0
0                            0                            0                            0                            0         -0.45408559986649472           2.9292139139751479                            0                            0                            0                            0
0                            0                            0                            0                            0                            0                            0           10.949404739879093          0.33957373103254235                            0                            0
0                            0                            0                            0                            0                            0                            0          0.33957373103254235           13.317873408582763                            0                            0
0                            0                            0                            0                            0                            0                            0                            0                            0           2.9760073092658792         -0.51112507305750576
0                            0                            0                            0                            0                            0                            0                            0                            0         -0.51112507305750576           1.7136335105609113
