5917
19
-5918          0.27820050682437575
-5918       -0.0047859331359168603
-5918        -0.038181614507619158
636           42.385499420745759
636           9.7683603946007711
650            45.38915522738985
650           4.5065059531490075
741           32.780258393620592
741          -3.7048373505493668
746           38.696503139426788
746          -34.113120996888533
760           23.827258641617163
760          -21.764736335397703
766           11.934450703298083
766          -26.594273312865621
768           16.133741671874237
768          -4.9357764315419486
769           7.7092258681743395
769          -27.457894774816502
117.33657042129187       0.00045919361400092334          -1.8786505322287219                            0                            0                            0                            0                            0                            0                            0                            0                            0                            0                            0                            0                            0                            0                            0                            0
0.00045919361400092377           117.36504436098095           -14.33985134196611                            0                            0                            0                            0                            0                            0                            0                            0                            0                            0                            0                            0                            0                            0                            0                            0
-1.8786505322287224           -14.33985134196611           15072.367273264837                            0                            0                            0                            0                            0                            0                            0                            0                            0                            0                            0                            0                            0                            0                            0                            0
0                            0                            0           3.9409226125684444          0.44613908714686901                            0                            0                            0                            0                            0                            0                            0                            0                            0                            0                            0                            0                            0                            0
0                            0                            0          0.44613908714686901           2.1897280938665964                            0                            0                            0                            0                            0                            0                            0                            0                            0                            0                            0                            0                            0                            0
0                            0                            0                            0                            0           3.7096317162871624          0.17629784430505221                            0                            0                            0                            0                            0                            0                            0                            0                            0                            0                            0                            0
0                            0                            0                            0                            0          0.17629784430505227           1.8956841504342321                            0                            0                            0                            0                            0                            0                            0                            0                            0                            0                            0                            0
0                            0                            0                            0                            0                            0                            0           6.4188998059341316         -0.37638538015214024                            0                            0                            0                            0                            0                            0                            0                            0                            0                            0
0                            0                            0                            0                            0                            0                            0         -0.37638538015214035           3.8775883089658865                            0                            0                            0                            0                            0                            0                            0                            0                            0                            0
0                            0                            0                            0                            0                            0                            0                            0                            0           2.1139340557025692         -0.74928078602413295                            0                            0                            0                            0                            0                            0                            0                            0
0                            0                            0                            0                            0                            0                            0                            0                            0         -0.74928078602413295           2.1008563069869925                            0                            0                            0                            0                            0                            0                            0                            0
0                            0                            0                            0                            0                            0                            0                            0                            0                            0                            0           4.8237111062093456          -1.2954636731959712                            0                            0                            0                            0                            0                            0
0                            0                            0                            0                            0                            0                            0                            0                            0                            0                            0          -1.2954636731959712           5.0960285435807986                            0                            0                            0                            0                            0                            0
0                            0                            0                            0                            0                            0                            0                            0                            0                            0                            0                            0                            0           4.3262538638072998          -0.7502318896963408                            0                            0                            0                            0
0                            0                            0                            0                            0                            0                            0                            0                            0                            0                            0                            0                            0          -0.7502318896963408           6.5932073484581881                            0                            0                            0                            0
0                            0                            0                            0                            0                            0                            0                            0                            0                            0                            0                            0                            0                            0                            0           18.097900267044803        -0.033706108008116048                            0                            0
0                            0                            0                            0                            0                            0                            0                            0                            0                            0                            0                            0                            0                            0                            0        -0.033706108008116048           18.036128351999533                            0                            0
0                            0                            0                            0                            0                            0                            0                            0                            0                            0                            0                            0                            0                            0                            0                            0                            0           4.1712621998702719         -0.37523272406836333
0                            0                            0                            0                            0                            0                            0                            0                            0                            0                            0                            0                            0                            0                            0                            0                            0         -0.37523272406836333           6.7884462433058337
