1135
15
-1136          0.51685353857765926
-1136       -0.0018491792986096538
-1136       -0.0077743842283820135
261           10.664326411612372
261          -4.8304150333365454
263           17.567623911234495
263           4.5187258893744264
269           10.181513689390249
269          -20.438407813204169
270           20.217704030834366
270          -19.440529513971491
271           23.604598154251516
271           17.885705969568249
278           41.940649661920531
278           3.8386242382024349
117.30928569858669        0.0003537980302172998          -5.9116114082227238                            0                            0                            0                            0                            0                            0                            0                            0                            0                            0                            0                            0
0.0003537980302172998           117.34962675070517           -26.62060556766621                            0                            0                            0                            0                            0                            0                            0                            0                            0                            0                            0                            0
-5.9116114082227238           -26.62060556766621           14410.847017305952                            0                            0                            0                            0                            0                            0                            0                            0                            0                            0                            0                            0
0                            0                            0           34.096541130092568           7.1296679830861258                            0                            0                            0                            0                            0                            0                            0                            0                            0                            0
0                            0                            0           7.1296679830861223           37.784256152183097                            0                            0                            0                            0                            0                            0                            0                            0                            0                            0
0                            0                            0                            0                            0           16.776812233029567          0.25068971394240308                            0                            0                            0                            0                            0                            0                            0                            0
0                            0                            0                            0                            0          0.25068971394240308           15.989804176415364                            0                            0                            0                            0                            0                            0                            0                            0
0                            0                            0                            0                            0                            0                            0           7.1027112638313303         -0.83380192887650528                            0                            0                            0                            0                            0                            0
0                            0                            0                            0                            0                            0                            0         -0.83380192887650484           9.5750356542772153                            0                            0                            0                            0                            0                            0
0                            0                            0                            0                            0                            0                            0                            0                            0           6.0762370186921029          -1.4078627646023381                            0                            0                            0                            0
0                            0                            0                            0                            0                            0                            0                            0                            0          -1.4078627646023385           6.6235586175058732                            0                            0                            0                            0
0                            0                            0                            0                            0                            0                            0                            0                            0                            0                            0           6.3263934114185751           1.4073858832200037                            0                            0
0                            0                            0                            0                            0                            0                            0                            0                            0                            0                            0            1.407385883220003           5.9558216782282658                            0                            0
0                            0                            0                            0                            0                            0                            0                            0                            0                            0                            0                            0                            0            4.269831529672965          0.17783339369297738
0                            0                            0                            0                            0                            0                            0                            0                            0                            0                            0                            0                            0          0.17783339369297735           2.2527449445291645
