3525
15
-3526          0.63418980973909445
-3526       -0.0016358889962734596
-3526       -0.0052015008471549152
175           10.024471590655406
175          -36.815490806153242
179           12.472556421453092
179           11.726592185108377
191            10.62793434822704
191           20.673364067243025
221           25.808849910171194
221           22.528849910171189
224            7.019375245490501
224           25.105497843594538
232           19.665506487173911
232          -1.5208916735033902
116.74635789525171       0.00051309997173462976          -8.4525333259290694                            0                            0                            0                            0                            0                            0                            0                            0                            0                            0                            0                            0
0.00051309997173462976           116.78977334139114           -32.79965813050314                            0                            0                            0                            0                            0                            0                            0                            0                            0                            0                            0                            0
-8.4525333259290676           -32.79965813050314            13904.25620659265                            0                            0                            0                            0                            0                            0                            0                            0                            0                            0                            0                            0
0                            0                            0           2.3499402283775481         -0.33810692361198003                            0                            0                            0                            0                            0                            0                            0                            0                            0                            0
0                            0                            0         -0.33810692361198014           4.3138078391203907                            0                            0                            0                            0                            0                            0                            0                            0                            0                            0
0                            0                            0                            0                            0           16.581410507342596          0.38409638556427844                            0                            0                            0                            0                            0                            0                            0                            0
0                            0                            0                            0                            0          0.38409638556427744           16.780078666131519                            0                            0                            0                            0                            0                            0                            0                            0
0                            0                            0                            0                            0                            0                            0            7.540138538620254          0.90450571799383084                            0                            0                            0                            0                            0                            0
0                            0                            0                            0                            0                            0                            0          0.90450571799383084           9.8976881417592804                            0                            0                            0                            0                            0                            0
0                            0                            0                            0                            0                            0                            0                            0                            0           4.6434987268581693           1.2610468906169663                            0                            0                            0                            0
0                            0                            0                            0                            0                            0                            0                            0                            0           1.2610468906169667           4.6434987268581684                            0                            0                            0                            0
0                            0                            0                            0                            0                            0                            0                            0                            0                            0                            0           5.3796197539520909          0.37775007805191896                            0                            0
0                            0                            0                            0                            0                            0                            0                            0                            0                            0                            0          0.37775007805191924           8.1991847216578346                            0                            0
0                            0                            0                            0                            0                            0                            0                            0                            0                            0                            0                            0                            0            14.74604355754531         -0.24733987376331343
0                            0                            0                            0                            0                            0                            0                            0                            0                            0                            0                            0                            0         -0.24733987376331407           12.833258900002905
