2921
19
-2922           0.3448600734363062
-2922        0.0016454154415790781
-2922          0.01060364869052932
239           9.9490457354491131
239           16.161034974554767
251           11.237381828271213
251          -14.295174429562579
253           40.977562478506279
253           -12.30814790841727
254           15.587696931952268
254           23.182374766972554
256           32.831960273251426
256           19.366563598721907
257            25.79088945348354
257            4.183359669348639
258           28.359385957650058
258          -6.2011097465653737
289           5.8898461920978669
289           34.995680317599216
116.77656991069058      -0.00035774523670353917           -2.848357651305621                            0                            0                            0                            0                            0                            0                            0                            0                            0                            0                            0                            0                            0                            0                            0                            0
-0.00035774523670353874           116.81359862416161           -17.30664834025697                            0                            0                            0                            0                            0                            0                            0                            0                            0                            0                            0                            0                            0                            0                            0                            0
-2.848357651305621           -17.30664834025697           14849.501487177708                            0                            0                            0                            0                            0                            0                            0                            0                            0                            0                            0                            0                            0                            0                            0                            0
0                            0                            0           11.896022810727523          0.78523544936853085                            0                            0                            0                            0                            0                            0                            0                            0                            0                            0                            0                            0                            0                            0
0                            0                            0          0.78523544936853196           13.580146662537492                            0                            0                            0                            0                            0                            0                            0                            0                            0                            0                            0                            0                            0                            0
0                            0                            0                            0                            0           12.406110925571062          -0.8874530278688868                            0                            0                            0                            0                            0                            0                            0                            0                            0                            0                            0                            0
0                            0                            0                            0                            0         -0.88745302786888736           13.719472318649359                            0                            0                            0                            0                            0                            0                            0                            0                            0                            0                            0                            0
0                            0                            0                            0                            0                            0                            0           3.8970182786814478         -0.61150562672389008                            0                            0                            0                            0                            0                            0                            0                            0                            0                            0
0                            0                            0                            0                            0                            0                            0         -0.61150562672388997           2.3316352587529918                            0                            0                            0                            0                            0                            0                            0                            0                            0                            0
0                            0                            0                            0                            0                            0                            0                            0                            0           5.6348881208472417           1.1806927583195683                            0                            0                            0                            0                            0                            0                            0                            0
0                            0                            0                            0                            0                            0                            0                            0                            0           1.1806927583195688           7.2883480602171913                            0                            0                            0                            0                            0                            0                            0                            0
0                            0                            0                            0                            0                            0                            0                            0                            0                            0                            0           4.3411065948450078           1.0425275787888393                            0                            0                            0                            0                            0                            0
0                            0                            0                            0                            0                            0                            0                            0                            0                            0                            0           1.0425275787888391           3.4127802282409161                            0                            0                            0                            0                            0                            0
0                            0                            0                            0                            0                            0                            0                            0                            0                            0                            0                            0                            0           9.4937323442487731          0.48568945950268483                            0                            0                            0                            0
0                            0                            0                            0                            0                            0                            0                            0                            0                            0                            0                            0                            0          0.48568945950268483           6.6726431213283979                            0                            0                            0                            0
0                            0                            0                            0                            0                            0                            0                            0                            0                            0                            0                            0                            0                            0                            0           7.7456778754621292         -0.73278459341020807                            0                            0
0                            0                            0                            0                            0                            0                            0                            0                            0                            0                            0                            0                            0                            0                            0         -0.73278459341020807           5.2576351181763785                            0                            0
0                            0                            0                            0                            0                            0                            0                            0                            0                            0                            0                            0                            0                            0                            0                            0                            0           2.7570167218913224          0.13940358723824031
0                            0                            0                            0                            0                            0                            0                            0                            0                            0                            0                            0                            0                            0                            0                            0                            0          0.13940358723824028           5.0277189374325273
