2241
23
-2242          0.66088655102531491
-2242       -0.0028710092557331143
-2242       -0.0099600083384887468
169           31.654828338707691
169         -0.59520498824825352
173             27.7157567532938
173          -20.676568725904573
179           18.016976559613848
179          -16.317395924284479
191           11.353410494529122
191          -22.808560799282571
224           9.2581081918106793
224          -29.057226831692876
228            9.188256023069524
228          -45.194124421747631
232           25.609542659231508
232          -3.3491373473489272
235           18.774936667828261
235           9.5991509393321373
241           19.361640159815401
241           19.402040996726178
250           5.5873600311452964
250           13.360034843058601
116.7423032673336      -0.00063054488781341678          -9.2077523726023642                            0                            0                            0                            0                            0                            0                            0                            0                            0                            0                            0                            0                            0                            0                            0                            0                            0                            0                            0                            0
-0.00063054488781340984           116.78774502942132          -34.144880712499656                            0                            0                            0                            0                            0                            0                            0                            0                            0                            0                            0                            0                            0                            0                            0                            0                            0                            0                            0                            0
-9.207752372602366          -34.144880712499656           13787.094645577281                            0                            0                            0                            0                            0                            0                            0                            0                            0                            0                            0                            0                            0                            0                            0                            0                            0                            0                            0                            0
0                            0                            0           6.9589165637437391         -0.10767396991050533                            0                            0                            0                            0                            0                            0                            0                            0                            0                            0                            0                            0                            0                            0                            0                            0                            0                            0
0                            0                            0         -0.10767396991050536           4.2226615508645651                            0                            0                            0                            0                            0                            0                            0                            0                            0                            0                            0                            0                            0                            0                            0                            0                            0                            0
0                            0                            0                            0                            0             4.59735575304917          -1.2237761726287741                            0                            0                            0                            0                            0                            0                            0                            0                            0                            0                            0                            0                            0                            0                            0                            0
0                            0                            0                            0                            0          -1.2237761726287744           4.2968341130498473                            0                            0                            0                            0                            0                            0                            0                            0                            0                            0                            0                            0                            0                            0                            0                            0
0                            0                            0                            0                            0                            0                            0           8.0068760511521759          -1.4711271937462114                            0                            0                            0                            0                            0                            0                            0                            0                            0                            0                            0                            0                            0                            0
0                            0                            0                            0                            0                            0                            0          -1.4711271937462109           8.4992405769364137                            0                            0                            0                            0                            0                            0                            0                            0                            0                            0                            0                            0                            0                            0
0                            0                            0                            0                            0                            0                            0                            0                            0           5.7454639876293321         -0.86175287393052169                            0                            0                            0                            0                            0                            0                            0                            0                            0                            0                            0                            0
0                            0                            0                            0                            0                            0                            0                            0                            0         -0.86175287393052125            8.117666138813421                            0                            0                            0                            0                            0                            0                            0                            0                            0                            0                            0                            0
0                            0                            0                            0                            0                            0                            0                            0                            0                            0                            0           3.7191592013972214         -0.46556204926644273                            0                            0                            0                            0                            0                            0                            0                            0                            0                            0
0                            0                            0                            0                            0                            0                            0                            0                            0                            0                            0         -0.46556204926644257           6.1448204083581137                            0                            0                            0                            0                            0                            0                            0                            0                            0                            0
0                            0                            0                            0                            0                            0                            0                            0                            0                            0                            0                            0                            0           1.5731515475233016         -0.19104564061265175                            0                            0                            0                            0                            0                            0                            0                            0
0                            0                            0                            0                            0                            0                            0                            0                            0                            0                            0                            0                            0         -0.19104564061265175           3.1646762733646097                            0                            0                            0                            0                            0                            0                            0                            0
0                            0                            0                            0                            0                            0                            0                            0                            0                            0                            0                            0                            0                            0                            0           9.5749423866703598         -0.51023282442674911                            0                            0                            0                            0                            0                            0
0                            0                            0                            0                            0                            0                            0                            0                            0                            0                            0                            0                            0                            0                            0         -0.51023282442674911           6.7712360591162657                            0                            0                            0                            0                            0                            0
0                            0                            0                            0                            0                            0                            0                            0                            0                            0                            0                            0                            0                            0                            0                            0                            0           12.508375910755564           1.1150429717124655                            0                            0                            0                            0
0                            0                            0                            0                            0                            0                            0                            0                            0                            0                            0                            0                            0                            0                            0                            0                            0           1.1150429717124664           11.347466648709938                            0                            0                            0                            0
0                            0                            0                            0                            0                            0                            0                            0                            0                            0                            0                            0                            0                            0                            0                            0                            0                            0                            0            6.657210811221546           1.4393974152643878                            0                            0
0                            0                            0                            0                            0                            0                            0                            0                            0                            0                            0                            0                            0                            0                            0                            0                            0                            0                            0           1.4393974152643876           7.2167918403237943                            0                            0
0                            0                            0                            0                            0                            0                            0                            0                            0                            0                            0                            0                            0                            0                            0                            0                            0                            0                            0                            0                            0           19.455091395800569        -0.074367685292861085
0                            0                            0                            0                            0                            0                            0                            0                            0                            0                            0                            0                            0                            0                            0                            0                            0                            0                            0                            0                            0        -0.074367685292861418           18.936389516109891
