5270
13
-5271         0.050617047674203851
-5271      -1.5539433530944706e-05
-5271       -0.0007016377841912914
38           23.237396590261593
38          -15.397359817000154
56            17.06312471784798
56          -12.783124717847977
60           10.586895239953106
60           16.933298805947651
64           51.299600437689826
64           25.237138243245656
65           17.845758687073911
65          -5.7624792481130376
117.34300631845025       6.5880025902449557e-06        -0.016180611689614759                            0                            0                            0                            0                            0                            0                            0                            0                            0                            0
6.588002590244954e-06           117.37072191139896          -2.0961032015075509                            0                            0                            0                            0                            0                            0                            0                            0                            0                            0
-0.016180611689614762          -2.0961032015075509           15400.904072306457                            0                            0                            0                            0                            0                            0                            0                            0                            0                            0
0                            0                            0           6.9419384208648998          -1.4232733052659019                            0                            0                            0                            0                            0                            0                            0                            0
0                            0                            0          -1.4232733052659023            6.362801967535467                            0                            0                            0                            0                            0                            0                            0                            0
0                            0                            0                            0                            0           10.685786013324444          -1.3829627876565629                            0                            0                            0                            0                            0                            0
0                            0                            0                            0                            0          -1.3829627876565629           10.685786013324444                            0                            0                            0                            0                            0                            0
0                            0                            0                            0                            0                            0                            0           10.753049371785645          0.91048019427100668                            0                            0                            0                            0
0                            0                            0                            0                            0                            0                            0          0.91048019427100757           12.574009760327657                            0                            0                            0                            0
0                            0                            0                            0                            0                            0                            0                            0                            0           2.1906518653547478          0.54494636009527919                            0                            0
0                            0                            0                            0                            0                            0                            0                            0                            0          0.54494636009527941            1.427500766837432                            0                            0
0                            0                            0                            0                            0                            0                            0                            0                            0                            0                            0           15.229855244903639         -0.61535218053233209
0                            0                            0                            0                            0                            0                            0                            0                            0                            0                            0         -0.61535218053233287           14.121724060866024
