5419
15
-5420            0.717485477860212
-5420       -0.0091896936080272454
-5420        -0.028830289749370002
96           6.7534470358583985
96          -5.2733041715268776
103           15.275769444736568
103          -8.0842981990607043
104           13.839030227576879
104           23.360885186517645
108           24.949720974452639
108           10.597438938860959
117           31.917033230466345
117          -13.836534504193041
121           34.410854709876254
121          -6.5716900194990613
116.7371757469945       0.00076975466852617982          -10.726366783714461                            0                            0                            0                            0                            0                            0                            0                            0                            0                            0                            0                            0
0.00076975466852618329            116.7799627399983          -37.109416486622436                            0                            0                            0                            0                            0                            0                            0                            0                            0                            0                            0                            0
-10.726366783714461          -37.109416486622436           13593.335007490279                            0                            0                            0                            0                            0                            0                            0                            0                            0                            0                            0                            0
0                            0                            0           69.229081769225658           16.723943377325192                            0                            0                            0                            0                            0                            0                            0                            0                            0                            0
0                            0                            0           16.723943377325195           45.370936011329462                            0                            0                            0                            0                            0                            0                            0                            0                            0                            0
0                            0                            0                            0                            0           16.539622242029079         -0.44169847429355513                            0                            0                            0                            0                            0                            0                            0                            0
0                            0                            0                            0                            0         -0.44169847429355613           16.277948144449255                            0                            0                            0                            0                            0                            0                            0                            0
0                            0                            0                            0                            0                            0                            0           5.7348803338571246           1.0734313382029663                            0                            0                            0                            0                            0                            0
0                            0                            0                            0                            0                            0                            0           1.0734313382029663           7.7021175305823597                            0                            0                            0                            0                            0                            0
0                            0                            0                            0                            0                            0                            0                            0                            0            8.384924086705654           1.1530582597169432                            0                            0                            0                            0
0                            0                            0                            0                            0                            0                            0                            0                            0           1.1530582597169439           6.5174677505808489                            0                            0                            0                            0
0                            0                            0                            0                            0                            0                            0                            0                            0                            0                            0           5.2706309676609226          -1.0081991402081327                            0                            0
0                            0                            0                            0                            0                            0                            0                            0                            0                            0                            0          -1.0081991402081325           3.8056318635416271                            0                            0
0                            0                            0                            0                            0                            0                            0                            0                            0                            0                            0                            0                            0           5.6975217582747968         -0.54847607915722107
0                            0                            0                            0                            0                            0                            0                            0                            0                            0                            0                            0                            0         -0.54847607915722085           3.4484365340539944
