502
17
-503           1.0158914528229854
-503        0.0033724788428796709
-503        0.0081958658664690928
1           19.232858512228777
1          -12.352006762117295
2           28.591431009385914
2          -15.003902814777964
3           30.999569125892446
3          -7.9519008692916593
4           15.840837595455005
4          -2.1738233219156835
5           27.343345431527556
5           -1.457963017267967
7           15.455814221142527
7           4.8074352772953874
8           4.5014104356242726
8           3.6881753779888053
117.23140028743279        0.0006726917276825839          -18.987181650086907                            0                            0                            0                            0                            0                            0                            0                            0                            0                            0                            0                            0                            0                            0
0.00067269172768259777           117.27600627700556          -53.070995083813443                            0                            0                            0                            0                            0                            0                            0                            0                            0                            0                            0                            0                            0                            0
-18.987181650086907          -53.070995083813443           12114.636613122624                            0                            0                            0                            0                            0                            0                            0                            0                            0                            0                            0                            0                            0                            0
0                            0                            0           9.8476596511795425          -1.4315032733306403                            0                            0                            0                            0                            0                            0                            0                            0                            0                            0                            0                            0
0                            0                            0          -1.4315032733306403           9.3170327521886112                            0                            0                            0                            0                            0                            0                            0                            0                            0                            0                            0                            0
0                            0                            0                            0                            0           5.7436077846881455          -1.1925353944232071                            0                            0                            0                            0                            0                            0                            0                            0                            0                            0
0                            0                            0                            0                            0          -1.1925353944232071           4.5803310349312634                            0                            0                            0                            0                            0                            0                            0                            0                            0                            0
0                            0                            0                            0                            0                            0                            0           6.5081000575898837         -0.76600059819135757                            0                            0                            0                            0                            0                            0                            0                            0
0                            0                            0                            0                            0                            0                            0         -0.76600059819135757           4.2790244849160439                            0                            0                            0                            0                            0                            0                            0                            0
0                            0                            0                            0                            0                            0                            0                            0                            0           20.082727233595485          0.31656085845932258                            0                            0                            0                            0                            0                            0
0                            0                            0                            0                            0                            0                            0                            0                            0          0.31656085845932258           21.440461137052406                            0                            0                            0                            0                            0                            0
0                            0                            0                            0                            0                            0                            0                            0                            0                            0                            0           8.8139531494009269         -0.24446080694707317                            0                            0                            0                            0
0                            0                            0                            0                            0                            0                            0                            0                            0                            0                            0         -0.24446080694707306           5.8922727920911857                            0                            0                            0                            0
0                            0                            0                            0                            0                            0                            0                            0                            0                            0                            0                            0                            0            20.01121843249074         -0.43708607364651431                            0                            0
0                            0                            0                            0                            0                            0                            0                            0                            0                            0                            0                            0                            0         -0.43708607364651431           21.034742511856447                            0                            0
0                            0                            0                            0                            0                            0                            0                            0                            0                            0                            0                            0                            0                            0                            0           295.03980731023205          -53.908461993470375
0                            0                            0                            0                            0                            0                            0                            0                            0                            0                            0                            0                            0                            0                            0          -53.908461993470375           68.996925452035597
