3653
13
-3654         0.079472802124669673
-3654       1.7198702389994505e-05
-3654       0.00048729180463112832
236           9.3142071834423312
236           36.456321431340562
254           10.310737208269648
254            19.46663803949896
256           10.962109765370174
256             1.89606071645368
263           24.771845873997616
263          -7.5580146600342655
271           35.845843273158863
271           1.9000249524626831
117.34157945740132       -9.301055709519298e-06         -0.17196505671551909                            0                            0                            0                            0                            0                            0                            0                            0                            0                            0
-9.301055709519298e-06           117.37043658282434          -3.9440856701550033                            0                            0                            0                            0                            0                            0                            0                            0                            0                            0
-0.17196505671551912          -3.9440856701550033           15386.370130226176                            0                            0                            0                            0                            0                            0                            0                            0                            0                            0
0                            0                            0            2.530606894180655          0.32602566646345138                            0                            0                            0                            0                            0                            0                            0                            0
0                            0                            0          0.32602566646345138           4.5986495125656264                            0                            0                            0                            0                            0                            0                            0                            0
0                            0                            0                            0                            0            8.466707844108738          0.89540798259978382                            0                            0                            0                            0                            0                            0
0                            0                            0                            0                            0          0.89540798259978438             10.7588477535637                            0                            0                            0                            0                            0                            0
0                            0                            0                            0                            0                            0                            0           34.367179662218881          -5.2399811907422773                            0                            0                            0                            0
0                            0                            0                            0                            0                            0                            0          -5.2399811907422773           60.305996776928659                            0                            0                            0                            0
0                            0                            0                            0                            0                            0                            0                            0                            0           9.0929216246502627         -0.99800447271282344                            0                            0
0                            0                            0                            0                            0                            0                            0                            0                            0         -0.99800447271282344           6.8761291101495194                            0                            0
0                            0                            0                            0                            0                            0                            0                            0                            0                            0                            0           5.6383290146843876          0.10704310775078207
0                            0                            0                            0                            0                            0                            0                            0                            0                            0                            0          0.10704310775078207           3.1913123742012708
