2176
19
-2177          0.49944579556871849
-2177        -0.014226833335998834
-2177        -0.063921839984993761
221           36.236479990306002
221          -22.015861333433637
236           27.409683524848184
236           -25.51425278354349
239            22.80168997676866
239          -11.501792572460861
251            36.54034020459401
251           15.776397521165279
252           27.980686070829695
252           10.772581772061772
253           9.2264530408308421
253           28.519571864000007
254           14.361446227429044
254          -14.753091705582822
257           14.619891217538873
257           6.8216377151669807
117.31348827076654        0.0012522268145414243          -6.5135656597206015                            0                            0                            0                            0                            0                            0                            0                            0                            0                            0                            0                            0                            0                            0                            0                            0
0.0012522268145414208           117.35082332484293          -25.859705547155514                            0                            0                            0                            0                            0                            0                            0                            0                            0                            0                            0                            0                            0                            0                            0                            0
-6.5135656597206015          -25.859705547155514           14403.310819556335                            0                            0                            0                            0                            0                            0                            0                            0                            0                            0                            0                            0                            0                            0                            0                            0
0                            0                            0           3.4385811060435736         -0.92594216630119786                            0                            0                            0                            0                            0                            0                            0                            0                            0                            0                            0                            0                            0                            0
0                            0                            0         -0.92594216630119786            2.746189925905596                            0                            0                            0                            0                            0                            0                            0                            0                            0                            0                            0                            0                            0                            0
0                            0                            0                            0                            0           3.6745919130921285          -1.1192679442017839                            0                            0                            0                            0                            0                            0                            0                            0                            0                            0                            0                            0
0                            0                            0                            0                            0          -1.1192679442017843           3.8901384031425388                            0                            0                            0                            0                            0                            0                            0                            0                            0                            0                            0                            0
0                            0                            0                            0                            0                            0                            0           8.6230289593329719          -1.3461841904244072                            0                            0                            0                            0                            0                            0                            0                            0                            0                            0
0                            0                            0                            0                            0                            0                            0          -1.3461841904244072           7.3388351166579264                            0                            0                            0                            0                            0                            0                            0                            0                            0                            0
0                            0                            0                            0                            0                            0                            0                            0                            0           4.3058674340461494          0.83627766395228298                            0                            0                            0                            0                            0                            0                            0                            0
0                            0                            0                            0                            0                            0                            0                            0                            0          0.83627766395228298           2.9024268752778335                            0                            0                            0                            0                            0                            0                            0                            0
0                            0                            0                            0                            0                            0                            0                            0                            0                            0                            0           7.1588221231101263           1.0227235726338759                            0                            0                            0                            0                            0                            0
0                            0                            0                            0                            0                            0                            0                            0                            0                            0                            0           1.0227235726338759           5.1835567754638818                            0                            0                            0                            0                            0                            0
0                            0                            0                            0                            0                            0                            0                            0                            0                            0                            0                            0                            0           4.1275407475807597          0.50608145027127205                            0                            0                            0                            0
0                            0                            0                            0                            0                            0                            0                            0                            0                            0                            0                            0                            0          0.50608145027127227           6.6327318362293166                            0                            0                            0                            0
0                            0                            0                            0                            0                            0                            0                            0                            0                            0                            0                            0                            0                            0                            0           10.412918208052917          -1.2788222395897813                            0                            0
0                            0                            0                            0                            0                            0                            0                            0                            0                            0                            0                            0                            0                            0                            0          -1.2788222395897813           11.369182294387048                            0                            0
0                            0                            0                            0                            0                            0                            0                            0                            0                            0                            0                            0                            0                            0                            0                            0                            0           19.967460492568179          -0.5133228393617415
0                            0                            0                            0                            0                            0                            0                            0                            0                            0                            0                            0                            0                            0                            0                            0                            0          -0.5133228393617415           20.548308670434029
