36
23
-37            0.633620374298699
-37        0.0014410164014642137
-37        0.0050537353724934321
2           11.784181752263938
2          -16.471293706752764
3           14.539376247504826
3          -9.4458650993666211
5           11.230063401842482
5          -2.8169819338675697
6           11.771959903613171
6            5.254716497615437
11           15.938179774106922
11           19.584519435417235
18           24.033077431864854
18          -13.289829587989979
19           24.120820581224912
19           -4.665910330382788
22           29.259807402010519
22           11.315536564024537
23           38.841091828124796
23          -4.1158803073136667
25           35.659555077953932
25           11.477011112728299
116.74516885882004      -0.00043255011393080259          -8.4105793024365774                            0                            0                            0                            0                            0                            0                            0                            0                            0                            0                            0                            0                            0                            0                            0                            0                            0                            0                            0                            0
-0.00043255011393080606           116.79048136602493           -32.60418688386526                            0                            0                            0                            0                            0                            0                            0                            0                            0                            0                            0                            0                            0                            0                            0                            0                            0                            0                            0                            0
-8.4105793024365738           -32.60418688386526           13882.133343889845                            0                            0                            0                            0                            0                            0                            0                            0                            0                            0                            0                            0                            0                            0                            0                            0                            0                            0                            0                            0
0                            0                            0           9.8264296216904867           -1.065887322636123                            0                            0                            0                            0                            0                            0                            0                            0                            0                            0                            0                            0                            0                            0                            0                            0                            0                            0
0                            0                            0          -1.0658873226361221           11.583729028151582                            0                            0                            0                            0                            0                            0                            0                            0                            0                            0                            0                            0                            0                            0                            0                            0                            0                            0
0                            0                            0                            0                            0            15.91868082686946         -0.57993352828859468                            0                            0                            0                            0                            0                            0                            0                            0                            0                            0                            0                            0                            0                            0                            0                            0
0                            0                            0                            0                            0         -0.57993352828859557           15.827397309827195                            0                            0                            0                            0                            0                            0                            0                            0                            0                            0                            0                            0                            0                            0                            0                            0
0                            0                            0                            0                            0                            0                            0           33.485988210332131           7.0680968077530517                            0                            0                            0                            0                            0                            0                            0                            0                            0                            0                            0                            0                            0                            0
0                            0                            0                            0                            0                            0                            0           7.0680968077530553           46.214274112711131                            0                            0                            0                            0                            0                            0                            0                            0                            0                            0                            0                            0                            0                            0
0                            0                            0                            0                            0                            0                            0                            0                            0           29.753156484469415          -4.8830604803913626                            0                            0                            0                            0                            0                            0                            0                            0                            0                            0                            0                            0
0                            0                            0                            0                            0                            0                            0                            0                            0          -4.8830604803913671           35.055727523484805                            0                            0                            0                            0                            0                            0                            0                            0                            0                            0                            0                            0
0                            0                            0                            0                            0                            0                            0                            0                            0                            0                            0           7.2720794483981885           1.3512668062960169                            0                            0                            0                            0                            0                            0                            0                            0                            0                            0
0                            0                            0                            0                            0                            0                            0                            0                            0                            0                            0           1.3512668062960169           8.5322915683711518                            0                            0                            0                            0                            0                            0                            0                            0                            0                            0
0                            0                            0                            0                            0                            0                            0                            0                            0                            0                            0                            0                            0           7.4717846772863696          -1.3642020375688348                            0                            0                            0                            0                            0                            0                            0                            0
0                            0                            0                            0                            0                            0                            0                            0                            0                            0                            0                            0                            0          -1.3642020375688348           6.3970377303791421                            0                            0                            0                            0                            0                            0                            0                            0
0                            0                            0                            0                            0                            0                            0                            0                            0                            0                            0                            0                            0                            0                            0           10.235427185839233         -0.70650824426684888                            0                            0                            0                            0                            0                            0
0                            0                            0                            0                            0                            0                            0                            0                            0                            0                            0                            0                            0                            0                            0         -0.70650824426684888           7.6329745557726403                            0                            0                            0                            0                            0                            0
0                            0                            0                            0                            0                            0                            0                            0                            0                            0                            0                            0                            0                            0                            0                            0                            0           6.6220669113459465          0.99221734161324182                            0                            0                            0                            0
0                            0                            0                            0                            0                            0                            0                            0                            0                            0                            0                            0                            0                            0                            0                            0                            0          0.99221734161324215           4.7057206134162977                            0                            0                            0                            0
0                            0                            0                            0                            0                            0                            0                            0                            0                            0                            0                            0                            0                            0                            0                            0                            0                            0                            0           4.8213512770581834         -0.28915336703161942                            0                            0
0                            0                            0                            0                            0                            0                            0                            0                            0                            0                            0                            0                            0                            0                            0                            0                            0                            0                            0         -0.28915336703161942           2.6630811631749549                            0                            0
0                            0                            0                            0                            0                            0                            0                            0                            0                            0                            0                            0                            0                            0                            0                            0                            0                            0                            0                            0                            0           4.9839749330640499           0.7217851520406906
0                            0                            0                            0                            0                            0                            0                            0                            0                            0                            0                            0                            0                            0                            0                            0                            0                            0                            0                            0                            0          0.72178515204069083           3.1362892018726658
