165
21
-166          0.78205969934570541
-166       0.00012590652700085627
-166       0.00037726191635286012
1           19.230014318691108
1           5.1499265240375331
2           9.4414714783476956
2           3.9017552570868745
4           26.298819645031312
4          -2.8654601451503416
6           19.058637440535783
6          -15.741669930749424
7           29.378057632740074
7          -9.0707215734505784
10           30.125462572192639
10         -0.18988021661938415
17           12.638236536983461
17            19.49654955707166
80           43.809704897176857
80            7.198675258252857
81           27.081403344342412
81           23.801403344342408
117.26993852574698      -0.00094559775472712743           -12.51427490473759                            0                            0                            0                            0                            0                            0                            0                            0                            0                            0                            0                            0                            0                            0                            0                            0                            0                            0
-0.00094559775472712743           117.31988178764398          -40.855762262760273                            0                            0                            0                            0                            0                            0                            0                            0                            0                            0                            0                            0                            0                            0                            0                            0                            0                            0
-12.514274904737588          -40.855762262760273           13262.290701479553                            0                            0                            0                            0                            0                            0                            0                            0                            0                            0                            0                            0                            0                            0                            0                            0                            0                            0
0                            0                            0            14.47228837219377          0.56035669479650096                            0                            0                            0                            0                            0                            0                            0                            0                            0                            0                            0                            0                            0                            0                            0                            0
0                            0                            0           0.5603566947965023           12.779075141241211                            0                            0                            0                            0                            0                            0                            0                            0                            0                            0                            0                            0                            0                            0                            0                            0
0                            0                            0                            0                            0           46.609409308883386           -17.21017987596705                            0                            0                            0                            0                            0                            0                            0                            0                            0                            0                            0                            0                            0                            0
0                            0                            0                            0                            0           -17.21017987596705           64.911039230167887                            0                            0                            0                            0                            0                            0                            0                            0                            0                            0                            0                            0                            0                            0
0                            0                            0                            0                            0                            0                            0           9.2475897191808407         -0.43569503189632158                            0                            0                            0                            0                            0                            0                            0                            0                            0                            0                            0                            0
0                            0                            0                            0                            0                            0                            0          -0.4356950318963218           6.3974012473036126                            0                            0                            0                            0                            0                            0                            0                            0                            0                            0                            0                            0
0                            0                            0                            0                            0                            0                            0                            0                            0            8.002969121746915          -1.4890536068881639                            0                            0                            0                            0                            0                            0                            0                            0                            0                            0
0                            0                            0                            0                            0                            0                            0                            0                            0          -1.4890536068881643           8.1851179620305352                            0                            0                            0                            0                            0                            0                            0                            0                            0                            0
0                            0                            0                            0                            0                            0                            0                            0                            0                            0                            0           6.8354355692536419          -0.9122613133899049                            0                            0                            0                            0                            0                            0                            0                            0
0                            0                            0                            0                            0                            0                            0                            0                            0                            0                            0          -0.9122613133899049           4.7365623811462587                            0                            0                            0                            0                            0                            0                            0                            0
0                            0                            0                            0                            0                            0                            0                            0                            0                            0                            0                            0                            0           7.5643582988943141        -0.074313003176344178                            0                            0                            0                            0                            0                            0
0                            0                            0                            0                            0                            0                            0                            0                            0                            0                            0                            0                            0        -0.074313003176344164           4.7284051563274971                            0                            0                            0                            0                            0                            0
0                            0                            0                            0                            0                            0                            0                            0                            0                            0                            0                            0                            0                            0                            0           8.0009069507216815           1.1338618257611404                            0                            0                            0                            0
0                            0                            0                            0                            0                            0                            0                            0                            0                            0                            0                            0                            0                            0                            0           1.1338618257611404           9.9037530303260191                            0                            0                            0                            0
0                            0                            0                            0                            0                            0                            0                            0                            0                            0                            0                            0                            0                            0                            0                            0                            0           3.8556496300365621          0.31171710145998266                            0                            0
0                            0                            0                            0                            0                            0                            0                            0                            0                            0                            0                            0                            0                            0                            0                            0                            0          0.31171710145998266           2.0450652364012445                            0                            0
0                            0                            0                            0                            0                            0                            0                            0                            0                            0                            0                            0                            0                            0                            0                            0                            0                            0                            0           4.2216104089807578           1.1985201485116437
0                            0                            0                            0                            0                            0                            0                            0                            0                            0                            0                            0                            0                            0                            0                            0                            0                            0                            0           1.1985201485116435           4.2216104089807587
