4294
19
-4295          0.51875390722024495
-4295        0.0018306126286253446
-4295         0.007028785817432606
23           33.047332947836928
23           8.6165497656063668
28           28.528423870492308
28          -5.2136238521892686
35           29.327793455926987
35           5.2350036392296149
45           11.645343227975721
45          -4.1793874914908651
50           16.066427845357072
50           5.1549111075361873
52           19.590454791431643
52           29.022815476302576
58           10.844575769701718
58           5.0006311280981679
177            5.245576859599165
177          -3.4726199090401053
117.30698979840516      -0.00019802018837718899          -5.9796464893558712                            0                            0                            0                            0                            0                            0                            0                            0                            0                            0                            0                            0                            0                            0                            0                            0
-0.00019802018837719072           117.34994130830681          -27.308854174109246                            0                            0                            0                            0                            0                            0                            0                            0                            0                            0                            0                            0                            0                            0                            0                            0
-5.9796464893558703          -27.308854174109246           14370.394555544208                            0                            0                            0                            0                            0                            0                            0                            0                            0                            0                            0                            0                            0                            0                            0                            0
0                            0                            0           5.9513567784638006           0.6635228548365949                            0                            0                            0                            0                            0                            0                            0                            0                            0                            0                            0                            0                            0                            0
0                            0                            0          0.66352285483659468             3.74278183171343                            0                            0                            0                            0                            0                            0                            0                            0                            0                            0                            0                            0                            0                            0
0                            0                            0                            0                            0           7.8337750762035512          -0.6337743464983091                            0                            0                            0                            0                            0                            0                            0                            0                            0                            0                            0                            0
0                            0                            0                            0                            0          -0.6337743464983091           5.2349151215637706                            0                            0                            0                            0                            0                            0                            0                            0                            0                            0                            0                            0
0                            0                            0                            0                            0                            0                            0           7.6283882534849816          0.51260404674816951                            0                            0                            0                            0                            0                            0                            0                            0                            0                            0
0                            0                            0                            0                            0                            0                            0          0.51260404674816951           4.9576298600820925                            0                            0                            0                            0                            0                            0                            0                            0                            0                            0
0                            0                            0                            0                            0                            0                            0                            0                            0           30.381489496212531           5.2422215090207258                            0                            0                            0                            0                            0                            0                            0                            0
0                            0                            0                            0                            0                            0                            0                            0                            0           5.2422215090207258           36.074077590392541                            0                            0                            0                            0                            0                            0                            0                            0
0                            0                            0                            0                            0                            0                            0                            0                            0                            0                            0           18.720294999576286         -0.11242487365808951                            0                            0                            0                            0                            0                            0
0                            0                            0                            0                            0                            0                            0                            0                            0                            0                            0         -0.11242487365809073           18.974441406742621                            0                            0                            0                            0                            0                            0
0                            0                            0                            0                            0                            0                            0                            0                            0                            0                            0                            0                            0           3.6556755460664849           1.0264003865753371                            0                            0                            0                            0
0                            0                            0                            0                            0                            0                            0                            0                            0                            0                            0                            0                            0           1.0264003865753371           4.9384078347841127                            0                            0                            0                            0
0                            0                            0                            0                            0                            0                            0                            0                            0                            0                            0                            0                            0                            0                            0           34.571035817600311          -7.7828581339795466                            0                            0
0                            0                            0                            0                            0                            0                            0                            0                            0                            0                            0                            0                            0                            0                            0          -7.7828581339795466           41.829448518017493                            0                            0
0                            0                            0                            0                            0                            0                            0                            0                            0                            0                            0                            0                            0                            0                            0                            0                            0           167.07237307084972           43.428472746259835
0                            0                            0                            0                            0                            0                            0                            0                            0                            0                            0                            0                            0                            0                            0                            0                            0           43.428472746259835            65.37595612707257
