145
15
-146          0.49916968710077814
-146        -0.020223786997733726
-146        -0.089158729936264738
2           22.116138700721049
2          -7.7598282101935112
3           18.662855000442995
3          -14.253541007598674
5           21.087922249286159
5          -21.454994707805746
6           19.199517223833329
6          -29.438842709397051
18           9.6154271520636563
18          -9.4065894615725405
19           8.1635622698099208
19          -18.116323359793668
116.76222105677795        0.0014390276559828399          -7.5897097514039755                            0                            0                            0                            0                            0                            0                            0                            0                            0                            0                            0                            0
0.0014390276559828399            116.8024032215035          -25.886118714183713                            0                            0                            0                            0                            0                            0                            0                            0                            0                            0                            0                            0
-7.5897097514039764          -25.886118714183713           14198.671307021397                            0                            0                            0                            0                            0                            0                            0                            0                            0                            0                            0                            0
0                            0                            0           10.538255912572115          -1.0907218091696254                            0                            0                            0                            0                            0                            0                            0                            0                            0                            0
0                            0                            0          -1.0907218091696254           8.6082776302230464                            0                            0                            0                            0                            0                            0                            0                            0                            0                            0
0                            0                            0                            0                            0           8.9680739605006163          -1.4800153613806315                            0                            0                            0                            0                            0                            0                            0                            0
0                            0                            0                            0                            0          -1.4800153613806315           8.9422421637264957                            0                            0                            0                            0                            0                            0                            0                            0
0                            0                            0                            0                            0                            0                            0           5.2506619878109335          -1.3325225660100655                            0                            0                            0                            0                            0                            0
0                            0                            0                            0                            0                            0                            0          -1.3325225660100655           5.8904827159988287                            0                            0                            0                            0                            0                            0
0                            0                            0                            0                            0                            0                            0                            0                            0           3.3867922367967211         -0.95556021639105204                            0                            0                            0                            0
0                            0                            0                            0                            0                            0                            0                            0                            0         -0.95556021639105204           4.7499811934165219                            0                            0                            0                            0
0                            0                            0                            0                            0                            0                            0                            0                            0                            0                            0           24.010429632292741           1.3972746136439385                            0                            0
0                            0                            0                            0                            0                            0                            0                            0                            0                            0                            0           1.3972746136439405           22.461385700876733                            0                            0
0                            0                            0                            0                            0                            0                            0                            0                            0                            0                            0                            0                            0           9.1225438113705728         -0.62772346074773333
0                            0                            0                            0                            0                            0                            0                            0                            0                            0                            0                            0                            0         -0.62772346074773333           11.640580781079501
