2079
11
-2080          0.68307780415070229
-2080         0.010709588189068722
-2080         0.033785970676713434
236           10.716214515125056
236           28.319636928178156
239            4.829391794768136
239           14.621272189125984
254           13.420862344202337
254           11.493296571839648
255           7.1572912304415244
255          -2.7330530060912515
116.73115770847724       -0.0004562053867181344          -10.017994689915168                            0                            0                            0                            0                            0                            0                            0                            0
-0.00045620538671814134            116.7842055183079          -35.739866465073447                            0                            0                            0                            0                            0                            0                            0                            0
-10.017994689915168          -35.739866465073447           13512.741524730425                            0                            0                            0                            0                            0                            0                            0                            0
0                            0                            0           4.1511055417819129          0.63223572126798022                            0                            0                            0                            0                            0                            0
0                            0                            0          0.63223572126798022           6.5292304484339478                            0                            0                            0                            0                            0                            0
0                            0                            0                            0                            0            16.37632681837832         0.056128425673447987                            0                            0                            0                            0
0                            0                            0                            0                            0         0.056128425673448223           17.127454949561976                            0                            0                            0                            0
0                            0                            0                            0                            0                            0                            0           15.850502346917663          0.56540770071192703                            0                            0
0                            0                            0                            0                            0                            0                            0          0.56540770071192525           15.999377018825403                            0                            0
0                            0                            0                            0                            0                            0                            0                            0                            0           96.045034076972058           51.825697804825126
0                            0                            0                            0                            0                            0                            0                            0                            0           51.825697804825111           100.57055174307261
