2354
23
-2355          0.53771274118295143
-2355      -0.00052053353385029112
-2355       -0.0021883199190126535
2           47.538994862536057
2           15.995872796099425
3           44.080847575056971
3           9.4344828073767957
6           44.546314875698492
6          -5.5925665794869879
19            33.76187125326414
19           6.0568113833402046
21           28.046935752666894
21          -2.6948027006314699
22           26.826911377271113
22          -9.1643720135310964
23           19.060642103245016
23           7.3834273548165639
25           20.462813718111601
25          -8.3704094005714396
35           15.113633586963724
35           3.9650395199451807
39           12.171404410509027
39           13.929054225284959
117.30665892664403        0.0002443804231815911          -6.3004130432518313                            0                            0                            0                            0                            0                            0                            0                            0                            0                            0                            0                            0                            0                            0                            0                            0                            0                            0                            0                            0
0.00024438042318159457            117.3479818837213            -27.9933876091211                            0                            0                            0                            0                            0                            0                            0                            0                            0                            0                            0                            0                            0                            0                            0                            0                            0                            0                            0                            0
-6.3004130432518322            -27.9933876091211           14334.319632678833                            0                            0                            0                            0                            0                            0                            0                            0                            0                            0                            0                            0                            0                            0                            0                            0                            0                            0                            0                            0
0                            0                            0           2.9610096656084726          0.50909702541260848                            0                            0                            0                            0                            0                            0                            0                            0                            0                            0                            0                            0                            0                            0                            0                            0                            0                            0
0                            0                            0          0.50909702541260848           1.7036447274435074                            0                            0                            0                            0                            0                            0                            0                            0                            0                            0                            0                            0                            0                            0                            0                            0                            0                            0
0                            0                            0                            0                            0            3.715003292978913          0.39649089725052389                            0                            0                            0                            0                            0                            0                            0                            0                            0                            0                            0                            0                            0                            0                            0                            0
0                            0                            0                            0                            0          0.39649089725052394           2.0144483468333272                            0                            0                            0                            0                            0                            0                            0                            0                            0                            0                            0                            0                            0                            0                            0                            0
0                            0                            0                            0                            0                            0                            0           3.7707907354733585         -0.27478135892977978                            0                            0                            0                            0                            0                            0                            0                            0                            0                            0                            0                            0                            0                            0
0                            0                            0                            0                            0                            0                            0         -0.27478135892977984           1.9732520807411587                            0                            0                            0                            0                            0                            0                            0                            0                            0                            0                            0                            0                            0                            0
0                            0                            0                            0                            0                            0                            0                            0                            0           6.0136095839514532          0.46018126189076286                            0                            0                            0                            0                            0                            0                            0                            0                            0                            0                            0                            0
0                            0                            0                            0                            0                            0                            0                            0                            0          0.46018126189076292           3.6159832376942127                            0                            0                            0                            0                            0                            0                            0                            0                            0                            0                            0                            0
0                            0                            0                            0                            0                            0                            0                            0                            0                            0                            0           8.3631564904695228         -0.37962133509140489                            0                            0                            0                            0                            0                            0                            0                            0                            0                            0
0                            0                            0                            0                            0                            0                            0                            0                            0                            0                            0         -0.37962133509140489           5.5296242700730183                            0                            0                            0                            0                            0                            0                            0                            0                            0                            0
0                            0                            0                            0                            0                            0                            0                            0                            0                            0                            0                            0                            0           7.7320168123907855           -1.038200870966655                            0                            0                            0                            0                            0                            0                            0                            0
0                            0                            0                            0                            0                            0                            0                            0                            0                            0                            0                            0                            0          -1.0382008709666548           5.6915425034642713                            0                            0                            0                            0                            0                            0                            0                            0
0                            0                            0                            0                            0                            0                            0                            0                            0                            0                            0                            0                            0                            0                            0           13.580938568534338          0.85289005515344629                            0                            0                            0                            0                            0                            0
0                            0                            0                            0                            0                            0                            0                            0                            0                            0                            0                            0                            0                            0                            0          0.85289005515344629           12.071791809168808                            0                            0                            0                            0                            0                            0
0                            0                            0                            0                            0                            0                            0                            0                            0                            0                            0                            0                            0                            0                            0                            0                            0            11.36444599759888          -1.1532358830823206                            0                            0                            0                            0
0                            0                            0                            0                            0                            0                            0                            0                            0                            0                            0                            0                            0                            0                            0                            0                            0          -1.1532358830823213           9.8087111474642352                            0                            0                            0                            0
0                            0                            0                            0                            0                            0                            0                            0                            0                            0                            0                            0                            0                            0                            0                            0                            0                            0                            0           21.150611403232318         -0.67920724084900053                            0                            0
0                            0                            0                            0                            0                            0                            0                            0                            0                            0                            0                            0                            0                            0                            0                            0                            0                            0                            0         -0.67920724084900053           23.164543692860235                            0                            0
0                            0                            0                            0                            0                            0                            0                            0                            0                            0                            0                            0                            0                            0                            0                            0                            0                            0                            0                            0                            0           13.622555978226437          0.84957937119114479
0                            0                            0                            0                            0                            0                            0                            0                            0                            0                            0                            0                            0                            0                            0                            0                            0                            0                            0                            0                            0          0.84957937119114479           14.451291070032863
