669
17
-670          0.54494131324575512
-670        0.0035355039792083509
-670         0.016091733240063008
174            9.751992294125321
174          -3.4154097179746885
177           9.5428182430622517
177           8.2173495535621512
178           25.507140953532346
178           -6.664536617222069
180           21.689208639174765
180            5.635382939875142
183           24.239009719637277
183           7.9464705605108916
185           34.996302711320141
185          -5.2855997308097393
186           38.292172204568836
186         -0.85598693898463929
117.30141713968224        6.807867208637533e-05          -6.7383000522529866                            0                            0                            0                            0                            0                            0                            0                            0                            0                            0                            0                            0                            0                            0
6.8078672086373596e-05           117.34709640228935          -28.209669533423789                            0                            0                            0                            0                            0                            0                            0                            0                            0                            0                            0                            0                            0                            0
-6.7383000522529866          -28.209669533423789           14226.924614485864                            0                            0                            0                            0                            0                            0                            0                            0                            0                            0                            0                            0                            0                            0
0                            0                            0           43.155812228329403           13.911846935325942                            0                            0                            0                            0                            0                            0                            0                            0                            0                            0                            0                            0
0                            0                            0           13.911846935325945           55.253898640413524                            0                            0                            0                            0                            0                            0                            0                            0                            0                            0                            0                            0
0                            0                            0                            0                            0            32.00787355385507          -4.5257876034453197                            0                            0                            0                            0                            0                            0                            0                            0                            0                            0
0                            0                            0                            0                            0          -4.5257876034453215            29.32667482690988                            0                            0                            0                            0                            0                            0                            0                            0                            0                            0
0                            0                            0                            0                            0                            0                            0           8.9589042203271259         -0.88597895229418155                            0                            0                            0                            0                            0                            0                            0                            0
0                            0                            0                            0                            0                            0                            0         -0.88597895229418122           6.5642405489709708                            0                            0                            0                            0                            0                            0                            0                            0
0                            0                            0                            0                            0                            0                            0                            0                            0           11.990829436745965          0.72642429184509849                            0                            0                            0                            0                            0                            0
0                            0                            0                            0                            0                            0                            0                            0                            0          0.72642429184509816           9.6657856827981572                            0                            0                            0                            0                            0                            0
0                            0                            0                            0                            0                            0                            0                            0                            0                            0                            0           9.5575815605044045          0.95801938493618366                            0                            0                            0                            0
0                            0                            0                            0                            0                            0                            0                            0                            0                            0                            0           0.9580193849361831           7.2741354729592196                            0                            0                            0                            0
0                            0                            0                            0                            0                            0                            0                            0                            0                            0                            0                            0                            0           5.6552183779435552         -0.44448791729445436                            0                            0
0                            0                            0                            0                            0                            0                            0                            0                            0                            0                            0                            0                            0         -0.44448791729445436           3.3393571524789429                            0                            0
0                            0                            0                            0                            0                            0                            0                            0                            0                            0                            0                            0                            0                            0                            0           5.0375444042153417        -0.089803681716695102
0                            0                            0                            0                            0                            0                            0                            0                            0                            0                            0                            0                            0                            0                            0        -0.089803681716695075           2.7554164723061612
