5136
15
-5137          0.74201597905719474
-5137      -0.00075764654713967911
-5137       -0.0031769426481784075
85           31.204924927061484
85          -15.333787789144226
87           22.437362732319588
87           -11.84903900251293
91           23.690374754535458
91          -3.5508115261978164
96           14.280654238227108
96          -7.9276660242419368
103           6.2292298563181916
103          -3.9643565186273539
110           20.218500925656667
110          -1.5183941180587435
116.7300275623511      -0.00059214543325428887          -11.186519991479187                            0                            0                            0                            0                            0                            0                            0                            0                            0                            0                            0                            0
-0.00059214543325428887           116.77714449962261          -38.391511670145924                            0                            0                            0                            0                            0                            0                            0                            0                            0                            0                            0                            0
-11.186519991479187          -38.391511670145924           13427.574633225448                            0                            0                            0                            0                            0                            0                            0                            0                            0                            0                            0                            0
0                            0                            0           5.1381927303547092          -1.0765665405419997                            0                            0                            0                            0                            0                            0                            0                            0                            0                            0
0                            0                            0          -1.0765665405419997           3.8950807663897753                            0                            0                            0                            0                            0                            0                            0                            0                            0                            0
0                            0                            0                            0                            0           8.6324172095414102          -1.3731615036984266                            0                            0                            0                            0                            0                            0                            0                            0
0                            0                            0                            0                            0          -1.3731615036984266           7.4666722557244229                            0                            0                            0                            0                            0                            0                            0                            0
0                            0                            0                            0                            0                            0                            0           10.762708210568476         -0.57186204309932509                            0                            0                            0                            0                            0                            0
0                            0                            0                            0                            0                            0                            0         -0.57186204309932509           8.0682631162477811                            0                            0                            0                            0                            0                            0
0                            0                            0                            0                            0                            0                            0                            0                            0           18.141356864854565        -0.026683998594039225                            0                            0                            0                            0
0                            0                            0                            0                            0                            0                            0                            0                            0        -0.026683998594038083           18.129525464722025                            0                            0                            0                            0
0                            0                            0                            0                            0                            0                            0                            0                            0                            0                            0            107.4732262979179           34.875375847083454                            0                            0
0                            0                            0                            0                            0                            0                            0                            0                            0                            0                            0           34.875375847083454           63.037096724596303                            0                            0
0                            0                            0                            0                            0                            0                            0                            0                            0                            0                            0                            0                            0           14.140838514450504         -0.26678871164971485
0                            0                            0                            0                            0                            0                            0                            0                            0                            0                            0                            0                            0         -0.26678871164971457           12.000776358515967
