1520
19
-1521          0.46048584141510368
-1521      -0.00063105358659950044
-1521       -0.0030424681113936174
84           17.395667835590942
84          -4.2548040676631773
90           4.8107070084861538
90          -3.5584185536713333
91           23.783340402218055
91          -3.9346338022016205
93           7.1459815985269177
93           26.067168570368029
96           30.739203117737357
96            3.810173917103596
97            22.47007653753214
97           17.626299776112322
103           39.549355674191368
103           3.6294131231184332
117           56.990693986891877
117           2.8232290722839899
116.76762331386531       0.00035053407154691206          -4.6743524098422391                            0                            0                            0                            0                            0                            0                            0                            0                            0                            0                            0                            0                            0                            0                            0                            0
0.00035053407154691379           116.80576460691802          -24.058247760258762                            0                            0                            0                            0                            0                            0                            0                            0                            0                            0                            0                            0                            0                            0                            0                            0
-4.6743524098422391          -24.058247760258762           14541.389130736574                            0                            0                            0                            0                            0                            0                            0                            0                            0                            0                            0                            0                            0                            0                            0                            0
0                            0                            0           16.659424007204816         -0.30601392876264444                            0                            0                            0                            0                            0                            0                            0                            0                            0                            0                            0                            0                            0                            0
0                            0                            0         -0.30601392876264444           15.889999538557303                            0                            0                            0                            0                            0                            0                            0                            0                            0                            0                            0                            0                            0                            0
0                            0                            0                            0                            0           178.90011750122721           32.817102642588232                            0                            0                            0                            0                            0                            0                            0                            0                            0                            0                            0                            0
0                            0                            0                            0                            0           32.817102642588232           58.016949079045958                            0                            0                            0                            0                            0                            0                            0                            0                            0                            0                            0                            0
0                            0                            0                            0                            0                            0                            0           10.619932607555761         -0.62074413839395903                            0                            0                            0                            0                            0                            0                            0                            0                            0                            0
0                            0                            0                            0                            0                            0                            0         -0.62074413839395903            7.957552406252586                            0                            0                            0                            0                            0                            0                            0                            0                            0                            0
0                            0                            0                            0                            0                            0                            0                            0                            0           4.9853965887088627            0.371580340782665                            0                            0                            0                            0                            0                            0                            0                            0
0                            0                            0                            0                            0                            0                            0                            0                            0            0.371580340782665            7.758910010498191                            0                            0                            0                            0                            0                            0                            0                            0
0                            0                            0                            0                            0                            0                            0                            0                            0                            0                            0           7.1997273804500379          0.33765857560891133                            0                            0                            0                            0                            0                            0
0                            0                            0                            0                            0                            0                            0                            0                            0                            0                            0          0.33765857560891133           4.4911782262558511                            0                            0                            0                            0                            0                            0
0                            0                            0                            0                            0                            0                            0                            0                            0                            0                            0                            0                            0           6.6814912714375803           1.4414728139557631                            0                            0                            0                            0
0                            0                            0                            0                            0                            0                            0                            0                            0                            0                            0                            0                            0           1.4414728139557635           6.4292662114336947                            0                            0                            0                            0
0                            0                            0                            0                            0                            0                            0                            0                            0                            0                            0                            0                            0                            0                            0           4.7285705460483571          0.19092295246895147                            0                            0
0                            0                            0                            0                            0                            0                            0                            0                            0                            0                            0                            0                            0                            0                            0          0.19092295246895161           2.5630148074785586                            0                            0
0                            0                            0                            0                            0                            0                            0                            0                            0                            0                            0                            0                            0                            0                            0                            0                            0           2.4961962577688475          0.05846045524168781
0                            0                            0                            0                            0                            0                            0                            0                            0                            0                            0                            0                            0                            0                            0                            0                            0          0.05846045524168781           1.1597841356573855
