6296
5
-6297           0.6389464783674802
-6297         0.001130649383905323
-6297        0.0034172433749880089
551           15.654531974061795
551           3.1325203600324327
117.29210793760856       0.00021020099348012175          -8.6643782988591731                            0                            0
0.00021020099348012175           117.33751435945533          -33.242182153732202                            0                            0
-8.6643782988591731          -33.242182153732202           13913.377966558766                            0                            0
0                            0                            0           20.444493947339133         -0.38717311751131023
0                            0                            0         -0.38717311751131178           22.105084807215668
