4551
9
-4552           0.6704437007120726
-4552       -0.0039459199672626103
-4552        -0.013208009786067086
542           13.061747001419208
542           1.2304893313259759
550           23.904967741364089
550           11.655451779233102
552           35.244011832098643
552          -3.0848713277003244
116.74187314007911       0.00073989995444070575          -9.4085320258570135                            0                            0                            0                            0                            0                            0
0.00073989995444070228           116.78523226675097          -34.635856232751713                            0                            0                            0                            0                            0                            0
-9.4085320258570135          -34.635856232751713           13763.262878873378                            0                            0                            0                            0                            0                            0
0                            0                            0           26.885358631121473          -0.8645704270867024                            0                            0                            0                            0
0                            0                            0         -0.86457042708670329           37.802724318245311                            0                            0                            0                            0
0                            0                            0                            0                            0           8.4775059542685121            1.262270386166636                            0                            0
0                            0                            0                            0                            0            1.262270386166636           6.8999977979919471                            0                            0
0                            0                            0                            0                            0                            0                            0            5.727887833236057         -0.27963934696138448
0                            0                            0                            0                            0                            0                            0         -0.27963934696138448           3.3053856635084262
