4185
19
-4186          0.10800041851952391
-4186       6.7851070867394077e-05
-4186        0.0014261882580355249
64           43.314236555145911
64           28.699496879385968
169           12.166886247453922
169           5.8430358090282501
173            9.320780859913933
173          -14.723170298759889
174           25.155673940134356
174           -18.08158986804272
178           9.5483347557597149
178          -21.804495535855597
182           10.242513264567865
182         -0.69775603631238159
232           6.2937025531339916
232            2.823642738974022
233           20.104991541371437
233            18.95204629661524
117.3403170497252      -2.6379296573918052e-05         -0.32924872065852084                            0                            0                            0                            0                            0                            0                            0                            0                            0                            0                            0                            0                            0                            0                            0                            0
-2.6379296573918052e-05           117.37005248006029           -5.467156564620427                            0                            0                            0                            0                            0                            0                            0                            0                            0                            0                            0                            0                            0                            0                            0                            0
-0.32924872065852084           -5.467156564620427           15363.288845732433                            0                            0                            0                            0                            0                            0                            0                            0                            0                            0                            0                            0                            0                            0                            0                            0
0                            0                            0           2.4020990819640722          0.72042492173373296                            0                            0                            0                            0                            0                            0                            0                            0                            0                            0                            0                            0                            0                            0
0                            0                            0          0.72042492173373285           1.9059746942541318                            0                            0                            0                            0                            0                            0                            0                            0                            0                            0                            0                            0                            0                            0
0                            0                            0                            0                            0           27.466046188217756          -3.6511811687101705                            0                            0                            0                            0                            0                            0                            0                            0                            0                            0                            0                            0
0                            0                            0                            0                            0          -3.6511811687101674            30.87119366877949                            0                            0                            0                            0                            0                            0                            0                            0                            0                            0                            0                            0
0                            0                            0                            0                            0                            0                            0           12.749422081648497         -0.66181297909962244                            0                            0                            0                            0                            0                            0                            0                            0                            0                            0
0                            0                            0                            0                            0                            0                            0         -0.66181297909962178           14.326858072583398                            0                            0                            0                            0                            0                            0                            0                            0                            0                            0
0                            0                            0                            0                            0                            0                            0                            0                            0           5.6396571610107911          -1.3451143043917131                            0                            0                            0                            0                            0                            0                            0                            0
0                            0                            0                            0                            0                            0                            0                            0                            0          -1.3451143043917131           5.2615701867921141                            0                            0                            0                            0                            0                            0                            0                            0
0                            0                            0                            0                            0                            0                            0                            0                            0                            0                            0           6.3716464072342687         -0.72149151896908392                            0                            0                            0                            0                            0                            0
0                            0                            0                            0                            0                            0                            0                            0                            0                            0                            0         -0.72149151896908381           8.9748567177213587                            0                            0                            0                            0                            0                            0
0                            0                            0                            0                            0                            0                            0                            0                            0                            0                            0                            0                            0           37.724509549861892           7.0926787317046562                            0                            0                            0                            0
0                            0                            0                            0                            0                            0                            0                            0                            0                            0                            0                            0                            0            7.092678731704658           74.678629156562081                            0                            0                            0                            0
0                            0                            0                            0                            0                            0                            0                            0                            0                            0                            0                            0                            0                            0                            0           159.01207675970119          -111.97907089104756                            0                            0
0                            0                            0                            0                            0                            0                            0                            0                            0                            0                            0                            0                            0                            0                            0          -111.97907089104751           176.63796477522195                            0                            0
0                            0                            0                            0                            0                            0                            0                            0                            0                            0                            0                            0                            0                            0                            0                            0                            0           6.6934762514683612           1.4525190568737361
0                            0                            0                            0                            0                            0                            0                            0                            0                            0                            0                            0                            0                            0                            0                            0                            0           1.4525190568737354            7.050170080671049
