2244
21
-2245          0.62336350532951346
-2245       -0.0028760918372957522
-2245        -0.010457339515661881
154           33.092862149886429
154           16.415585576996648
169           29.688897272810969
169          0.38695039182120894
173           26.605938794286008
173          -20.233623000993362
179           16.565455682561389
179          -15.864637014669896
191           10.025326051818535
191           -22.40759072222232
220           15.334509507087525
220          -30.403939479438126
232           23.719158673935166
232          -2.6580524871133444
235           16.681687220439002
235            10.13414679666942
241           16.843355186415764
241           20.050692651735943
116.74894675987004        0.0002535049896946924          -8.1493826711012858                            0                            0                            0                            0                            0                            0                            0                            0                            0                            0                            0                            0                            0                            0                            0                            0                            0                            0
0.00025350498969469934           116.79126028800704          -32.147581192653064                            0                            0                            0                            0                            0                            0                            0                            0                            0                            0                            0                            0                            0                            0                            0                            0                            0                            0
-8.1493826711012858          -32.147581192653064           13967.641239406745                            0                            0                            0                            0                            0                            0                            0                            0                            0                            0                            0                            0                            0                            0                            0                            0                            0                            0
0                            0                            0           4.7806701252688999          0.99358988022264927                            0                            0                            0                            0                            0                            0                            0                            0                            0                            0                            0                            0                            0                            0                            0                            0
0                            0                            0           0.9935898802226496           3.4901804997873134                            0                            0                            0                            0                            0                            0                            0                            0                            0                            0                            0                            0                            0                            0                            0                            0
0                            0                            0                            0                            0           7.7550900071837763         -0.01249990517265912                            0                            0                            0                            0                            0                            0                            0                            0                            0                            0                            0                            0                            0                            0
0                            0                            0                            0                            0        -0.012499905172659125           4.8903954862249783                            0                            0                            0                            0                            0                            0                            0                            0                            0                            0                            0                            0                            0                            0
0                            0                            0                            0                            0                            0                            0           4.8463161692466619          -1.2662432754008921                            0                            0                            0                            0                            0                            0                            0                            0                            0                            0                            0                            0
0                            0                            0                            0                            0                            0                            0          -1.2662432754008921           4.6024654496968909                            0                            0                            0                            0                            0                            0                            0                            0                            0                            0                            0                            0
0                            0                            0                            0                            0                            0                            0                            0                            0           8.7309079165553065          -1.4321812390056294                            0                            0                            0                            0                            0                            0                            0                            0                            0                            0
0                            0                            0                            0                            0                            0                            0                            0                            0          -1.4321812390056294           9.4450736926167984                            0                            0                            0                            0                            0                            0                            0                            0                            0                            0
0                            0                            0                            0                            0                            0                            0                            0                            0                            0                            0           6.0277856059028405         -0.75100613239773684                            0                            0                            0                            0                            0                            0                            0                            0
0                            0                            0                            0                            0                            0                            0                            0                            0                            0                            0         -0.75100613239773661           8.5776964326215683                            0                            0                            0                            0                            0                            0                            0                            0
0                            0                            0                            0                            0                            0                            0                            0                            0                            0                            0                            0                            0           3.3093787116423954         -0.78539226947152707                            0                            0                            0                            0                            0                            0
0                            0                            0                            0                            0                            0                            0                            0                            0                            0                            0                            0                            0         -0.78539226947152696           5.1163596197937036                            0                            0                            0                            0                            0                            0
0                            0                            0                            0                            0                            0                            0                            0                            0                            0                            0                            0                            0                            0                            0           10.901951286741957         -0.45089540927374494                            0                            0                            0                            0
0                            0                            0                            0                            0                            0                            0                            0                            0                            0                            0                            0                            0                            0                            0         -0.45089540927374494            8.126524530522552                            0                            0                            0                            0
0                            0                            0                            0                            0                            0                            0                            0                            0                            0                            0                            0                            0                            0                            0                            0                            0           13.955962719386429          0.96646210862766702                            0                            0
0                            0                            0                            0                            0                            0                            0                            0                            0                            0                            0                            0                            0                            0                            0                            0                            0          0.96646210862766568           13.383404481496379                            0                            0
0                            0                            0                            0                            0                            0                            0                            0                            0                            0                            0                            0                            0                            0                            0                            0                            0                            0                            0           6.8530873244583512           1.3700664282178598
0                            0                            0                            0                            0                            0                            0                            0                            0                            0                            0                            0                            0                            0                            0                            0                            0                            0                            0           1.3700664282178607           7.9880875162981555
