4342
23
-4343          0.73093535138912435
-4343       -0.0018243430617061978
-4343       -0.0056060865023022924
1           38.440073902965047
1           12.097098501528054
2           29.625300353028248
2           16.183313253942423
5           28.841186075425853
5           2.5824239769833852
6           27.342752445676677
6          -5.3748540087688346
11           21.763382854803375
11          -19.298160521115257
18           17.068282648760636
18           14.381121148565832
19           16.121562405289691
19           5.8023536619180707
21            10.44421816446131
21          -3.1561152832021606
22           9.3935754851331303
22          -9.6271582530011148
26           7.1725522123937235
26           20.243490902555578
116.7323238759402       0.00027983709921596683          -10.886749072427079                            0                            0                            0                            0                            0                            0                            0                            0                            0                            0                            0                            0                            0                            0                            0                            0                            0                            0                            0                            0
0.00027983709921597724           116.77820457290977          -37.892057934938471                            0                            0                            0                            0                            0                            0                            0                            0                            0                            0                            0                            0                            0                            0                            0                            0                            0                            0                            0                            0
-10.886749072427083          -37.892057934938471           13490.016662832184                            0                            0                            0                            0                            0                            0                            0                            0                            0                            0                            0                            0                            0                            0                            0                            0                            0                            0                            0                            0
0                            0                            0           4.3978929062307648          0.64923514318079933                            0                            0                            0                            0                            0                            0                            0                            0                            0                            0                            0                            0                            0                            0                            0                            0                            0                            0
0                            0                            0          0.64923514318079933           2.6747646366866333                            0                            0                            0                            0                            0                            0                            0                            0                            0                            0                            0                            0                            0                            0                            0                            0                            0                            0
0                            0                            0                            0                            0            5.482211102039523           1.1470661483452087                            0                            0                            0                            0                            0                            0                            0                            0                            0                            0                            0                            0                            0                            0                            0                            0
0                            0                            0                            0                            0           1.1470661483452087           4.2879614187758888                            0                            0                            0                            0                            0                            0                            0                            0                            0                            0                            0                            0                            0                            0                            0                            0
0                            0                            0                            0                            0                            0                            0           8.0749555070108521            0.239635548722024                            0                            0                            0                            0                            0                            0                            0                            0                            0                            0                            0                            0                            0                            0
0                            0                            0                            0                            0                            0                            0            0.239635548722024           5.2109443620019871                            0                            0                            0                            0                            0                            0                            0                            0                            0                            0                            0                            0                            0                            0
0                            0                            0                            0                            0                            0                            0                            0                            0           8.3356229631074008         -0.69035838722560028                            0                            0                            0                            0                            0                            0                            0                            0                            0                            0                            0                            0
0                            0                            0                            0                            0                            0                            0                            0                            0         -0.69035838722560028           5.7388723842494045                            0                            0                            0                            0                            0                            0                            0                            0                            0                            0                            0                            0
0                            0                            0                            0                            0                            0                            0                            0                            0                            0                            0           5.8623834455743404          -1.4019212335089597                            0                            0                            0                            0                            0                            0                            0                            0                            0                            0
0                            0                            0                            0                            0                            0                            0                            0                            0                            0                            0          -1.4019212335089597           6.1323627680193322                            0                            0                            0                            0                            0                            0                            0                            0                            0                            0
0                            0                            0                            0                            0                            0                            0                            0                            0                            0                            0                            0                            0           10.241073527006332           1.4112095984624082                            0                            0                            0                            0                            0                            0                            0                            0
0                            0                            0                            0                            0                            0                            0                            0                            0                            0                            0                            0                            0           1.4112095984624089           10.364303010427157                            0                            0                            0                            0                            0                            0                            0                            0
0                            0                            0                            0                            0                            0                            0                            0                            0                            0                            0                            0                            0                            0                            0            18.20958777472703        0.0065089328656859962                            0                            0                            0                            0                            0                            0
0                            0                            0                            0                            0                            0                            0                            0                            0                            0                            0                            0                            0                            0                            0        0.0065089328656871464           18.197234281413703                            0                            0                            0                            0                            0                            0
0                            0                            0                            0                            0                            0                            0                            0                            0                            0                            0                            0                            0                            0                            0                            0                            0           37.955380744253787           10.347628728026114                            0                            0                            0                            0
0                            0                            0                            0                            0                            0                            0                            0                            0                            0                            0                            0                            0                            0                            0                            0                            0           10.347628728026114           51.139713809259206                            0                            0                            0                            0
0                            0                            0                            0                            0                            0                            0                            0                            0                            0                            0                            0                            0                            0                            0                            0                            0                            0                            0            23.77797691386353           1.2763660026734471                            0                            0
0                            0                            0                            0                            0                            0                            0                            0                            0                            0                            0                            0                            0                            0                            0                            0                            0                            0                            0           1.2763660026734471           22.182852920084215                            0                            0
0                            0                            0                            0                            0                            0                            0                            0                            0                            0                            0                            0                            0                            0                            0                            0                            0                            0                            0                            0                            0            8.263488756605252          0.48513738449954941
0                            0                            0                            0                            0                            0                            0                            0                            0                            0                            0                            0                            0                            0                            0                            0                            0                            0                            0                            0                            0          0.48513738449954941           11.003460179355146
