5213
23
-5214          0.76590549509353556
-5214       0.00050523945684954603
-5214        0.0013919708041656503
3           5.8775486885395383
3           -11.09959620519607
9           20.489773082122099
9          -26.502692404912395
11            8.522712882441116
11           17.896069432169494
18           15.204514969374051
18          -15.369652395261406
19            15.74638105125057
19          -6.6901271259740884
21           20.756814479316745
21            2.584490711372978
22           21.487801544618197
22           9.0412295308847597
24           17.867959997586016
24           20.998108992063891
25           27.916746856994411
25           8.9289293424006662
39           37.891850321405222
39          -12.594312506898754
116.72539872740816      -0.00071918873114101833          -11.859343808545063                            0                            0                            0                            0                            0                            0                            0                            0                            0                            0                            0                            0                            0                            0                            0                            0                            0                            0                            0                            0
-0.00071918873114103221           116.77393352691226          -39.721749231698425                            0                            0                            0                            0                            0                            0                            0                            0                            0                            0                            0                            0                            0                            0                            0                            0                            0                            0                            0                            0
-11.859343808545063          -39.721749231698425           13298.765150152807                            0                            0                            0                            0                            0                            0                            0                            0                            0                            0                            0                            0                            0                            0                            0                            0                            0                            0                            0                            0
0                            0                            0           23.544691680088967          0.44827003267382143                            0                            0                            0                            0                            0                            0                            0                            0                            0                            0                            0                            0                            0                            0                            0                            0                            0                            0
0                            0                            0          0.44827003267382104             21.1467863511436                            0                            0                            0                            0                            0                            0                            0                            0                            0                            0                            0                            0                            0                            0                            0                            0                            0                            0
0                            0                            0                            0                            0           3.9423396752888857          -1.1097857054159386                            0                            0                            0                            0                            0                            0                            0                            0                            0                            0                            0                            0                            0                            0                            0                            0
0                            0                            0                            0                            0          -1.1097857054159386           5.0489771584908665                            0                            0                            0                            0                            0                            0                            0                            0                            0                            0                            0                            0                            0                            0                            0                            0
0                            0                            0                            0                            0                            0                            0           10.279250920932776          0.66730998463944635                            0                            0                            0                            0                            0                            0                            0                            0                            0                            0                            0                            0                            0                            0
0                            0                            0                            0                            0                            0                            0           0.6673099846394468           12.544986021093667                            0                            0                            0                            0                            0                            0                            0                            0                            0                            0                            0                            0                            0                            0
0                            0                            0                            0                            0                            0                            0                            0                            0           9.5629183063521115          -1.3576901507111585                            0                            0                            0                            0                            0                            0                            0                            0                            0                            0                            0                            0
0                            0                            0                            0                            0                            0                            0                            0                            0          -1.3576901507111585           10.471471845876149                            0                            0                            0                            0                            0                            0                            0                            0                            0                            0                            0                            0
0                            0                            0                            0                            0                            0                            0                            0                            0                            0                            0           17.266217554279859         -0.25356418704389455                            0                            0                            0                            0                            0                            0                            0                            0                            0                            0
0                            0                            0                            0                            0                            0                            0                            0                            0                            0                            0         -0.25356418704389561           16.996572614714228                            0                            0                            0                            0                            0                            0                            0                            0                            0                            0
0                            0                            0                            0                            0                            0                            0                            0                            0                            0                            0                            0                            0           13.576533782802532          0.28921456301752824                            0                            0                            0                            0                            0                            0                            0                            0
0                            0                            0                            0                            0                            0                            0                            0                            0                            0                            0                            0                            0          0.28921456301752824           11.256581272699323                            0                            0                            0                            0                            0                            0                            0                            0
0                            0                            0                            0                            0                            0                            0                            0                            0                            0                            0                            0                            0                            0                            0           10.824803623188735           1.1246014335080898                            0                            0                            0                            0                            0                            0
0                            0                            0                            0                            0                            0                            0                            0                            0                            0                            0                            0                            0                            0                            0           1.1246014335080898           9.0357068788918156                            0                            0                            0                            0                            0                            0
0                            0                            0                            0                            0                            0                            0                            0                            0                            0                            0                            0                            0                            0                            0                            0                            0            6.242150416488327           1.3614343745436275                            0                            0                            0                            0
0                            0                            0                            0                            0                            0                            0                            0                            0                            0                            0                            0                            0                            0                            0                            0                            0           1.3614343745436273           7.2873618013847956                            0                            0                            0                            0
0                            0                            0                            0                            0                            0                            0                            0                            0                            0                            0                            0                            0                            0                            0                            0                            0                            0                            0           7.5920615941060028          0.89735635339229036                            0                            0
0                            0                            0                            0                            0                            0                            0                            0                            0                            0                            0                            0                            0                            0                            0                            0                            0                            0                            0          0.89735635339229058           5.3357984946185706                            0                            0
0                            0                            0                            0                            0                            0                            0                            0                            0                            0                            0                            0                            0                            0                            0                            0                            0                            0                            0                            0                            0            4.339939718235426         -0.72206932423575743
0                            0                            0                            0                            0                            0                            0                            0                            0                            0                            0                            0                            0                            0                            0                            0                            0                            0                            0                            0                            0         -0.72206932423575743           2.7360612620944451
