1218
15
-1219          0.35963762313601655
-1219        0.0041122521418608506
-1219         0.025645892997180147
221           37.602785076617224
221           24.848921122501366
236           33.334102951974415
236           16.379992337839298
239           20.299406644119063
239           23.874419756199039
254           16.294115832869682
254           15.816512775677003
287           8.7831932962681201
287           -20.33979988666351
290           33.204045233216213
290           -21.87456391674505
116.77137704546472      -0.00045535844686929363          -3.4498174214257342                            0                            0                            0                            0                            0                            0                            0                            0                            0                            0                            0                            0
-0.00045535844686929276           116.81264673800153          -18.678560344746764                            0                            0                            0                            0                            0                            0                            0                            0                            0                            0                            0                            0
-3.4498174214257342          -18.678560344746764           14740.431360631886                            0                            0                            0                            0                            0                            0                            0                            0                            0                            0                            0                            0
0                            0                            0           3.1117068658413451          0.87943742604125308                            0                            0                            0                            0                            0                            0                            0                            0                            0                            0
0                            0                            0          0.87943742604125308           2.5231955727446373                            0                            0                            0                            0                            0                            0                            0                            0                            0                            0
0                            0                            0                            0                            0           4.7446896187571115          0.98235127615035311                            0                            0                            0                            0                            0                            0                            0                            0
0                            0                            0                            0                            0          0.98235127615035311           3.4442813673449511                            0                            0                            0                            0                            0                            0                            0                            0
0                            0                            0                            0                            0                            0                            0            4.905316073472922           1.2709939036039928                            0                            0                            0                            0                            0                            0
0                            0                            0                            0                            0                            0                            0           1.2709939036039923           5.8054811671518527                            0                            0                            0                            0                            0                            0
0                            0                            0                            0                            0                            0                            0                            0                            0           9.5466427871234192           1.4136276567667474                            0                            0                            0                            0
0                            0                            0                            0                            0                            0                            0                            0                            0           1.4136276567667474           10.121854381719679                            0                            0                            0                            0
0                            0                            0                            0                            0                            0                            0                            0                            0                            0                            0           7.3090757374283868         -0.67527050023682189                            0                            0
0                            0                            0                            0                            0                            0                            0                            0                            0                            0                            0         -0.67527050023682189           9.9596616930733965                            0                            0
0                            0                            0                            0                            0                            0                            0                            0                            0                            0                            0                            0                            0           3.7528966852133587           -1.026842658723496
0                            0                            0                            0                            0                            0                            0                            0                            0                            0                            0                            0                            0           -1.026842658723496           3.1833593409099863
