5437
21
-5438          0.58534588443523272
-5438       -0.0031533619350959516
-5438        -0.011940212722722211
103           5.4320115751360749
103          -4.3666691667609321
108           7.9642530808093159
108           16.679306179935747
117             23.0772240274047
117           -3.778091570700723
121           22.912544886190076
121           3.7875724866854563
132           41.150954537620464
132          -3.2630572495893029
134           20.855798928505987
134            16.14708687944335
138           33.360760290776547
138           16.394315842653945
141           35.936198030500627
141          -25.078194856943483
305           26.685279169344575
305          -21.236298322420442
117.30119144868506       0.00057966967338776709          -7.4462397175077601                            0                            0                            0                            0                            0                            0                            0                            0                            0                            0                            0                            0                            0                            0                            0                            0                            0                            0
0.00057966967338777056           117.34300680372283          -30.279972988086861                            0                            0                            0                            0                            0                            0                            0                            0                            0                            0                            0                            0                            0                            0                            0                            0                            0                            0
-7.4462397175077601          -30.279972988086861           14161.067959112595                            0                            0                            0                            0                            0                            0                            0                            0                            0                            0                            0                            0                            0                            0                            0                            0                            0                            0
0                            0                            0           115.95110453455314           24.549827578761427                            0                            0                            0                            0                            0                            0                            0                            0                            0                            0                            0                            0                            0                            0                            0                            0
0                            0                            0            24.54982757876143           51.963188135515807                            0                            0                            0                            0                            0                            0                            0                            0                            0                            0                            0                            0                            0                            0                            0                            0
0                            0                            0                            0                            0           11.896338892005311          0.54797938821928782                            0                            0                            0                            0                            0                            0                            0                            0                            0                            0                            0                            0                            0                            0
0                            0                            0                            0                            0          0.54797938821928727           13.873500862509335                            0                            0                            0                            0                            0                            0                            0                            0                            0                            0                            0                            0                            0                            0
0                            0                            0                            0                            0                            0                            0           11.151578813818618         -0.60941281080482901                            0                            0                            0                            0                            0                            0                            0                            0                            0                            0                            0                            0
0                            0                            0                            0                            0                            0                            0         -0.60941281080482901           8.5377988333823467                            0                            0                            0                            0                            0                            0                            0                            0                            0                            0                            0                            0
0                            0                            0                            0                            0                            0                            0                            0                            0            11.47738898846004          0.47537175106022744                            0                            0                            0                            0                            0                            0                            0                            0                            0                            0
0                            0                            0                            0                            0                            0                            0                            0                            0          0.47537175106022761           8.7925721619208517                            0                            0                            0                            0                            0                            0                            0                            0                            0                            0
0                            0                            0                            0                            0                            0                            0                            0                            0                            0                            0           4.3999503824821735         -0.20873557069207427                            0                            0                            0                            0                            0                            0                            0                            0
0                            0                            0                            0                            0                            0                            0                            0                            0                            0                            0         -0.20873557069207427           2.3480141666385541                            0                            0                            0                            0                            0                            0                            0                            0
0                            0                            0                            0                            0                            0                            0                            0                            0                            0                            0                            0                            0           7.7365569515894146           1.4813848571561703                            0                            0                            0                            0                            0                            0
0                            0                            0                            0                            0                            0                            0                            0                            0                            0                            0                            0                            0           1.4813848571561703           7.4773481889491453                            0                            0                            0                            0                            0                            0
0                            0                            0                            0                            0                            0                            0                            0                            0                            0                            0                            0                            0                            0                            0           4.7378325933908227          0.98148997494209089                            0                            0                            0                            0
0                            0                            0                            0                            0                            0                            0                            0                            0                            0                            0                            0                            0                            0                            0          0.98148997494209089             3.43856450764584                            0                            0                            0                            0
0                            0                            0                            0                            0                            0                            0                            0                            0                            0                            0                            0                            0                            0                            0                            0                            0           3.1001534429099822         -0.91926012103729804                            0                            0
0                            0                            0                            0                            0                            0                            0                            0                            0                            0                            0                            0                            0                            0                            0                            0                            0         -0.91926012103729782           2.6756976002744874                            0                            0
0                            0                            0                            0                            0                            0                            0                            0                            0                            0                            0                            0                            0                            0                            0                            0                            0                            0                            0           4.6037811828629565            -1.24455566027429
0                            0                            0                            0                            0                            0                            0                            0                            0                            0                            0                            0                            0                            0                            0                            0                            0                            0                            0            -1.24455566027429           4.4733323861647278
