3618
13
-3619          0.70374467007080466
-3619        0.0062159109075922703
-3619         0.021997835742738975
253           20.111724539566044
253          -10.309732662164116
256           11.921092915361092
256           21.434785701879736
257           4.8717751721343419
257           5.9887244393934651
258           7.4637428036455233
258          -4.5239912636813022
264           67.697681883992288
264                          0.5
117.27859842870036      -7.5654329088060274e-05          -10.524231242316363                            0                            0                            0                            0                            0                            0                            0                            0                            0                            0
-7.5654329088063743e-05           117.32985238007075            -36.6624165655113                            0                            0                            0                            0                            0                            0                            0                            0                            0                            0
-10.524231242316361            -36.6624165655113           13541.704319936323                            0                            0                            0                            0                            0                            0                            0                            0                            0                            0
0                            0                            0           10.551711799555969          -1.3193211912426737                            0                            0                            0                            0                            0                            0                            0                            0
0                            0                            0          -1.3193211912426732            9.431674559207627                            0                            0                            0                            0                            0                            0                            0                            0
0                            0                            0                            0                            0            6.898365721509391           1.0076829564318985                            0                            0                            0                            0                            0                            0
0                            0                            0                            0                            0           1.0076829564318992           9.0977516749828879                            0                            0                            0                            0                            0                            0
0                            0                            0                            0                            0                            0                            0           102.39664916918859          -12.190448903553925                            0                            0                            0                            0
0                            0                            0                            0                            0                            0                            0          -12.190448903553925           43.535955020436447                            0                            0                            0                            0
0                            0                            0                            0                            0                            0                            0                            0                            0           68.284559600847174           22.231856549794614                            0                            0
0                            0                            0                            0                            0                            0                            0                            0                            0           22.231856549794614           54.265204711484095                            0                            0
0                            0                            0                            0                            0                            0                            0                            0                            0                            0                            0           1.8302201092180987                            0
0                            0                            0                            0                            0                            0                            0                            0                            0                            0                            0                            0          0.80353210374089878
