2902
13
-2903          0.61970249717177506
-2903        0.0019318683539799508
-2903        0.0069887427645567123
239           17.570773108466511
239           18.968084920087119
245           16.271109737489102
245          -3.3785926684003025
250           5.3399154151953292
250          -5.7564790051940786
251           25.262251822782869
251          -10.564086718494156
254           21.753898919545616
254           26.898206319178311
116.74608729305696      -0.00054451947061068609           -8.157934426762349                            0                            0                            0                            0                            0                            0                            0                            0                            0                            0
-0.00054451947061068609           116.79217826175321          -32.144891971269033                            0                            0                            0                            0                            0                            0                            0                            0                            0                            0
-8.1579344267623473          -32.144891971269033            13921.05932846314                            0                            0                            0                            0                            0                            0                            0                            0                            0                            0
0                            0                            0           7.2447926203859501            1.426820467886337                            0                            0                            0                            0                            0                            0                            0                            0
0                            0                            0           1.4268204678863372           8.0900795753380326                            0                            0                            0                            0                            0                            0                            0                            0
0                            0                            0                            0                            0           18.810290722896315          0.11780854317831761                            0                            0                            0                            0                            0                            0
0                            0                            0                            0                            0          0.11780854317831761           19.153115710854713                            0                            0                            0                            0                            0                            0
0                            0                            0                            0                            0                            0                            0           76.499773099034925           9.8574988132326666                            0                            0                            0                            0
0                            0                            0                            0                            0                            0                            0           9.8574988132326666           39.421255298701446                            0                            0                            0                            0
0                            0                            0                            0                            0                            0                            0                            0                            0           7.9501345807865009           -1.198967512755257                            0                            0
0                            0                            0                            0                            0                            0                            0                            0                            0          -1.1989675127552577           6.2397041498224217                            0                            0
0                            0                            0                            0                            0                            0                            0                            0                            0                            0                            0           4.0002501221367037           1.1479041016200491
0                            0                            0                            0                            0                            0                            0                            0                            0                            0                            0           1.1479041016200491           4.9045930233956962
