3870
7
-3871          0.55094103449028242
-3871        0.0021222493851444819
-3871        0.0093068102977763006
288           11.915653567082927
288           12.908933907285791
465           22.784596045268771
465            20.52666560149741
117.30282564585502       0.00017248998397912871          -6.6930953141099065                            0                            0                            0                            0
0.00017248998397912871           117.34677709960768           -28.79406011610358                            0                            0                            0                            0
-6.6930953141099065           -28.79406011610358           14245.146443830054                            0                            0                            0                            0
0                            0                            0            15.30077831753764          0.59559123773246514                            0                            0
0                            0                            0          0.59559123773246514           15.818719198706388                            0                            0
0                            0                            0                            0                            0           5.6161055089127867           1.3797443458919953
0                            0                            0                            0                            0           1.3797443458919953           5.7607241832058529
