4793
5
-4794          0.45602095623539646
-4794        -0.010347454298874048
-4794        -0.050852787271592544
586           10.230568476215145
586          -24.000975316868086
117.31899119862018        0.0010923901981612994          -5.2175371710440412                            0                            0
0.0010923901981613028           117.35427445464953          -23.831792077291546                            0                            0
-5.217537171044043          -23.831792077291546           14584.900842876286                            0                            0
0                            0                            0            5.301779785908411          -0.7127005763156038
0                            0                            0         -0.71270057631560368           7.8211677939297894
