5572
15
-5573          0.64274487290511695
-5573       -0.0015458065489384275
-5573       -0.0053396694968030943
540           12.568338378110061
540           19.563379617754947
556           33.234537682152236
556          0.37147951883119723
558           23.942597001047172
558           15.148984196294119
562           38.077143046959883
562            8.260651147674146
564            36.56066742568445
564             16.8438378781625
565           46.869984636778049
565           8.2919385438240649
117.29272681619504      -7.4904815918493128e-05          -8.7804336190399201                            0                            0                            0                            0                            0                            0                            0                            0                            0                            0                            0                            0
-7.4904815918500067e-05           117.33772951897335          -33.549954092270205                            0                            0                            0                            0                            0                            0                            0                            0                            0                            0                            0                            0
-8.7804336190399201          -33.549954092270205           13919.414173925235                            0                            0                            0                            0                            0                            0                            0                            0                            0                            0                            0                            0
0                            0                            0           7.9690436796685189            1.125972955612663                            0                            0                            0                            0                            0                            0                            0                            0                            0                            0
0                            0                            0           1.1259729556126623           9.8923871871544957                            0                            0                            0                            0                            0                            0                            0                            0                            0                            0
0                            0                            0                            0                            0           6.4238665692931844        -0.011519369259896235                            0                            0                            0                            0                            0                            0                            0                            0
0                            0                            0                            0                            0        -0.011519369259896236           3.7838886216280065                            0                            0                            0                            0                            0                            0                            0                            0
0                            0                            0                            0                            0                            0                            0            7.192733594356457           1.3858495655393344                            0                            0                            0                            0                            0                            0
0                            0                            0                            0                            0                            0                            0           1.3858495655393344           6.2921539546373646                            0                            0                            0                            0                            0                            0
0                            0                            0                            0                            0                            0                            0                            0                            0           4.7929546333010862           0.4837988092288617                            0                            0                            0                            0
0                            0                            0                            0                            0                            0                            0                            0                            0          0.48379880922886187           2.7643440398305827                            0                            0                            0                            0
0                            0                            0                            0                            0                            0                            0                            0                            0                            0                            0           4.1706921782259574          0.85951897795143561                            0                            0
0                            0                            0                            0                            0                            0                            0                            0                            0                            0                            0          0.85951897795143573           2.8753041642749211                            0                            0
0                            0                            0                            0                            0                            0                            0                            0                            0                            0                            0                            0                            0           3.4011049996521683          0.30542928617422049
0                            0                            0                            0                            0                            0                            0                            0                            0                            0                            0                            0                            0          0.30542928617422044           1.7672895322995741
