25
21
-26          0.68112784785323732
-26        0.0002565184746469704
-26       0.00088052716102342905
1           10.900046913331902
1          -12.890860664410766
2           20.220345250444854
2          -15.655882282289195
3           22.709145363779164
3          -8.5287391934094714
5           19.133761716359732
5          -2.1382587829318456
6           19.242038803982506
6           5.9753951096805498
7           7.2727928109228408
7            4.413343720366381
15           13.503586763356791
15          -43.360265499569294
17           11.157034170424064
17          -28.547141526949876
18           32.356106483147066
18          -12.073787784471101
117.28663550531476       0.00013769128243631967          -9.6925208007050898                            0                            0                            0                            0                            0                            0                            0                            0                            0                            0                            0                            0                            0                            0                            0                            0                            0                            0
0.0001376912824363162            117.3330566732851          -35.655018577821139                            0                            0                            0                            0                            0                            0                            0                            0                            0                            0                            0                            0                            0                            0                            0                            0                            0                            0
-9.6925208007050934          -35.655018577821139           13745.392506709588                            0                            0                            0                            0                            0                            0                            0                            0                            0                            0                            0                            0                            0                            0                            0                            0                            0                            0
0                            0                            0           14.606804791509736         -0.62885424774152765                            0                            0                            0                            0                            0                            0                            0                            0                            0                            0                            0                            0                            0                            0                            0                            0
0                            0                            0         -0.62885424774152698           15.455139883418134                            0                            0                            0                            0                            0                            0                            0                            0                            0                            0                            0                            0                            0                            0                            0                            0
0                            0                            0                            0                            0           7.6929114403280758          -1.4878660879486649                            0                            0                            0                            0                            0                            0                            0                            0                            0                            0                            0                            0                            0                            0
0                            0                            0                            0                            0          -1.4878660879486645           7.6409698419888041                            0                            0                            0                            0                            0                            0                            0                            0                            0                            0                            0                            0                            0                            0
0                            0                            0                            0                            0                            0                            0           9.8758091455556603          -1.1504713497581656                            0                            0                            0                            0                            0                            0                            0                            0                            0                            0                            0                            0
0                            0                            0                            0                            0                            0                            0          -1.1504713497581656           8.0125424861907142                            0                            0                            0                            0                            0                            0                            0                            0                            0                            0                            0                            0
0                            0                            0                            0                            0                            0                            0                            0                            0           15.233702462380585         -0.29338903297580216                            0                            0                            0                            0                            0                            0                            0                            0                            0                            0
0                            0                            0                            0                            0                            0                            0                            0                            0         -0.29338903297580216           13.576692320951933                            0                            0                            0                            0                            0                            0                            0                            0                            0                            0
0                            0                            0                            0                            0                            0                            0                            0                            0                            0                            0            14.10603370343925          0.67451406660996449                            0                            0                            0                            0                            0                            0                            0                            0
0                            0                            0                            0                            0                            0                            0                            0                            0                            0                            0          0.67451406660996371           12.440122697640172                            0                            0                            0                            0                            0                            0                            0                            0
0                            0                            0                            0                            0                            0                            0                            0                            0                            0                            0                            0                            0           85.488086263004718           -37.89945010327618                            0                            0                            0                            0                            0                            0
0                            0                            0                            0                            0                            0                            0                            0                            0                            0                            0                            0                            0          -37.899450103276187           76.851892459375463                            0                            0                            0                            0                            0                            0
0                            0                            0                            0                            0                            0                            0                            0                            0                            0                            0                            0                            0                            0                            0           1.7056320250027743         -0.35674365933328228                            0                            0                            0                            0
0                            0                            0                            0                            0                            0                            0                            0                            0                            0                            0                            0                            0                            0                            0          -0.3567436593332825           3.2357105175790308                            0                            0                            0                            0
0                            0                            0                            0                            0                            0                            0                            0                            0                            0                            0                            0                            0                            0                            0                            0                            0            3.812861583044727         -0.62139611089629465                            0                            0
0                            0                            0                            0                            0                            0                            0                            0                            0                            0                            0                            0                            0                            0                            0                            0                            0         -0.62139611089629465           6.1018001145311525                            0                            0
0                            0                            0                            0                            0                            0                            0                            0                            0                            0                            0                            0                            0                            0                            0                            0                            0                            0                            0           5.4771413686663575          -0.9280277307277881
0                            0                            0                            0                            0                            0                            0                            0                            0                            0                            0                            0                            0                            0                            0                            0                            0                            0                            0         -0.92802773072778777           3.7763798886293198
