1903
17
-1904          0.37109931383873979
-1904       0.00031040878634406221
-1904        0.0018797832074613976
45           5.5951383335938516
45           5.1676204814410882
67           10.855621344316491
67          -16.169119283681049
174           20.451097818433301
174          -3.1196501564624284
177           11.907853409185329
177           4.6861195789103887
178            33.59392868287685
178           6.2952406739874958
181           11.147557399717421
181          -2.2180354234803876
183           22.117749939632063
183           15.217600315289916
117.32449651496314       3.3616060569347482e-05           -3.135750590989256                            0                            0                            0                            0                            0                            0                            0                            0                            0                            0                            0                            0                            0                            0
3.3616060569347482e-05           117.36038654042773          -19.485520665547025                            0                            0                            0                            0                            0                            0                            0                            0                            0                            0                            0                            0                            0                            0
-3.135750590989256          -19.485520665547025           14872.685587210368                            0                            0                            0                            0                            0                            0                            0                            0                            0                            0                            0                            0                            0                            0
0                            0                            0           119.52463571025585          -29.215819313728026                            0                            0                            0                            0                            0                            0                            0                            0                            0                            0                            0                            0
0                            0                            0          -29.215819313728041            55.75769174470544                            0                            0                            0                            0                            0                            0                            0                            0                            0                            0                            0                            0
0                            0                            0                            0                            0           10.414811972648387         -0.95161137550880859                            0                            0                            0                            0                            0                            0                            0                            0                            0                            0
0                            0                            0                            0                            0         -0.95161137550880825           12.252732819263539                            0                            0                            0                            0                            0                            0                            0                            0                            0                            0
0                            0                            0                            0                            0                            0                            0           13.550123085806471         -0.49287889315730138                            0                            0                            0                            0                            0                            0                            0                            0
0                            0                            0                            0                            0                            0                            0         -0.49287889315730138           11.387075040302495                            0                            0                            0                            0                            0                            0                            0                            0
0                            0                            0                            0                            0                            0                            0                            0                            0           29.802514293067308          -4.8785396957954337                            0                            0                            0                            0                            0                            0
0                            0                            0                            0                            0                            0                            0                            0                            0          -4.8785396957954337           36.762171386009804                            0                            0                            0                            0                            0                            0
0                            0                            0                            0                            0                            0                            0                            0                            0                            0                            0           6.0415590100448791          0.48260516729242925                            0                            0                            0                            0
0                            0                            0                            0                            0                            0                            0                            0                            0                            0                            0          0.48260516729242947           3.6525796001323507                            0                            0                            0                            0
0                            0                            0                            0                            0                            0                            0                            0                            0                            0                            0                            0                            0           33.993329078705294           7.0978939783176269                            0                            0
0                            0                            0                            0                            0                            0                            0                            0                            0                            0                            0                            0                            0           7.0978939783176278            50.61446124835728                            0                            0
0                            0                            0                            0                            0                            0                            0                            0                            0                            0                            0                            0                            0                            0                            0           7.7415563761326736           1.4477973981329924
0                            0                            0                            0                            0                            0                            0                            0                            0                            0                            0                            0                            0                            0                            0           1.4477973981329926           7.0996184646238314
