2289
15
-2290          0.66021541282083573
-2290      -0.00010050354584034323
-2290       7.2457869527710577e-05
173           8.3330540020344319
173          -3.8586009981877671
174           20.913648280619377
174           6.5673430713759808
183           28.298207032632316
183          -10.288269292944427
185           13.434523067022996
185          -17.850230044267629
220           8.7346156697151596
220          -17.990877411353878
230           6.4336558204677736
230          -21.112292302500698
117.28957019573693      -0.00040025586371520566          -9.2035568721221459                            0                            0                            0                            0                            0                            0                            0                            0                            0                            0                            0                            0
-0.00040025586371520219           117.33563662124337          -34.130159468008991                            0                            0                            0                            0                            0                            0                            0                            0                            0                            0                            0                            0
-9.2035568721221459          -34.130159468008991           13832.471831114623                            0                            0                            0                            0                            0                            0                            0                            0                            0                            0                            0                            0
0                            0                            0           59.146730575967908           22.482899352510096                            0                            0                            0                            0                            0                            0                            0                            0                            0                            0
0                            0                            0           22.482899352510099           61.109979746063431                            0                            0                            0                            0                            0                            0                            0                            0                            0                            0
0                            0                            0                            0                            0           12.299731008044082          0.83682156567952026                            0                            0                            0                            0                            0                            0                            0                            0
0                            0                            0                            0                            0          0.83682156567952115           10.232953864074384                            0                            0                            0                            0                            0                            0                            0                            0
0                            0                            0                            0                            0                            0                            0           6.9330338981036004          -1.0374922179841937                            0                            0                            0                            0                            0                            0
0                            0                            0                            0                            0                            0                            0          -1.0374922179841943            5.031660973824807                            0                            0                            0                            0                            0                            0
0                            0                            0                            0                            0                            0                            0                            0                            0           8.2751546370905693          -1.2158113853035666                            0                            0                            0                            0
0                            0                            0                            0                            0                            0                            0                            0                            0          -1.2158113853035661           9.9463626658309501                            0                            0                            0                            0
0                            0                            0                            0                            0                            0                            0                            0                            0                            0                            0           9.1467702509338089         -0.70398254116253278                            0                            0
0                            0                            0                            0                            0                            0                            0                            0                            0                            0                            0         -0.70398254116253312           11.585437308803721                            0                            0
0                            0                            0                            0                            0                            0                            0                            0                            0                            0                            0                            0                            0           6.9680801798876155         -0.36056758816108914
0                            0                            0                            0                            0                            0                            0                            0                            0                            0                            0                            0                            0         -0.36056758816108914           9.8603953955826178
