2849
13
-2850          0.65598801529312833
-2850      -7.9790103827279585e-05
-2850      -0.00019495935869957298
221           13.638132959419853
221           19.437297220350885
236           13.426275475872991
236           28.917011199601529
238           8.6225097508422657
238          -22.282217179255515
241           24.529760889765285
241           -13.49589044259057
245           37.239071007369617
245           8.2246352002131911
116.7425634504674       0.00053363033625307074          -8.9705471849622036                            0                            0                            0                            0                            0                            0                            0                            0                            0                            0
0.00053363033625306727           116.78735162120206          -34.008498065023417                            0                            0                            0                            0                            0                            0                            0                            0                            0                            0
-8.9705471849622018          -34.008498065023417           13800.632272302119                            0                            0                            0                            0                            0                            0                            0                            0                            0                            0
0                            0                            0           7.8360737875118289            1.217598269051424                            0                            0                            0                            0                            0                            0                            0                            0
0                            0                            0           1.2175982690514244           9.5412167605136275                            0                            0                            0                            0                            0                            0                            0                            0
0                            0                            0                            0                            0           3.9140485824622617          0.79192878186305915                            0                            0                            0                            0                            0                            0
0                            0                            0                            0                            0          0.79192878186305959           5.9781719464765954                            0                            0                            0                            0                            0                            0
0                            0                            0                            0                            0                            0                            0           6.1799285257290739         -0.60427164268904232                            0                            0                            0                            0
0                            0                            0                            0                            0                            0                            0         -0.60427164268904232            8.894361187543268                            0                            0                            0                            0
0                            0                            0                            0                            0                            0                            0                            0                            0           7.2401054894938879          -1.3487934709641263                            0                            0
0                            0                            0                            0                            0                            0                            0                            0                            0          -1.3487934709641267           6.1502096184844133                            0                            0
0                            0                            0                            0                            0                            0                            0                            0                            0                            0                            0            4.970047635247937          0.50469457239197324
0                            0                            0                            0                            0                            0                            0                            0                            0                            0                            0          0.50469457239197324           2.9004931940489698
