4085
21
-4086            0.662610252743421
-4086        0.0014018561597283121
-4086        0.0042385039582701293
179           34.851797162949474
179          -22.074982060439112
191           25.860710278026218
191          -22.166483127234883
221           27.492010090297203
221          -6.9763680633569471
225           13.591568585190494
225          -24.408117941959873
236           18.049393005555334
236          -6.6923661736264322
239           19.345402782591492
239            8.176007186569926
254           10.386437462326226
254            8.585875593995274
255           11.884110738704232
255            24.03604656123429
506           25.987453264419269
506           23.496491047393501
117.28787670287646      -0.00066448548767149285          -9.3248831044185447                            0                            0                            0                            0                            0                            0                            0                            0                            0                            0                            0                            0                            0                            0                            0                            0                            0                            0
-0.00066448548767149632           117.33570478559329          -34.567945820991085                            0                            0                            0                            0                            0                            0                            0                            0                            0                            0                            0                            0                            0                            0                            0                            0                            0                            0
-9.324883104418543          -34.567945820991085           13796.898441083697                            0                            0                            0                            0                            0                            0                            0                            0                            0                            0                            0                            0                            0                            0                            0                            0                            0                            0
0                            0                            0           3.5620888049318378          -0.9710878309019968                            0                            0                            0                            0                            0                            0                            0                            0                            0                            0                            0                            0                            0                            0                            0                            0
0                            0                            0         -0.97108783090199646           2.9310376788675407                            0                            0                            0                            0                            0                            0                            0                            0                            0                            0                            0                            0                            0                            0                            0                            0
0                            0                            0                            0                            0           4.4898348757492501          -1.2435161166981552                            0                            0                            0                            0                            0                            0                            0                            0                            0                            0                            0                            0                            0                            0
0                            0                            0                            0                            0          -1.2435161166981552           4.5549601067530068                            0                            0                            0                            0                            0                            0                            0                            0                            0                            0                            0                            0                            0                            0
0                            0                            0                            0                            0                            0                            0           7.9639059478959426          -0.8365689818817541                            0                            0                            0                            0                            0                            0                            0                            0                            0                            0                            0                            0
0                            0                            0                            0                            0                            0                            0          -0.8365689818817541            5.574417299942529                            0                            0                            0                            0                            0                            0                            0                            0                            0                            0                            0                            0
0                            0                            0                            0                            0                            0                            0                            0                            0           4.9587323110525192         -0.96002851602000661                            0                            0                            0                            0                            0                            0                            0                            0                            0                            0
0                            0                            0                            0                            0                            0                            0                            0                            0         -0.96002851602000605           7.0177413936750872                            0                            0                            0                            0                            0                            0                            0                            0                            0                            0
0                            0                            0                            0                            0                            0                            0                            0                            0                            0                            0           14.419157460578008         -0.78773449803570539                            0                            0                            0                            0                            0                            0                            0                            0
0                            0                            0                            0                            0                            0                            0                            0                            0                            0                            0         -0.78773449803570539           13.253371728570951                            0                            0                            0                            0                            0                            0                            0                            0
0                            0                            0                            0                            0                            0                            0                            0                            0                            0                            0                            0                            0           12.881396470979501          0.97761550451378354                            0                            0                            0                            0                            0                            0
0                            0                            0                            0                            0                            0                            0                            0                            0                            0                            0                            0                            0          0.97761550451378354           11.381094950019314                            0                            0                            0                            0                            0                            0
0                            0                            0                            0                            0                            0                            0                            0                            0                            0                            0                            0                            0                            0                            0           27.636799533994335          -3.0272869130758941                            0                            0                            0                            0
0                            0                            0                            0                            0                            0                            0                            0                            0                            0                            0                            0                            0                            0                            0          -3.0272869130758968           26.404982567033205                            0                            0                            0                            0
0                            0                            0                            0                            0                            0                            0                            0                            0                            0                            0                            0                            0                            0                            0                            0                            0           5.6071269151341552          0.89754255964123386                            0                            0
0                            0                            0                            0                            0                            0                            0                            0                            0                            0                            0                            0                            0                            0                            0                            0                            0          0.89754255964123353           7.9047310926340657                            0                            0
0                            0                            0                            0                            0                            0                            0                            0                            0                            0                            0                            0                            0                            0                            0                            0                            0                            0                            0           4.4017084583191313           1.2318661211725894
0                            0                            0                            0                            0                            0                            0                            0                            0                            0                            0                            0                            0                            0                            0                            0                            0                            0                            0           1.2318661211725894           4.4877438840434554
