6414
15
-6415          0.38503002548285115
-6415        0.0080794833356648294
-6415         0.047466152818764568
91           19.226328175924074
91           20.270398496882198
103           11.136979919859904
103           4.7904638799199954
107           18.143492698155907
107         -0.56739188791103889
110           15.737163223224444
110           18.227223488888555
142           10.481949025582157
142          -29.730538460803071
873           33.126679734233115
873          -20.626586365891832
116.76012683006309       -0.0011873735543104251          -4.8862849033111271                            0                            0                            0                            0                            0                            0                            0                            0                            0                            0                            0                            0
-0.0011873735543104207           116.81123562048332          -19.922336206229225                            0                            0                            0                            0                            0                            0                            0                            0                            0                            0                            0                            0
-4.8862849033111271          -19.922336206229225           14477.465026908167                            0                            0                            0                            0                            0                            0                            0                            0                            0                            0                            0                            0
0                            0                            0           6.3170139421076366           1.4101385886004647                            0                            0                            0                            0                            0                            0                            0                            0                            0                            0
0                            0                            0           1.4101385886004647           7.0201880181633483                            0                            0                            0                            0                            0                            0                            0                            0                            0                            0
0                            0                            0                            0                            0           33.250227669820816          -7.0035077815594775                            0                            0                            0                            0                            0                            0                            0                            0
0                            0                            0                            0                            0          -7.0035077815594731           41.175015779085946                            0                            0                            0                            0                            0                            0                            0                            0
0                            0                            0                            0                            0                            0                            0           16.786980375958954         -0.07151543139393407                            0                            0                            0                            0                            0                            0
0                            0                            0                            0                            0                            0                            0        -0.071515431393934306           15.829938526143987                            0                            0                            0                            0                            0                            0
0                            0                            0                            0                            0                            0                            0                            0                            0           8.1096520620635317           1.3785646954801449                            0                            0                            0                            0
0                            0                            0                            0                            0                            0                            0                            0                            0           1.3785646954801449           9.2236046440324042                            0                            0                            0                            0
0                            0                            0                            0                            0                            0                            0                            0                            0                            0                            0           3.5426323721234949         -0.53572880263652845                            0                            0
0                            0                            0                            0                            0                            0                            0                            0                            0                            0                            0         -0.53572880263652811           5.8403806216641634                            0                            0
0                            0                            0                            0                            0                            0                            0                            0                            0                            0                            0                            0                            0           3.9481545949149797          -1.0348661433900519
0                            0                            0                            0                            0                            0                            0                            0                            0                            0                            0                            0                            0          -1.0348661433900515           3.2556318591360349
