377
11
-378           0.5926735459027036
-378       0.00049719754335243098
-378        0.0013718723752270167
103           12.965901985174117
103           5.7501755244486814
107           9.2544970968376621
107           13.716605138357602
117           30.542072604087327
117           7.7961784266918839
130           28.170917808166656
130           -18.72824918114814
116.75117282091813       0.00030781351970126866          -7.4471497099084134                            0                            0                            0                            0                            0                            0                            0                            0
0.00030781351970126866           116.79431818937277           -30.82491110216445                            0                            0                            0                            0                            0                            0                            0                            0
-7.4471497099084125           -30.82491110216445           14056.723576201171                            0                            0                            0                            0                            0                            0                            0                            0
0                            0                            0            25.01707215783242          -2.4622610566683902                            0                            0                            0                            0                            0                            0
0                            0                            0          -2.4622610566683938           27.917837366946255                            0                            0                            0                            0                            0                            0
0                            0                            0                            0                            0           16.170951356996042          0.31331233139182518                            0                            0                            0                            0
0                            0                            0                            0                            0          0.31331233139182518           16.797576019779694                            0                            0                            0                            0
0                            0                            0                            0                            0                            0                            0           6.8307901057005873          0.69911321515155411                            0                            0
0                            0                            0                            0                            0                            0                            0          0.69911321515155411            4.457072662508029                            0                            0
0                            0                            0                            0                            0                            0                            0                            0                            0           4.9626466040979711          -1.2294215285937888
0                            0                            0                            0                            0                            0                            0                            0                            0          -1.2294215285937895           4.3723306141556177
