6145
15
-6146          0.60715776233296204
-6146       -0.0015877893213057154
-6146       -0.0057816828931989764
556           41.890205641827919
556           5.3482305124646583
562           43.097087068102446
562          -3.8059213374580461
565           36.336594724069009
565          -9.2984228504335782
571           28.570578635984514
571          -8.5230327137339952
579           16.123324193124947
579           3.6348049950051764
593           8.0501775464635852
593          -25.017574811959317
116.75012222555647      -2.3271596802355854e-05           -7.799364519294878                            0                            0                            0                            0                            0                            0                            0                            0                            0                            0                            0                            0
-2.3271596802359323e-05           116.79315120592581           -31.36419092993631                            0                            0                            0                            0                            0                            0                            0                            0                            0                            0                            0                            0
-7.799364519294878           -31.36419092993631           14015.306303320125                            0                            0                            0                            0                            0                            0                            0                            0                            0                            0                            0                            0
0                            0                            0           4.2332613376025741          0.25557411892279575                            0                            0                            0                            0                            0                            0                            0                            0                            0                            0
0                            0                            0          0.25557411892279575           2.2567977528906082                            0                            0                            0                            0                            0                            0                            0                            0                            0                            0
0                            0                            0                            0                            0            4.049229184156335         -0.21364190910996905                            0                            0                            0                            0                            0                            0                            0                            0
0                            0                            0                            0                            0         -0.21364190910996902           2.1218764318344649                            0                            0                            0                            0                            0                            0                            0                            0
0                            0                            0                            0                            0                            0                            0           4.9723397175923205         -0.64177858321107106                            0                            0                            0                            0                            0                            0
0                            0                            0                            0                            0                            0                            0         -0.64177858321107106           3.0330963775451303                            0                            0                            0                            0                            0                            0
0                            0                            0                            0                            0                            0                            0                            0                            0           7.2230248819088949         -0.91220664095163417                            0                            0                            0                            0
0                            0                            0                            0                            0                            0                            0                            0                            0         -0.91220664095163417           5.0487737988240813                            0                            0                            0                            0
0                            0                            0                            0                            0                            0                            0                            0                            0                            0                            0           19.400752191220199         -0.21343765989525887                            0                            0
0                            0                            0                            0                            0                            0                            0                            0                            0                            0                            0         -0.21343765989525887           20.186958727176592                            0                            0
0                            0                            0                            0                            0                            0                            0                            0                            0                            0                            0                            0                            0           4.9823352406200643         -0.46666915332811126
0                            0                            0                            0                            0                            0                            0                            0                            0                            0                            0                            0                            0         -0.46666915332811115           7.6929465033625997
