1484
17
-1485            0.790433024214381
-1485       0.00030787519596580217
-1485       0.00085689087169743214
8           10.099940555717227
8           -3.372864553541036
80           19.684759064569363
80           3.7358598034665618
82           11.622828698535045
82           11.002821363170664
83           21.593151104669399
83           34.718744897106596
85           28.631452057737299
85           2.4558516940141017
87           37.715237990508832
87           1.9816444884903739
90           20.484833554221744
90          -4.1326603490200364
116.72272727026652      -0.00027329819644672515          -12.394190664217037                            0                            0                            0                            0                            0                            0                            0                            0                            0                            0                            0                            0                            0                            0
-0.00027329819644673209           116.77018178297006          -40.872969087512736                            0                            0                            0                            0                            0                            0                            0                            0                            0                            0                            0                            0                            0                            0
-12.394190664217035          -40.872969087512736           13209.190442415807                            0                            0                            0                            0                            0                            0                            0                            0                            0                            0                            0                            0                            0                            0
0                            0                            0           40.291141460995433           11.925494957447132                            0                            0                            0                            0                            0                            0                            0                            0                            0                            0                            0                            0
0                            0                            0           11.925494957447137           52.443827818269035                            0                            0                            0                            0                            0                            0                            0                            0                            0                            0                            0                            0
0                            0                            0                            0                            0           14.451586032063695          0.40485157543187417                            0                            0                            0                            0                            0                            0                            0                            0                            0                            0
0                            0                            0                            0                            0          0.40485157543187444           12.544044948486386                            0                            0                            0                            0                            0                            0                            0                            0                            0                            0
0                            0                            0                            0                            0                            0                            0            18.97054590028138         -0.18161607514748879                            0                            0                            0                            0                            0                            0                            0                            0
0                            0                            0                            0                            0                            0                            0         -0.18161607514748879           18.862951635559913                            0                            0                            0                            0                            0                            0                            0                            0
0                            0                            0                            0                            0                            0                            0                            0                            0           2.6390556542748072          0.83219023318904717                            0                            0                            0                            0                            0                            0
0                            0                            0                            0                            0                            0                            0                            0                            0          0.83219023318904706           3.8044674032817416                            0                            0                            0                            0                            0                            0
0                            0                            0                            0                            0                            0                            0                            0                            0                            0                            0            8.178877021625464          0.22793017628993617                            0                            0                            0                            0
0                            0                            0                            0                            0                            0                            0                            0                            0                            0                            0          0.22793017628993617           5.3006880300439967                            0                            0                            0                            0
0                            0                            0                            0                            0                            0                            0                            0                            0                            0                            0                            0                            0           5.1684835761687049          0.10143573090118349                            0                            0
0                            0                            0                            0                            0                            0                            0                            0                            0                            0                            0                            0                            0          0.10143573090118348           2.8496521570299982                            0                            0
0                            0                            0                            0                            0                            0                            0                            0                            0                            0                            0                            0                            0                            0                            0           13.207344377969186         -0.63322534126943308
0                            0                            0                            0                            0                            0                            0                            0                            0                            0                            0                            0                            0                            0                            0         -0.63322534126943308           11.099616491610941
