4260
15
-4261          0.70578982234161192
-4261        0.0018444786921505401
-4261        0.0062113565040746469
45           31.414737455792928
45           9.3459492014128607
174           14.602703479752551
174           6.8750595489455923
177           26.193351125884121
177            5.984512128049567
178           9.7710760095184028
178          -8.5515284828023237
183           24.391984737529292
183          -8.6770468662897766
185           10.616387606535234
185          -18.282820579594979
116.73388848447169       0.00037905157082896573          -10.280656505768183                            0                            0                            0                            0                            0                            0                            0                            0                            0                            0                            0                            0
0.0003790515708289692           116.78106162063321          -36.391033357685338                            0                            0                            0                            0                            0                            0                            0                            0                            0                            0                            0                            0
-10.280656505768183          -36.391033357685338           13556.238348882363                            0                            0                            0                            0                            0                            0                            0                            0                            0                            0                            0                            0
0                            0                            0           6.3210603656769049          0.77526083034701398                            0                            0                            0                            0                            0                            0                            0                            0                            0                            0
0                            0                            0           0.7752608303470141           4.1473091679182961                            0                            0                            0                            0                            0                            0                            0                            0                            0                            0
0                            0                            0                            0                            0           19.945769096505241         -0.50744643220480434                            0                            0                            0                            0                            0                            0                            0                            0
0                            0                            0                            0                            0         -0.50744643220480434           20.508333397502316                            0                            0                            0                            0                            0                            0                            0                            0
0                            0                            0                            0                            0                            0                            0           8.9732345001262495          0.68702126583524314                            0                            0                            0                            0                            0                            0
0                            0                            0                            0                            0                            0                            0          0.68702126583524314           6.3337233550890311                            0                            0                            0                            0                            0                            0
0                            0                            0                            0                            0                            0                            0                            0                            0           26.378822943145533           2.2410601952253999                            0                            0                            0                            0
0                            0                            0                            0                            0                            0                            0                            0                            0           2.2410601952253999           24.476275714179607                            0                            0                            0                            0
0                            0                            0                            0                            0                            0                            0                            0                            0                            0                            0           8.9376705775075482          -1.1082021398984738                            0                            0
0                            0                            0                            0                            0                            0                            0                            0                            0                            0                            0          -1.1082021398984738           6.9420112001793344                            0                            0
0                            0                            0                            0                            0                            0                            0                            0                            0                            0                            0                            0                            0           8.5562636693043164         -0.93305542925356044
0                            0                            0                            0                            0                            0                            0                            0                            0                            0                            0                            0                            0         -0.93305542925355966           10.780207989109241
