6385
19
-6386          0.48940871321211421
-6386        0.0024799665101349925
-6386         0.012106380591393323
87           12.552487958299618
87           35.041753959849849
96           13.107883073584539
96           26.128148115986495
103           13.524314077334889
103           17.042562632221475
107           21.713760027046309
107           20.071264773651915
108            34.32359828081956
108           14.419519675009383
117           14.159524866020256
117         -0.63674284963832939
121           21.719694522691544
121         -0.36170532093692798
132           14.754976408681499
132          -18.702226118017837
116.76122063181687      -0.00036456107252512242          -5.4241786835701395                            0                            0                            0                            0                            0                            0                            0                            0                            0                            0                            0                            0                            0                            0                            0                            0
-0.00036456107252512068           116.80399990512645           -25.43144953197806                            0                            0                            0                            0                            0                            0                            0                            0                            0                            0                            0                            0                            0                            0                            0                            0
-5.4241786835701395           -25.43144953197806            14391.33753323625                            0                            0                            0                            0                            0                            0                            0                            0                            0                            0                            0                            0                            0                            0                            0                            0
0                            0                            0            2.718999751251284          0.52878636468939866                            0                            0                            0                            0                            0                            0                            0                            0                            0                            0                            0                            0                            0                            0
0                            0                            0          0.52878636468939866           4.6668064140840979                            0                            0                            0                            0                            0                            0                            0                            0                            0                            0                            0                            0                            0                            0
0                            0                            0                            0                            0           4.7392217051109844          0.89493212280013767                            0                            0                            0                            0                            0                            0                            0                            0                            0                            0                            0                            0
0                            0                            0                            0                            0          0.89493212280013767           6.8722988500610374                            0                            0                            0                            0                            0                            0                            0                            0                            0                            0                            0                            0
0                            0                            0                            0                            0                            0                            0           9.6331439532769103           1.2345229021867785                            0                            0                            0                            0                            0                            0                            0                            0                            0                            0
0                            0                            0                            0                            0                            0                            0           1.2345229021867785           11.001758391092654                            0                            0                            0                            0                            0                            0                            0                            0                            0                            0
0                            0                            0                            0                            0                            0                            0                            0                            0           5.9498497494034082           1.4089899718630812                            0                            0                            0                            0                            0                            0                            0                            0
0                            0                            0                            0                            0                            0                            0                            0                            0           1.4089899718630807           6.1963910485228686                            0                            0                            0                            0                            0                            0                            0                            0
0                            0                            0                            0                            0                            0                            0                            0                            0                            0                            0           4.8637634580011966          0.88867723194683335                            0                            0                            0                            0                            0                            0
0                            0                            0                            0                            0                            0                            0                            0                            0                            0                            0          0.88867723194683335           3.3187327941399616                            0                            0                            0                            0                            0                            0
0                            0                            0                            0                            0                            0                            0                            0                            0                            0                            0                            0                            0           24.004777713702975           0.6686424259459427                            0                            0                            0                            0
0                            0                            0                            0                            0                            0                            0                            0                            0                            0                            0                            0                            0           0.6686424259459427           30.036879866950152                            0                            0                            0                            0
0                            0                            0                            0                            0                            0                            0                            0                            0                            0                            0                            0                            0                            0                            0           12.785259526119862         -0.12528982592546362                            0                            0
0                            0                            0                            0                            0                            0                            0                            0                            0                            0                            0                            0                            0                            0                            0         -0.12528982592546362           10.182890341445214                            0                            0
0                            0                            0                            0                            0                            0                            0                            0                            0                            0                            0                            0                            0                            0                            0                            0                            0           7.4455297372617117            -1.28534315093878
0                            0                            0                            0                            0                            0                            0                            0                            0                            0                            0                            0                            0                            0                            0                            0                            0            -1.28534315093878           8.9597796921632629
