2178
19
-2179          0.52099572645890857
-2179        -0.014407955887544968
-2179        -0.061167030418444776
191           44.417564860830154
191          -30.682300243460435
221           37.875858275748406
221          -17.249180378636691
236           29.624431847254243
236           -21.76898719305245
239           23.074326574089437
239          -8.3948063832780342
252           25.334653491410663
252            14.36441900826525
254            15.18214108503841
254          -12.850191942171179
255           8.3362164151551656
255           1.1606199399880146
257           12.631864717247645
257           8.5404678010067503
117.3113484135277        0.0011482105655952011          -6.8810822463696173                            0                            0                            0                            0                            0                            0                            0                            0                            0                            0                            0                            0                            0                            0                            0                            0
0.0011482105655951994           117.34909870437518          -27.055087086866159                            0                            0                            0                            0                            0                            0                            0                            0                            0                            0                            0                            0                            0                            0                            0                            0
-6.8810822463696173          -27.055087086866159           14348.518527851456                            0                            0                            0                            0                            0                            0                            0                            0                            0                            0                            0                            0                            0                            0                            0                            0
0                            0                            0           2.1429113233039425         -0.68424192995511568                            0                            0                            0                            0                            0                            0                            0                            0                            0                            0                            0                            0                            0                            0
0                            0                            0         -0.68424192995511568           1.7762271781859698                            0                            0                            0                            0                            0                            0                            0                            0                            0                            0                            0                            0                            0                            0
0                            0                            0                            0                            0           3.8269629204972944         -0.83560851995438223                            0                            0                            0                            0                            0                            0                            0                            0                            0                            0                            0                            0
0                            0                            0                            0                            0         -0.83560851995438234           2.6567641511686593                            0                            0                            0                            0                            0                            0                            0                            0                            0                            0                            0                            0
0                            0                            0                            0                            0                            0                            0            4.150801506134167          -1.1461213892252318                            0                            0                            0                            0                            0                            0                            0                            0                            0                            0
0                            0                            0                            0                            0                            0                            0           -1.146121389225232           3.8082235275594383                            0                            0                            0                            0                            0                            0                            0                            0                            0                            0
0                            0                            0                            0                            0                            0                            0                            0                            0            9.722112598097512          -1.1292024935583882                            0                            0                            0                            0                            0                            0                            0                            0
0                            0                            0                            0                            0                            0                            0                            0                            0          -1.1292024935583882           7.7932525186467032                            0                            0                            0                            0                            0                            0                            0                            0
0                            0                            0                            0                            0                            0                            0                            0                            0                            0                            0           7.0349820993735239           1.3102367966992501                            0                            0                            0                            0                            0                            0
0                            0                            0                            0                            0                            0                            0                            0                            0                            0                            0            1.310236796699251            5.840763480932007                            0                            0                            0                            0                            0                            0
0                            0                            0                            0                            0                            0                            0                            0                            0                            0                            0                            0                            0           11.712558540287377          -1.2437611826341211                            0                            0                            0                            0
0                            0                            0                            0                            0                            0                            0                            0                            0                            0                            0                            0                            0          -1.2437611826341211           12.106543377905155                            0                            0                            0                            0
0                            0                            0                            0                            0                            0                            0                            0                            0                            0                            0                            0                            0                            0                            0           49.111925677440297          -15.335936241883044                            0                            0
0                            0                            0                            0                            0                            0                            0                            0                            0                            0                            0                            0                            0                            0                            0          -15.335936241883044            152.6584318475679                            0                            0
0                            0                            0                            0                            0                            0                            0                            0                            0                            0                            0                            0                            0                            0                            0                            0                            0           21.741456194822895          -1.1031632999667003
0                            0                            0                            0                            0                            0                            0                            0                            0                            0                            0                            0                            0                            0                            0                            0                            0          -1.1031632999667003           21.953901283143388
