5943
13
-5944          0.33465334831578036
-5944        0.0012077636411069058
-5944        0.0081497398915181211
636           34.761205403164389
636           15.610543508176027
644           40.279405125362047
644           16.750582158508585
650           38.424420634049284
650           11.091862329188359
741           27.175471148476149
741           1.1126319725681704
768           10.895157065115212
768          -2.5569127214529783
117.32566293685211       1.5346258530039673e-05          -2.7163655082971876                            0                            0                            0                            0                            0                            0                            0                            0                            0                            0
1.5346258530039673e-05           117.36224279435345          -17.506681901740937                            0                            0                            0                            0                            0                            0                            0                            0                            0                            0
-2.716365508297188          -17.506681901740937           14945.560810217099                            0                            0                            0                            0                            0                            0                            0                            0                            0                            0
0                            0                            0           4.6159393024471145          0.90377570924875672                            0                            0                            0                            0                            0                            0                            0                            0
0                            0                            0          0.90377570924875683           3.2037253600031783                            0                            0                            0                            0                            0                            0                            0                            0
0                            0                            0                            0                            0           3.6846898856012396          0.72490566096938269                            0                            0                            0                            0                            0                            0
0                            0                            0                            0                            0          0.72490566096938247            2.379273907858777                            0                            0                            0                            0                            0                            0
0                            0                            0                            0                            0                            0                            0           4.4933261890878073          0.60901382700631457                            0                            0                            0                            0
0                            0                            0                            0                            0                            0                            0          0.60901382700631457           2.6875259306795423                            0                            0                            0                            0
0                            0                            0                            0                            0                            0                            0                            0                            0           8.9601999235538106         0.077684517836864156                            0                            0
0                            0                            0                            0                            0                            0                            0                            0                            0         0.077684517836864211           5.9955821168228702                            0                            0
0                            0                            0                            0                            0                            0                            0                            0                            0                            0                            0           35.341797820309935           8.3344043852325473
0                            0                            0                            0                            0                            0                            0                            0                            0                            0                            0           8.3344043852325438           51.159906712827521
