307
23
-308          0.14741641851088969
-308       -0.0011007747596099139
-308        -0.018054908230943259
87           6.5892855830515593
87          -17.237131105146538
96           15.441932904323991
96          -18.530544885103851
97           9.3419559972303983
97          -3.8846925601757851
101           7.4663840679538929
101           4.7782593110818095
102           22.977431923169984
102           9.4519095226834047
103           24.289374936194928
103          -20.189138503624246
104             18.3504822302029
104           10.702361492938689
106           19.323678293758242
106           2.1337064202811531
107           23.058447007636794
107          -11.429864994304133
108           31.214650301591284
108         -0.33820437684407456
117.34403900842041       0.00018370934388052827         -0.24068071169829766                            0                            0                            0                            0                            0                            0                            0                            0                            0                            0                            0                            0                            0                            0                            0                            0                            0                            0                            0                            0
0.00018370934388052822           117.36926222155489          -7.5947046265111595                            0                            0                            0                            0                            0                            0                            0                            0                            0                            0                            0                            0                            0                            0                            0                            0                            0                            0                            0                            0
-0.24068071169829758          -7.5947046265111595           15313.272998269871                            0                            0                            0                            0                            0                            0                            0                            0                            0                            0                            0                            0                            0                            0                            0                            0                            0                            0                            0                            0
0                            0                            0           10.243278168000584         -0.40387525445747213                            0                            0                            0                            0                            0                            0                            0                            0                            0                            0                            0                            0                            0                            0                            0                            0                            0                            0
0                            0                            0          -0.4038752544574723            12.72927861143304                            0                            0                            0                            0                            0                            0                            0                            0                            0                            0                            0                            0                            0                            0                            0                            0                            0                            0
0                            0                            0                            0                            0           7.4043799162663122          -1.3292201868789983                            0                            0                            0                            0                            0                            0                            0                            0                            0                            0                            0                            0                            0                            0                            0                            0
0                            0                            0                            0                            0          -1.3292201868789997           8.7589229426594954                            0                            0                            0                            0                            0                            0                            0                            0                            0                            0                            0                            0                            0                            0                            0                            0
0                            0                            0                            0                            0                            0                            0           46.218214991447567           15.157604796201698                            0                            0                            0                            0                            0                            0                            0                            0                            0                            0                            0                            0                            0                            0
0                            0                            0                            0                            0                            0                            0           15.157604796201698           53.496252891645391                            0                            0                            0                            0                            0                            0                            0                            0                            0                            0                            0                            0                            0                            0
0                            0                            0                            0                            0                            0                            0                            0                            0           76.476186255410482          -30.703601720702878                            0                            0                            0                            0                            0                            0                            0                            0                            0                            0                            0                            0
0                            0                            0                            0                            0                            0                            0                            0                            0          -30.703601720702871           67.298818211042814                            0                            0                            0                            0                            0                            0                            0                            0                            0                            0                            0                            0
0                            0                            0                            0                            0                            0                            0                            0                            0                            0                            0            9.754578598015323           1.1368394280180796                            0                            0                            0                            0                            0                            0                            0                            0                            0                            0
0                            0                            0                            0                            0                            0                            0                            0                            0                            0                            0             1.13683942801808           7.8467355084997994                            0                            0                            0                            0                            0                            0                            0                            0                            0                            0
0                            0                            0                            0                            0                            0                            0                            0                            0                            0                            0                            0                            0           5.1876284660555232          -1.3310382891777928                            0                            0                            0                            0                            0                            0                            0                            0
0                            0                            0                            0                            0                            0                            0                            0                            0                            0                            0                            0                            0          -1.3310382891777928           5.2108600564037086                            0                            0                            0                            0                            0                            0                            0                            0
0                            0                            0                            0                            0                            0                            0                            0                            0                            0                            0                            0                            0                            0                            0           12.103919299014962           1.2099608470626015                            0                            0                            0                            0                            0                            0
0                            0                            0                            0                            0                            0                            0                            0                            0                            0                            0                            0                            0                            0                            0           1.2099608470626035           11.223139833098342                            0                            0                            0                            0                            0                            0
0                            0                            0                            0                            0                            0                            0                            0                            0                            0                            0                            0                            0                            0                            0                            0                            0           15.204421283342176          0.18555517090085014                            0                            0                            0                            0
0                            0                            0                            0                            0                            0                            0                            0                            0                            0                            0                            0                            0                            0                            0                            0                            0           0.1855551709008503           13.458484395363053                            0                            0                            0                            0
0                            0                            0                            0                            0                            0                            0                            0                            0                            0                            0                            0                            0                            0                            0                            0                            0                            0                            0           8.5429521928876415          -1.3341258478165461                            0                            0
0                            0                            0                            0                            0                            0                            0                            0                            0                            0                            0                            0                            0                            0                            0                            0                            0                            0                            0          -1.3341258478165474           7.2126109717875986                            0                            0
0                            0                            0                            0                            0                            0                            0                            0                            0                            0                            0                            0                            0                            0                            0                            0                            0                            0                            0                            0                            0           7.1284957682947159        -0.084660413185531733
0                            0                            0                            0                            0                            0                            0                            0                            0                            0                            0                            0                            0                            0                            0                            0                            0                            0                            0                            0                            0        -0.084660413185531733           4.3601247280340498
