5814
11
-5815          0.69535964588468724
-5815        0.0033198289369680803
-5815         0.010666594133747891
769           16.087921081375821
769           13.814634012837375
778           28.213900692755097
778          -3.6985120190616936
786           28.686119912565619
786           6.0215538517608413
787            38.52986507777689
787           6.3151330873424945
117.28173382176604       -0.0010024009272132164          -10.212773541608962                            0                            0                            0                            0                            0                            0                            0                            0
-0.001002400927213213           117.33175044071291          -36.220997119955925                            0                            0                            0                            0                            0                            0                            0                            0
-10.212773541608964          -36.220997119955925           13624.620911755606                            0                            0                            0                            0                            0                            0                            0                            0
0                            0                            0           11.206568428633512            1.321176588876932                            0                            0                            0                            0                            0                            0
0                            0                            0            1.321176588876932           11.414526133756196                            0                            0                            0                            0                            0                            0
0                            0                            0                            0                            0           8.1774175683134001         -0.48738622196369369                            0                            0                            0                            0
0                            0                            0                            0                            0         -0.48738622196369369           5.4247451033782701                            0                            0                            0                            0
0                            0                            0                            0                            0                            0                            0           7.7949041886386681          0.60980653951249608                            0                            0
0                            0                            0                            0                            0                            0                            0          0.60980653951249619           5.1794355003256003                            0                            0
0                            0                            0                            0                            0                            0                            0                            0                            0           4.8264122391288558          0.36512603690953943
0                            0                            0                            0                            0                            0                            0                            0                            0          0.36512603690953943           2.7056062228981603
