6036
21
-6037          0.57026209941507089
-6037         0.007934006528213888
-6037         0.030748743632783262
592           45.950570560377777
592          -5.4266871864315966
605           25.705017675401642
605           2.9980402258712164
608           17.623789354170572
608           19.730236510946114
613           25.911941238164957
613           8.5553678372207251
618            13.50888677853621
618           10.400187111227217
623           12.067464314069102
623           16.251878740263869
625           17.241993447393487
625          -12.053511979180776
627           7.6743796783179512
627          -1.9809934773494184
640           11.248316274444736
640           28.372135783221243
117.29464212790843      -0.00071639176116110662          -7.5437203841702285                            0                            0                            0                            0                            0                            0                            0                            0                            0                            0                            0                            0                            0                            0                            0                            0                            0                            0
-0.00071639176116111355           117.34502949089463          -29.971857934730874                            0                            0                            0                            0                            0                            0                            0                            0                            0                            0                            0                            0                            0                            0                            0                            0                            0                            0
-7.5437203841702276          -29.971857934730874           14047.119065537036                            0                            0                            0                            0                            0                            0                            0                            0                            0                            0                            0                            0                            0                            0                            0                            0                            0                            0
0                            0                            0           3.5814134319313302         -0.24892470876646058                            0                            0                            0                            0                            0                            0                            0                            0                            0                            0                            0                            0                            0                            0                            0                            0
0                            0                            0         -0.24892470876646058           1.8452061823692403                            0                            0                            0                            0                            0                            0                            0                            0                            0                            0                            0                            0                            0                            0                            0                            0
0                            0                            0                            0                            0           9.6867091600568305          0.33555113831641825                            0                            0                            0                            0                            0                            0                            0                            0                            0                            0                            0                            0                            0                            0
0                            0                            0                            0                            0          0.33555113831641803            6.779845839644528                            0                            0                            0                            0                            0                            0                            0                            0                            0                            0                            0                            0                            0                            0
0                            0                            0                            0                            0                            0                            0            6.857667948186017           1.4039222191899803                            0                            0                            0                            0                            0                            0                            0                            0                            0                            0                            0                            0
0                            0                            0                            0                            0                            0                            0           1.4039222191899803           7.7971595551578776                            0                            0                            0                            0                            0                            0                            0                            0                            0                            0                            0                            0
0                            0                            0                            0                            0                            0                            0                            0                            0           8.5360793800805617          0.95288848310347873                            0                            0                            0                            0                            0                            0                            0                            0                            0                            0
0                            0                            0                            0                            0                            0                            0                            0                            0          0.95288848310347918           6.2648628339201249                            0                            0                            0                            0                            0                            0                            0                            0                            0                            0
0                            0                            0                            0                            0                            0                            0                            0                            0                            0                            0           17.282874640355473          0.24822995876916179                            0                            0                            0                            0                            0                            0                            0                            0
0                            0                            0                            0                            0                            0                            0                            0                            0                            0                            0          0.24822995876916285            17.29154038045036                            0                            0                            0                            0                            0                            0                            0                            0
0                            0                            0                            0                            0                            0                            0                            0                            0                            0                            0                            0                            0           10.921166089028031           1.0622845172555153                            0                            0                            0                            0                            0                            0
0                            0                            0                            0                            0                            0                            0                            0                            0                            0                            0                            0                            0           1.0622845172555153           12.381341931682076                            0                            0                            0                            0                            0                            0
0                            0                            0                            0                            0                            0                            0                            0                            0                            0                            0                            0                            0                            0                            0           11.134943313200802          -1.3483122144984738                            0                            0                            0                            0
0                            0                            0                            0                            0                            0                            0                            0                            0                            0                            0                            0                            0                            0                            0          -1.3483122144984747           10.946376963872057                            0                            0                            0                            0
0                            0                            0                            0                            0                            0                            0                            0                            0                            0                            0                            0                            0                            0                            0                            0                            0           77.738577513127268           48.562730014415749                            0                            0
0                            0                            0                            0                            0                            0                            0                            0                            0                            0                            0                            0                            0                            0                            0                            0                            0           48.562730014415742           123.02892332639861                            0                            0
0                            0                            0                            0                            0                            0                            0                            0                            0                            0                            0                            0                            0                            0                            0                            0                            0                            0                            0           4.1222784596766608          0.67024370662144162
0                            0                            0                            0                            0                            0                            0                            0                            0                            0                            0                            0                            0                            0                            0                            0                            0                            0                            0          0.67024370662144173           6.4440707663199088
