528
23
-529          0.78187733414182803
-529      -0.00095971549260302096
-529       -0.0028205346586081407
3           5.9931544525563849
3          -11.157020289010818
9           20.362997275324769
9           -26.56099208139084
11           8.9851850211248561
11           17.794936316109055
18           15.313544387446489
18          -15.521103810949999
19           15.899967885549984
19          -6.9271258724956937
21           21.090266602079399
21           2.3193823334565336
22           21.960340849111393
22           8.7852586594716264
24           18.319220237010985
24           20.696250946149025
25           28.393313875105676
25           8.3787838880652696
28           34.352772687297609
28           6.9984434431311371
116.7237854153869      -0.00041555449529118854          -12.274694496477297                            0                            0                            0                            0                            0                            0                            0                            0                            0                            0                            0                            0                            0                            0                            0                            0                            0                            0                            0                            0
-0.00041555449529120242           116.77145706346192          -40.657743467651045                            0                            0                            0                            0                            0                            0                            0                            0                            0                            0                            0                            0                            0                            0                            0                            0                            0                            0                            0                            0
-12.274694496477295          -40.657743467651045           13243.442353369886                            0                            0                            0                            0                            0                            0                            0                            0                            0                            0                            0                            0                            0                            0                            0                            0                            0                            0                            0                            0
0                            0                            0           23.234458969428552          0.44005940684846384                            0                            0                            0                            0                            0                            0                            0                            0                            0                            0                            0                            0                            0                            0                            0                            0                            0                            0
0                            0                            0          0.44005940684846384           21.000147195102272                            0                            0                            0                            0                            0                            0                            0                            0                            0                            0                            0                            0                            0                            0                            0                            0                            0                            0
0                            0                            0                            0                            0           3.9364508913578131           -1.105437549304652                            0                            0                            0                            0                            0                            0                            0                            0                            0                            0                            0                            0                            0                            0                            0                            0
0                            0                            0                            0                            0           -1.105437549304652           5.0629480197527572                            0                            0                            0                            0                            0                            0                            0                            0                            0                            0                            0                            0                            0                            0                            0                            0
0                            0                            0                            0                            0                            0                            0           10.282449122533922          0.72744387613239525                            0                            0                            0                            0                            0                            0                            0                            0                            0                            0                            0                            0                            0                            0
0                            0                            0                            0                            0                            0                            0          0.72744387613239614           12.480544741414842                            0                            0                            0                            0                            0                            0                            0                            0                            0                            0                            0                            0                            0                            0
0                            0                            0                            0                            0                            0                            0                            0                            0           9.4076201019694565          -1.3663811555058272                            0                            0                            0                            0                            0                            0                            0                            0                            0                            0                            0                            0
0                            0                            0                            0                            0                            0                            0                            0                            0          -1.3663811555058272           10.321989580545623                            0                            0                            0                            0                            0                            0                            0                            0                            0                            0                            0                            0
0                            0                            0                            0                            0                            0                            0                            0                            0                            0                            0           16.834204171017078         -0.35982268614623775                            0                            0                            0                            0                            0                            0                            0                            0                            0                            0
0                            0                            0                            0                            0                            0                            0                            0                            0                            0                            0          -0.3598226861462368           16.467526539223165                            0                            0                            0                            0                            0                            0                            0                            0                            0                            0
0                            0                            0                            0                            0                            0                            0                            0                            0                            0                            0                            0                            0           13.287297101984464          0.25764838639162407                            0                            0                            0                            0                            0                            0                            0                            0
0                            0                            0                            0                            0                            0                            0                            0                            0                            0                            0                            0                            0          0.25764838639162407           10.863016389431312                            0                            0                            0                            0                            0                            0                            0                            0
0                            0                            0                            0                            0                            0                            0                            0                            0                            0                            0                            0                            0                            0                            0           10.627368312328255           1.0952440579844243                            0                            0                            0                            0                            0                            0
0                            0                            0                            0                            0                            0                            0                            0                            0                            0                            0                            0                            0                            0                            0           1.0952440579844243           8.7232060437724801                            0                            0                            0                            0                            0                            0
0                            0                            0                            0                            0                            0                            0                            0                            0                            0                            0                            0                            0                            0                            0                            0                            0           6.2964010447577357           1.3826623941424798                            0                            0                            0                            0
0                            0                            0                            0                            0                            0                            0                            0                            0                            0                            0                            0                            0                            0                            0                            0                            0           1.3826623941424794           7.2216657758209424                            0                            0                            0                            0
0                            0                            0                            0                            0                            0                            0                            0                            0                            0                            0                            0                            0                            0                            0                            0                            0                            0                            0           7.5169514157262043          0.83283141983677134                            0                            0
0                            0                            0                            0                            0                            0                            0                            0                            0                            0                            0                            0                            0                            0                            0                            0                            0                            0                            0          0.83283141983677123             5.18177823847327                            0                            0
0                            0                            0                            0                            0                            0                            0                            0                            0                            0                            0                            0                            0                            0                            0                            0                            0                            0                            0                            0                            0           5.7665882357962897           0.5114619164021097
0                            0                            0                            0                            0                            0                            0                            0                            0                            0                            0                            0                            0                            0                            0                            0                            0                            0                            0                            0                            0           0.5114619164021097           3.4690636904149623
