4246
13
-4247          0.50376532359106285
-4247        -0.010715543208963667
-4247        -0.047448804598343552
173           10.821610167979102
173          -7.8178858687805466
174           24.778679976383973
174          0.86653332239464054
183           29.793505856354937
183          -16.717963922400891
185           13.813039160708167
185          -22.034574908971635
186           16.542438605508163
186          -26.560241845110085
117.31367291608053        0.0007755714678783724          -6.1175059203555033                            0                            0                            0                            0                            0                            0                            0                            0                            0                            0
0.00077557146787837067           117.35096251510191          -26.462245413551912                            0                            0                            0                            0                            0                            0                            0                            0                            0                            0
-6.1175059203555033          -26.462245413551912             14446.2067867692                            0                            0                            0                            0                            0                            0                            0                            0                            0                            0
0                            0                            0           25.659774121449601           2.3387604957981445                            0                            0                            0                            0                            0                            0                            0                            0
0                            0                            0           2.3387604957981445           24.877025554682767                            0                            0                            0                            0                            0                            0                            0                            0
0                            0                            0                            0                            0           10.403663996074096         0.051684279212131645                            0                            0                            0                            0                            0                            0
0                            0                            0                            0                            0         0.051684279212131645               7.443575775547                            0                            0                            0                            0                            0                            0
0                            0                            0                            0                            0                            0                            0           5.1250815329116008          -1.1594495689811257                            0                            0                            0                            0
0                            0                            0                            0                            0                            0                            0          -1.1594495689811257           4.1407672475164619                            0                            0                            0                            0
0                            0                            0                            0                            0                            0                            0                            0                            0           5.8791831370692966           -1.087063418127558                            0                            0
0                            0                            0                            0                            0                            0                            0                            0                            0           -1.087063418127558             7.83677573324987                            0                            0
0                            0                            0                            0                            0                            0                            0                            0                            0                            0                            0           4.1419458421578152          -1.0062222603395146
0                            0                            0                            0                            0                            0                            0                            0                            0                            0                            0           -1.006222260339515           5.8008770849925879
