785
17
-786          0.45446006517536292
-786        0.0073809179881150619
-786         0.038172136961541495
8           9.7639985614956171
8          -1.8270497720045302
80           19.007226551241054
80           5.5949587330429509
82           10.720029662901041
82           12.642533513544642
85           28.003176244883534
85           4.7711995304293255
87           37.328092225897798
87           4.4706783780028125
90           20.237245890576336
90          -2.1065716796622076
91           39.145828713275478
91          -3.5294272075388351
116.75799881798959      -0.00059111242890411836          -5.4694063806148101                            0                            0                            0                            0                            0                            0                            0                            0                            0                            0                            0                            0                            0                            0
-0.00059111242890411662           116.80641291089279          -23.535512313414443                            0                            0                            0                            0                            0                            0                            0                            0                            0                            0                            0                            0                            0                            0
-5.469406380614811          -23.535512313414443           14358.408684287766                            0                            0                            0                            0                            0                            0                            0                            0                            0                            0                            0                            0                            0                            0
0                            0                            0           42.676335269268492           14.372258839531115                            0                            0                            0                            0                            0                            0                            0                            0                            0                            0                            0                            0
0                            0                            0           14.372258839531113           74.045471771565076                            0                            0                            0                            0                            0                            0                            0                            0                            0                            0                            0                            0
0                            0                            0                            0                            0           14.527330300794326          0.60051112200991097                            0                            0                            0                            0                            0                            0                            0                            0                            0                            0
0                            0                            0                            0                            0          0.60051112200991041           12.933519951216896                            0                            0                            0                            0                            0                            0                            0                            0                            0                            0
0                            0                            0                            0                            0                            0                            0           16.930246299144994          0.25793688040567025                            0                            0                            0                            0                            0                            0                            0                            0
0                            0                            0                            0                            0                            0                            0          0.25793688040567025           17.234119167053041                            0                            0                            0                            0                            0                            0                            0                            0
0                            0                            0                            0                            0                            0                            0                            0                            0           8.2663133825074837          0.50081019081020628                            0                            0                            0                            0                            0                            0
0                            0                            0                            0                            0                            0                            0                            0                            0          0.50081019081020628           5.5143840011398773                            0                            0                            0                            0                            0                            0
0                            0                            0                            0                            0                            0                            0                            0                            0                            0                            0           5.1844636970642846          0.27316267875963429                            0                            0                            0                            0
0                            0                            0                            0                            0                            0                            0                            0                            0                            0                            0          0.27316267875963429           2.9088548109947086                            0                            0                            0                            0
0                            0                            0                            0                            0                            0                            0                            0                            0                            0                            0                            0                            0           14.012128024314425         -0.34653791315808741                            0                            0
0                            0                            0                            0                            0                            0                            0                            0                            0                            0                            0                            0                            0         -0.34653791315808713           11.879059963646998                            0                            0
0                            0                            0                            0                            0                            0                            0                            0                            0                            0                            0                            0                            0                            0                            0           4.7818640010209323         -0.24961148475981507
0                            0                            0                            0                            0                            0                            0                            0                            0                            0                            0                            0                            0                            0                            0         -0.24961148475981509           2.6194917526581571
