5568
11
-5569          0.63250449150192434
-5569       -0.0017858017259108946
-5569        -0.005938690376768866
540            15.48377009601673
540           19.229947404613668
556           35.875085937889388
556          -0.2003172664543037
558           26.844719700465543
558           14.634078410671897
562           40.584032993776226
562           7.6539793108450143
117.29411774258493      -1.3087593940242642e-05          -8.5512453369985355                            0                            0                            0                            0                            0                            0                            0                            0
-1.3087593940246112e-05           117.33876346960292          -33.072615445578379                            0                            0                            0                            0                            0                            0                            0                            0
-8.5512453369985337          -33.072615445578379           13960.988856729467                            0                            0                            0                            0                            0                            0                            0                            0
0                            0                            0           7.5677533667051522           1.3407339502744409                            0                            0                            0                            0                            0                            0
0                            0                            0           1.3407339502744409           8.8755926469961253                            0                            0                            0                            0                            0                            0
0                            0                            0                            0                            0           5.6401362232662571        -0.053562938550069251                            0                            0                            0                            0
0                            0                            0                            0                            0        -0.053562938550069251           3.1865502499946272                            0                            0                            0                            0
0                            0                            0                            0                            0                            0                            0           6.5205772545717151           1.2466563071445251                            0                            0
0                            0                            0                            0                            0                            0                            0           1.2466563071445254           5.2501710240459563                            0                            0
0                            0                            0                            0                            0                            0                            0                            0                            0           4.3570723852590225          0.39298760319475207
0                            0                            0                            0                            0                            0                            0                            0                            0           0.3929876031947519           2.4117154848132021
