4529
7
-4530          0.65974360838961044
-4530        -0.014209874675263696
-4530        -0.048384960500259401
535            10.77738008186116
535         0.072021900004561268
538           22.978225105317566
538           4.3187644051863003
116.74619758404934       0.00081460615535833281          -9.6393926561619825                            0                            0                            0                            0
0.00081460615535833628            116.7869727598802          -34.000219650934255                            0                            0                            0                            0
-9.6393926561619825          -34.000219650934255           13825.053467655465                            0                            0                            0                            0
0                            0                            0           34.679694861447516           1.9643387596653554                            0                            0
0                            0                            0           1.9643387596653552           66.676205582672694                            0                            0
0                            0                            0                            0                            0           11.324195617628794           0.5482746472358353
0                            0                            0                            0                            0          0.54827464723583497           8.6768914391046348
