6205
11
-6206         0.086369209164307154
-6206      -1.9574723537386644e-05
-6206      -0.00050928300477613058
556           14.645930433044681
556         0.073076430547782734
558           29.921955196244131
558          -8.5013970394481042
559           38.965928319936111
559           -3.664529054265409
562           14.387231764476056
562          -9.3052241858965719
117.34190090415905       6.1367126347884775e-06         -0.15407204109843275                            0                            0                            0                            0                            0                            0                            0                            0
6.1367126347884978e-06            117.3703478118138          -4.5305722335343139                            0                            0                            0                            0                            0                            0                            0                            0
-0.15407204109843275          -4.5305722335343139           15382.279405168996                            0                            0                            0                            0                            0                            0                            0                            0
0                            0                            0           22.957040341418043          0.18876418633908526                            0                            0                            0                            0                            0                            0
0                            0                            0          0.18876418633908526           27.753993138381766                            0                            0                            0                            0                            0                            0
0                            0                            0                            0                            0           6.7625853407126453         -0.84984131882690928                            0                            0                            0                            0
0                            0                            0                            0                            0         -0.84984131882690928           4.5870907712637816                            0                            0                            0                            0
0                            0                            0                            0                            0                            0                            0           4.8140997406268404         -0.26028493987307177                            0                            0
0                            0                            0                            0                            0                            0                            0         -0.26028493987307166           2.6457701402042284                            0                            0
0                            0                            0                            0                            0                            0                            0                            0                            0           16.273299568504964         -0.49933768181503929
0                            0                            0                            0                            0                            0                            0                            0                            0         -0.49933768181503929           16.194702112823581
