1558
19
-1559          0.67039188553806195
-1559       -0.0085471291879917113
-1559         -0.02954657116349976
96           7.0773147259390505
96          -6.7352968166945786
97            4.877202314596234
97           9.1247148794694937
103           15.307755591049974
103          -10.632224172996445
104           17.427678080054207
104           20.733514832315262
107           16.272466579929308
107          -1.8153418247632112
108           26.976381254028524
108           6.8240593875795188
117           31.250627252466472
117          -18.204084342792431
139           59.969918792979932
139          -48.777236238917773
117.2910933964378      -0.00017683973682921725          -9.6931137984869036                            0                            0                            0                            0                            0                            0                            0                            0                            0                            0                            0                            0                            0                            0                            0                            0
-0.00017683973682922766           117.33456466175886          -34.555120055616243                            0                            0                            0                            0                            0                            0                            0                            0                            0                            0                            0                            0                            0                            0                            0                            0
-9.6931137984869          -34.555120055616243           13832.342858508338                            0                            0                            0                            0                            0                            0                            0                            0                            0                            0                            0                            0                            0                            0                            0                            0
0                            0                            0            48.33223778867508           7.8840884494277805                            0                            0                            0                            0                            0                            0                            0                            0                            0                            0                            0                            0                            0                            0
0                            0                            0           7.8840884494277805           34.625170730959745                            0                            0                            0                            0                            0                            0                            0                            0                            0                            0                            0                            0                            0                            0
0                            0                            0                            0                            0            43.19341666087788           -1.854681864377709                            0                            0                            0                            0                            0                            0                            0                            0                            0                            0                            0                            0
0                            0                            0                            0                            0           -1.854681864377709           28.850371357156909                            0                            0                            0                            0                            0                            0                            0                            0                            0                            0                            0                            0
0                            0                            0                            0                            0                            0                            0           13.807923242943572          -0.9900088245210642                            0                            0                            0                            0                            0                            0                            0                            0                            0                            0
0                            0                            0                            0                            0                            0                            0          -0.9900088245210642           13.738779503031779                            0                            0                            0                            0                            0                            0                            0                            0                            0                            0
0                            0                            0                            0                            0                            0                            0                            0                            0             6.42943012776903           1.3612407887485101                            0                            0                            0                            0                            0                            0                            0                            0
0                            0                            0                            0                            0                            0                            0                            0                            0           1.3612407887485101           7.5293840844308946                            0                            0                            0                            0                            0                            0                            0                            0
0                            0                            0                            0                            0                            0                            0                            0                            0                            0                            0           19.428818601407819           0.1682713872854871                            0                            0                            0                            0                            0                            0
0                            0                            0                            0                            0                            0                            0                            0                            0                            0                            0           0.1682713872854871           20.305542503244368                            0                            0                            0                            0                            0                            0
0                            0                            0                            0                            0                            0                            0                            0                            0                            0                            0                            0                            0           8.4246015657734894          0.74855081522084155                            0                            0                            0                            0
0                            0                            0                            0                            0                            0                            0                            0                            0                            0                            0                            0                            0          0.74855081522084155           5.8830273418896901                            0                            0                            0                            0
0                            0                            0                            0                            0                            0                            0                            0                            0                            0                            0                            0                            0                            0                            0           4.5968688256816064          -1.1061505041753128                            0                            0
0                            0                            0                            0                            0                            0                            0                            0                            0                            0                            0                            0                            0                            0                            0          -1.1061505041753128           3.7254202832787953                            0                            0
0                            0                            0                            0                            0                            0                            0                            0                            0                            0                            0                            0                            0                            0                            0                            0                            0           1.0427519979127382         -0.39904212308790876
0                            0                            0                            0                            0                            0                            0                            0                            0                            0                            0                            0                            0                            0                            0                            0                            0         -0.39904212308790876          0.93768221361853765
