3873
9
-3874           0.5772932778727804
-3874        0.0040815697851688563
-3874         0.015578081629172503
288           10.734929457224498
288           12.425814502322972
465            21.92724242688001
465           19.623203398101616
467           16.451239826338089
467           17.624197817905845
117.29803483198666      -0.00017067669247311165          -7.3445035146035655                            0                            0                            0                            0                            0                            0
-0.00017067669247311165           117.34433562610531          -30.148066767930377                            0                            0                            0                            0                            0                            0
-7.3445035146035655          -30.148066767930377           14114.875100716819                            0                            0                            0                            0                            0                            0
0                            0                            0            17.33094991543387          0.18357713807173931                            0                            0                            0                            0
0                            0                            0          0.18357713807173931           17.538675810271084                            0                            0                            0                            0
0                            0                            0                            0                            0            6.068702498248614           1.4177256404497323                            0                            0
0                            0                            0                            0                            0           1.4177256404497323           6.2173022031458105                            0                            0
0                            0                            0                            0                            0                            0                            0           8.2854520180346718           1.4208718079547198
0                            0                            0                            0                            0                            0                            0           1.4208718079547198           9.1542602302574636
