4673
7
-4674          0.88099846201244136
-4674        0.0056321300660012417
-4674         0.014442020972223007
572           6.4215395594307374
572          -14.107905130813611
588            40.04897113138145
588           15.895264855104596
116.70431085337742       -0.0016179159168863907          -15.073347754703271                            0                            0                            0                            0
-0.0016179159168863769           116.75582457221675          -45.821638508258239                            0                            0                            0                            0
-15.073347754703272          -45.821638508258239           12689.622860648065                            0                            0                            0                            0
0                            0                            0           14.938163821108391         -0.22826715944436665                            0                            0
0                            0                            0         -0.22826715944436624           16.159220323123442                            0                            0
0                            0                            0                            0                            0           3.7948201630149336          0.71321376814756265
0                            0                            0                            0                            0          0.71321376814756265           2.4173351031390213
