1632
13
-1633          0.61612608102986188
-1633        -0.022593628175003887
-1633        -0.082031361468287406
80           30.907471597346667
80          -22.669049536752556
87           15.773187480582255
87          -13.055832483886178
91           18.215867700198778
91          -5.1138019244508346
96           8.2138537563295824
96          -8.2019279620459109
97           7.8711483636149566
97          -23.947738600898912
116.74854112863885        0.0011224273469990324          -9.9552697037793383                            0                            0                            0                            0                            0                            0                            0                            0                            0                            0
0.0011224273469990324           116.79147107163523          -31.934870655015217                            0                            0                            0                            0                            0                            0                            0                            0                            0                            0
-9.9552697037793383          -31.934870655015217           13847.347381873959                            0                            0                            0                            0                            0                            0                            0                            0                            0                            0
0                            0                            0           3.8595671512657885          -1.0933712873699089                            0                            0                            0                            0                            0                            0                            0                            0
0                            0                            0          -1.0933712873699091           3.5132211524317869                            0                            0                            0                            0                            0                            0                            0                            0
0                            0                            0                            0                            0           11.181724626881998           -1.312114386124956                            0                            0                            0                            0                            0                            0
0                            0                            0                            0                            0          -1.3121143861249551            11.50393940439147                            0                            0                            0                            0                            0                            0
0                            0                            0                            0                            0                            0                            0           15.167557599439593         -0.57710078919951613                            0                            0                            0                            0
0                            0                            0                            0                            0                            0                            0         -0.57710078919951691           13.907967604985156                            0                            0                            0                            0
0                            0                            0                            0                            0                            0                            0                            0                            0           32.598786737034658           3.5689194044042689                            0                            0
0                            0                            0                            0                            0                            0                            0                            0                            0           3.5689194044042671           27.412843284388135                            0                            0
0                            0                            0                            0                            0                            0                            0                            0                            0                            0                            0           5.4224061234005276         -0.47538787285173578
0                            0                            0                            0                            0                            0                            0                            0                            0                            0                            0         -0.47538787285173578           8.1836593863028924
