2477
19
-2478          0.81299433315221659
-2478       -0.0018660200007290901
-2478       -0.0051682650527338139
96           7.9736603370286634
96           4.6572225055240297
103           16.972506420770536
103            4.914150900890867
106           7.4319120948144715
106           25.686799286438809
107           13.923211028105218
107           13.138179012449116
108            19.68860475549512
108           25.713612532875899
110           5.8747705057788151
110          -3.8429087420869665
117           34.589842443954694
117            5.379799651972907
121           34.445386029717781
121           12.889620181365022
117.26731481765788       0.00020178149863387534          -13.212415466631754                            0                            0                            0                            0                            0                            0                            0                            0                            0                            0                            0                            0                            0                            0                            0                            0
0.00020178149863386841           117.31449551390021           -42.10245684672941                            0                            0                            0                            0                            0                            0                            0                            0                            0                            0                            0                            0                            0                            0                            0                            0
-13.21241546663175           -42.10245684672941            13164.36091184388                            0                            0                            0                            0                            0                            0                            0                            0                            0                            0                            0                            0                            0                            0                            0                            0
0                            0                            0           66.599944684950316          -27.306785989625112                            0                            0                            0                            0                            0                            0                            0                            0                            0                            0                            0                            0                            0                            0
0                            0                            0          -27.306785989625112           67.076550107194294                            0                            0                            0                            0                            0                            0                            0                            0                            0                            0                            0                            0                            0                            0
0                            0                            0                            0                            0           17.436956061670557          0.15856855562424058                            0                            0                            0                            0                            0                            0                            0                            0                            0                            0                            0                            0
0                            0                            0                            0                            0          0.15856855562424058           17.016100900444599                            0                            0                            0                            0                            0                            0                            0                            0                            0                            0                            0                            0
0                            0                            0                            0                            0                            0                            0           5.1278006986177562          0.41025134740681812                            0                            0                            0                            0                            0                            0                            0                            0                            0                            0
0                            0                            0                            0                            0                            0                            0          0.41025134740681801           7.8977713743922431                            0                            0                            0                            0                            0                            0                            0                            0                            0                            0
0                            0                            0                            0                            0                            0                            0                            0                            0           13.308375587424802           1.0062537725803928                            0                            0                            0                            0                            0                            0                            0                            0
0                            0                            0                            0                            0                            0                            0                            0                            0           1.0062537725803928            13.75453776871559                            0                            0                            0                            0                            0                            0                            0                            0
0                            0                            0                            0                            0                            0                            0                            0                            0                            0                            0           4.4382032808704688           1.1803068848305152                            0                            0                            0                            0                            0                            0
0                            0                            0                            0                            0                            0                            0                            0                            0                            0                            0           1.1803068848305152           5.5641582911491527                            0                            0                            0                            0                            0                            0
0                            0                            0                            0                            0                            0                            0                            0                            0                            0                            0                            0                            0           123.14317284634991           37.440927133451702                            0                            0                            0                            0
0                            0                            0                            0                            0                            0                            0                            0                            0                            0                            0                            0                            0           37.440927133451702           63.579456455768863                            0                            0                            0                            0
0                            0                            0                            0                            0                            0                            0                            0                            0                            0                            0                            0                            0                            0                            0           5.8313208541658712          0.38924926897059092                            0                            0
0                            0                            0                            0                            0                            0                            0                            0                            0                            0                            0                            0                            0                            0                            0          0.38924926897059092           3.4353487202292907                            0                            0
0                            0                            0                            0                            0                            0                            0                            0                            0                            0                            0                            0                            0                            0                            0                            0                            0           5.0546284623617952          0.82968034091736109
0                            0                            0                            0                            0                            0                            0                            0                            0                            0                            0                            0                            0                            0                            0                            0                            0          0.82968034091736109           3.3363101748097517
