83
23
-84          0.71416198649241502
-84       -0.0014276932977594864
-84       -0.0055893068485431798
9           11.120260245747316
9          -26.423762844250021
18           6.5016377646066932
18          -14.935174773998916
19           7.3512164614490816
19          -6.3602429939888978
21           12.824028933355121
21           2.6712792434045629
22            13.86999832855942
22           9.1940987863303452
23           22.257551204891286
23          -7.2482802714835284
24           10.803764269676323
24           21.491818654632418
25           20.200294703291828
25           8.5975932270144124
28           26.545009510142179
28           6.9203966985360088
40           15.230964296960863
40           27.807450392726277
116.73476516529661       0.00036830683424958835          -10.437942501832723                            0                            0                            0                            0                            0                            0                            0                            0                            0                            0                            0                            0                            0                            0                            0                            0                            0                            0                            0                            0
0.00036830683424958141           116.78024086645375          -37.015929634018939                            0                            0                            0                            0                            0                            0                            0                            0                            0                            0                            0                            0                            0                            0                            0                            0                            0                            0                            0                            0
-10.437942501832723          -37.015929634018939           13562.761873830248                            0                            0                            0                            0                            0                            0                            0                            0                            0                            0                            0                            0                            0                            0                            0                            0                            0                            0                            0                            0
0                            0                            0           4.4052308525256336         -0.69635779122678698                            0                            0                            0                            0                            0                            0                            0                            0                            0                            0                            0                            0                            0                            0                            0                            0                            0                            0
0                            0                            0         -0.69635779122678676             6.76959273256782                            0                            0                            0                            0                            0                            0                            0                            0                            0                            0                            0                            0                            0                            0                            0                            0                            0                            0
0                            0                            0                            0                            0           13.418171940041324         -0.30921152091382037                            0                            0                            0                            0                            0                            0                            0                            0                            0                            0                            0                            0                            0                            0                            0                            0
0                            0                            0                            0                            0          -0.3092115209138207           15.117275283133209                            0                            0                            0                            0                            0                            0                            0                            0                            0                            0                            0                            0                            0                            0                            0                            0
0                            0                            0                            0                            0                            0                            0           49.959347594499533            9.454915761932126                            0                            0                            0                            0                            0                            0                            0                            0                            0                            0                            0                            0                            0                            0
0                            0                            0                            0                            0                            0                            0            9.454915761932126           36.718541015214178                            0                            0                            0                            0                            0                            0                            0                            0                            0                            0                            0                            0                            0                            0
0                            0                            0                            0                            0                            0                            0                            0                            0            27.44866592086538           -2.520573082502318                            0                            0                            0                            0                            0                            0                            0                            0                            0                            0                            0                            0
0                            0                            0                            0                            0                            0                            0                            0                            0           -2.520573082502318           37.342472344090474                            0                            0                            0                            0                            0                            0                            0                            0                            0                            0                            0                            0
0                            0                            0                            0                            0                            0                            0                            0                            0                            0                            0           18.439224345476216        -0.057181586591027081                            0                            0                            0                            0                            0                            0                            0                            0                            0                            0
0                            0                            0                            0                            0                            0                            0                            0                            0                            0                            0        -0.057181586591028254           18.456316036225736                            0                            0                            0                            0                            0                            0                            0                            0                            0                            0
0                            0                            0                            0                            0                            0                            0                            0                            0                            0                            0                            0                            0           10.649502275424169           -1.036698959467391                            0                            0                            0                            0                            0                            0                            0                            0
0                            0                            0                            0                            0                            0                            0                            0                            0                            0                            0                            0                            0          -1.0366989594673903           8.6119798151371931                            0                            0                            0                            0                            0                            0                            0                            0
0                            0                            0                            0                            0                            0                            0                            0                            0                            0                            0                            0                            0                            0                            0           7.0001381436595747          0.89777920720024085                            0                            0                            0                            0                            0                            0
0                            0                            0                            0                            0                            0                            0                            0                            0                            0                            0                            0                            0                            0                            0          0.89777920720024151           9.3829246394066832                            0                            0                            0                            0                            0                            0
0                            0                            0                            0                            0                            0                            0                            0                            0                            0                            0                            0                            0                            0                            0                            0                            0           11.953462647433291           1.0650968315793439                            0                            0                            0                            0
0                            0                            0                            0                            0                            0                            0                            0                            0                            0                            0                            0                            0                            0                            0                            0                            0           1.0650968315793439           10.318907560069869                            0                            0                            0                            0
0                            0                            0                            0                            0                            0                            0                            0                            0                            0                            0                            0                            0                            0                            0                            0                            0                            0                            0            8.611556713980681          0.77383706924421092                            0                            0
0                            0                            0                            0                            0                            0                            0                            0                            0                            0                            0                            0                            0                            0                            0                            0                            0                            0                            0          0.77383706924421125           6.0859820599627552                            0                            0
0                            0                            0                            0                            0                            0                            0                            0                            0                            0                            0                            0                            0                            0                            0                            0                            0                            0                            0                            0                            0           4.1371875631271005          0.93768150092981828
0                            0                            0                            0                            0                            0                            0                            0                            0                            0                            0                            0                            0                            0                            0                            0                            0                            0                            0                            0                            0          0.93768150092981828           5.9801016524029889
