3531
15
-3532          0.64293898232381219
-3532       0.00087261949687560169
-3532        0.0030894165470706143
179           8.7014892928012912
179           11.684935239677543
191           6.7922490148157086
191            20.65542878684958
221           21.875418574967938
221           22.451498061101194
232           15.851765608371849
232          -1.4660118729923504
235           30.365147192126766
235          -2.5289949171237467
347           30.840705489748693
347          -15.439973709560711
116.74402368055269       -0.0002438520655698613          -8.6446587337442491                            0                            0                            0                            0                            0                            0                            0                            0                            0                            0                            0                            0
-0.0002438520655698613           116.78947965289363           -33.38814859704641                            0                            0                            0                            0                            0                            0                            0                            0                            0                            0                            0                            0
-8.6446587337442509           -33.38814859704641           13847.391574102083                            0                            0                            0                            0                            0                            0                            0                            0                            0                            0                            0                            0
0                            0                            0           21.703848477466824         -0.63777643688840169                            0                            0                            0                            0                            0                            0                            0                            0                            0                            0
0                            0                            0         -0.63777643688840169            20.53501961511763                            0                            0                            0                            0                            0                            0                            0                            0                            0                            0
0                            0                            0                            0                            0           7.9684138743050914          0.42847457402440031                            0                            0                            0                            0                            0                            0                            0                            0
0                            0                            0                            0                            0          0.42847457402439987           10.771368239108261                            0                            0                            0                            0                            0                            0                            0                            0
0                            0                            0                            0                            0                            0                            0           5.1520663005381131           1.3292823618369902                            0                            0                            0                            0                            0                            0
0                            0                            0                            0                            0                            0                            0           1.3292823618369904           5.6688389333884919                            0                            0                            0                            0                            0                            0
0                            0                            0                            0                            0                            0                            0                            0                            0           20.278555624732395           0.2713911064219961                            0                            0                            0                            0
0                            0                            0                            0                            0                            0                            0                            0                            0          0.27139110642199649           21.900760662303554                            0                            0                            0                            0
0                            0                            0                            0                            0                            0                            0                            0                            0                            0                            0           7.3653545231629769         -0.31674968947573895                            0                            0
0                            0                            0                            0                            0                            0                            0                            0                            0                            0                            0         -0.31674968947573912           4.6213672468606548                            0                            0
0                            0                            0                            0                            0                            0                            0                            0                            0                            0                            0                            0                            0            5.187495356919805          -1.0952159040833085
0                            0                            0                            0                            0                            0                            0                            0                            0                            0                            0                            0                            0          -1.0952159040833085           3.9733191790629929
