2623
11
-2624          0.76363005677314599
-2624        -0.014683646274073177
-2624        -0.043491273212722052
2           11.124779814522952
2          -7.6572043806740293
3           15.241087200933187
3           -1.417928235113822
9           26.728204860231962
9          -19.273438362133795
18           23.586381943276699
18          -7.4019451474717437
116.73022635765327        0.0010676549470134133          -12.340797123445967                            0                            0                            0                            0                            0                            0                            0                            0
0.0010676549470134203           116.77290156912331          -39.326026440707714                            0                            0                            0                            0                            0                            0                            0                            0
-12.340797123445968          -39.326026440707714           13376.457684660083                            0                            0                            0                            0                            0                            0                            0                            0
0                            0                            0            25.22262614809291           2.2476540255220172                            0                            0                            0                            0                            0                            0
0                            0                            0           2.2476540255220145           24.750150233104286                            0                            0                            0                            0                            0                            0
0                            0                            0                            0                            0           21.472418394214852          0.47497999839137084                            0                            0                            0                            0
0                            0                            0                            0                            0          0.47497999839137139           24.231302550228182                            0                            0                            0                            0
0                            0                            0                            0                            0                            0                            0           5.0594766722004287           -1.276896214909832                            0                            0
0                            0                            0                            0                            0                            0                            0          -1.2768962149098317           4.6778098363260563                            0                            0
0                            0                            0                            0                            0                            0                            0                            0                            0            9.783244237741652          -1.0229549726604297
0                            0                            0                            0                            0                            0                            0                            0                            0          -1.0229549726604297           7.6273049992478699
