1036
15
-1037          0.77305953442688635
-1037        0.0025512482368878178
-1037        0.0075163720917755745
221           8.4066198050356622
221            14.95355616551713
236           10.060625279322606
236            24.35548583982639
245           29.862516022404392
245         -0.86692674284855697
252           40.383233555387825
252           4.6704116809403162
253           65.571807087614644
253           11.117774378276671
254           26.231256175291506
254           29.759046699797711
117.27045242960097       0.00064199159453980775          -12.240940911302667                            0                            0                            0                            0                            0                            0                            0                            0                            0                            0                            0                            0
0.00064199159453981469           117.31957783104356          -39.997749294663087                            0                            0                            0                            0                            0                            0                            0                            0                            0                            0                            0                            0
-12.240940911302669          -39.997749294663087           13283.447474266863                            0                            0                            0                            0                            0                            0                            0                            0                            0                            0                            0                            0
0                            0                            0           14.395380576151894          0.44228550388517279                            0                            0                            0                            0                            0                            0                            0                            0                            0                            0
0                            0                            0          0.44228550388517279           15.635503391838741                            0                            0                            0                            0                            0                            0                            0                            0                            0                            0
0                            0                            0                            0                            0           5.5842846144811444          0.72029825091058897                            0                            0                            0                            0                            0                            0                            0                            0
0                            0                            0                            0                            0          0.72029825091058897           8.1305303112705154                            0                            0                            0                            0                            0                            0                            0                            0
0                            0                            0                            0                            0                            0                            0           7.6577670959122965         -0.14912320723629899                            0                            0                            0                            0                            0                            0
0                            0                            0                            0                            0                            0                            0         -0.14912320723629899           4.8201420114548785                            0                            0                            0                            0                            0                            0
0                            0                            0                            0                            0                            0                            0                            0                            0           4.5304937497871975          0.24059396387081763                            0                            0                            0                            0
0                            0                            0                            0                            0                            0                            0                            0                            0          0.24059396387081763           2.4462398497775193                            0                            0                            0                            0
0                            0                            0                            0                            0                            0                            0                            0                            0                            0                            0           1.8618630497316835          0.17642763112354887                            0                            0
0                            0                            0                            0                            0                            0                            0                            0                            0                            0                            0          0.17642763112354889          0.86543052792005493                            0                            0
0                            0                            0                            0                            0                            0                            0                            0                            0                            0                            0                            0                            0           3.2053408775552454           1.0318679865719411
0                            0                            0                            0                            0                            0                            0                            0                            0                            0                            0                            0                            0           1.0318679865719409           3.7583172649502075
