6680
15
-6681          0.59646870335106628
-6681         -0.00943958314074703
-6681         -0.03510289163755103
1           41.442403581464681
1          -19.525455203305825
2            32.85511494810499
2           -14.31451101303538
3           28.838932719056611
3          -20.526941202256673
6           28.042538808985267
6          -35.470693035227136
9           17.334073266809948
9          -2.7540450903767066
19           18.237644776430294
19          -23.092732020326505
117.30190254754362       0.00038449685882954721          -7.9465014064467407                            0                            0                            0                            0                            0                            0                            0                            0                            0                            0                            0                            0
0.00038449685882954721           117.34257202475224          -30.971501082412939                            0                            0                            0                            0                            0                            0                            0                            0                            0                            0                            0                            0
-7.9465014064467399          -30.971501082412939           14134.576124765324                            0                            0                            0                            0                            0                            0                            0                            0                            0                            0                            0                            0
0                            0                            0           3.2094721958263568         -0.74716472849325022                            0                            0                            0                            0                            0                            0                            0                            0                            0                            0
0                            0                            0         -0.74716472849325044           2.2015342501204431                            0                            0                            0                            0                            0                            0                            0                            0                            0                            0
0                            0                            0                            0                            0           5.0035412926073199         -0.97859856599047967                            0                            0                            0                            0                            0                            0                            0                            0
0                            0                            0                            0                            0         -0.97859856599047967           3.5815543405330312                            0                            0                            0                            0                            0                            0                            0                            0
0                            0                            0                            0                            0                            0                            0           4.4842088513938414          -1.1885021307093435                            0                            0                            0                            0                            0                            0
0                            0                            0                            0                            0                            0                            0          -1.1885021307093435           4.0650788668467293                            0                            0                            0                            0                            0                            0
0                            0                            0                            0                            0                            0                            0                            0                            0           2.2955716813723503         -0.81803868286096582                            0                            0                            0                            0
0                            0                            0                            0                            0                            0                            0                            0                            0         -0.81803868286096582           2.9565898446193066                            0                            0                            0                            0
0                            0                            0                            0                            0                            0                            0                            0                            0                            0                            0           17.419197582269611         -0.12575117562819535                            0                            0
0                            0                            0                            0                            0                            0                            0                            0                            0                            0                            0         -0.12575117562819432           16.925596425534572                            0                            0
0                            0                            0                            0                            0                            0                            0                            0                            0                            0                            0                            0                            0           5.0409716117003969          -1.2292923596731309
0                            0                            0                            0                            0                            0                            0                            0                            0                            0                            0                            0                            0          -1.2292923596731309           6.2936830959454344
