5730
19
-5731          0.45351739793194101
-5731       0.00073277184053567742
-5731         0.003543904449408759
624           11.529597485027017
624          -15.214629145794987
625           5.7355558615949978
625           15.871925043139221
630            14.76869054452221
630          -3.5539419698068375
636           21.218658833514873
636          -15.340162420287861
641           8.3742102517663444
641          -24.906315521270081
642           12.550599121205545
642          -27.316786586426854
644           16.047967509988545
644          -12.888137234492117
741           35.625182389887499
741          -7.7357241430454433
117.31566343210515      -1.5971011442265579e-05          -4.6104997558476652                            0                            0                            0                            0                            0                            0                            0                            0                            0                            0                            0                            0                            0                            0                            0                            0
-1.5971011442263844e-05           117.35502291789156            -23.7056923069268                            0                            0                            0                            0                            0                            0                            0                            0                            0                            0                            0                            0                            0                            0                            0                            0
-4.6104997558476652            -23.7056923069268           14615.655285451454                            0                            0                            0                            0                            0                            0                            0                            0                            0                            0                            0                            0                            0                            0                            0                            0
0                            0                            0           11.183870667971735          -0.9954334438028013                            0                            0                            0                            0                            0                            0                            0                            0                            0                            0                            0                            0                            0                            0
0                            0                            0          -0.9954334438028013            12.71151656030519                            0                            0                            0                            0                            0                            0                            0                            0                            0                            0                            0                            0                            0                            0
0                            0                            0                            0                            0           13.698777653533456           0.2143555236187232                            0                            0                            0                            0                            0                            0                            0                            0                            0                            0                            0                            0
0                            0                            0                            0                            0           0.2143555236187232            15.35648027381424                            0                            0                            0                            0                            0                            0                            0                            0                            0                            0                            0                            0
0                            0                            0                            0                            0                            0                            0           21.537282139898409          0.88258840956435769                            0                            0                            0                            0                            0                            0                            0                            0                            0                            0
0                            0                            0                            0                            0                            0                            0          0.88258840956435769            23.60403865268718                            0                            0                            0                            0                            0                            0                            0                            0                            0                            0
0                            0                            0                            0                            0                            0                            0                            0                            0           7.5391991931927151          -1.4755192562555179                            0                            0                            0                            0                            0                            0                            0                            0
0                            0                            0                            0                            0                            0                            0                            0                            0          -1.4755192562555182           7.2550465036287477                            0                            0                            0                            0                            0                            0                            0                            0
0                            0                            0                            0                            0                            0                            0                            0                            0                            0                            0           5.0156596744967903         -0.50249742331673364                            0                            0                            0                            0                            0                            0
0                            0                            0                            0                            0                            0                            0                            0                            0                            0                            0         -0.50249742331673364           7.7036404925883524                            0                            0                            0                            0                            0                            0
0                            0                            0                            0                            0                            0                            0                            0                            0                            0                            0                            0                            0           4.0994713837683348         -0.76280257189121525                            0                            0                            0                            0
0                            0                            0                            0                            0                            0                            0                            0                            0                            0                            0                            0                            0         -0.76280257189121525           6.2782613289367308                            0                            0                            0                            0
0                            0                            0                            0                            0                            0                            0                            0                            0                            0                            0                            0                            0                            0                            0            11.16783213025645          -1.3229371517167936                            0                            0
0                            0                            0                            0                            0                            0                            0                            0                            0                            0                            0                            0                            0                            0                            0          -1.3229371517167943            11.39931613692144                            0                            0
0                            0                            0                            0                            0                            0                            0                            0                            0                            0                            0                            0                            0                            0                            0                            0                            0           5.2848399464383462         -0.58206091632378631
0                            0                            0                            0                            0                            0                            0                            0                            0                            0                            0                            0                            0                            0                            0                            0                            0         -0.58206091632378631           3.1847085673880358
