4284
19
-4285           0.4385781161162971
-4285        0.0041119529650493394
-4285         0.021116178819750052
23           35.328923179350433
23           14.877672626610531
39           27.355239324330078
39           19.933927579400745
45           16.550284487217152
45           -1.579772896348103
47           24.982759893613995
47           9.2824707076752393
50           19.336326477841443
50           8.3410340440939947
58           14.165301758493278
58           7.3738812826069253
177           10.212494544116815
177          -2.1316029981230007
181           9.7522204275020545
181           4.8390721272026003
116.76520161248818      -0.00032523352196631942          -4.5920036396221136                            0                            0                            0                            0                            0                            0                            0                            0                            0                            0                            0                            0                            0                            0                            0                            0
-0.00032523352196631855           116.80755622059644            -22.6830154369658                            0                            0                            0                            0                            0                            0                            0                            0                            0                            0                            0                            0                            0                            0                            0                            0
-4.5920036396221136            -22.6830154369658           14528.965090584265                            0                            0                            0                            0                            0                            0                            0                            0                            0                            0                            0                            0                            0                            0                            0                            0
0                            0                            0           4.6192095316267094          0.86050579789531434                            0                            0                            0                            0                            0                            0                            0                            0                            0                            0                            0                            0                            0                            0
0                            0                            0          0.86050579789531412           3.1231569757779747                            0                            0                            0                            0                            0                            0                            0                            0                            0                            0                            0                            0                            0                            0
0                            0                            0                            0                            0           5.0434008812084326           1.2584494431831028                            0                            0                            0                            0                            0                            0                            0                            0                            0                            0                            0                            0
0                            0                            0                            0                            0           1.2584494431831028           4.5541652976081881                            0                            0                            0                            0                            0                            0                            0                            0                            0                            0                            0                            0
0                            0                            0                            0                            0                            0                            0           19.020666355916923         0.095961682784679411                            0                            0                            0                            0                            0                            0                            0                            0                            0                            0
0                            0                            0                            0                            0                            0                            0         0.095961682784678759           19.594264832593066                            0                            0                            0                            0                            0                            0                            0                            0                            0                            0
0                            0                            0                            0                            0                            0                            0                            0                            0           8.7746927328095694           1.0528390369496541                            0                            0                            0                            0                            0                            0                            0                            0
0                            0                            0                            0                            0                            0                            0                            0                            0           1.0528390369496545           6.6690146589102621                            0                            0                            0                            0                            0                            0                            0                            0
0                            0                            0                            0                            0                            0                            0                            0                            0                            0                            0           12.796786731449261          0.99780962485848368                            0                            0                            0                            0                            0                            0
0                            0                            0                            0                            0                            0                            0                            0                            0                            0                            0          0.99780962485848435           11.320106166081153                            0                            0                            0                            0                            0                            0
0                            0                            0                            0                            0                            0                            0                            0                            0                            0                            0                            0                            0           20.239439467028891         -0.61267746431396519                            0                            0                            0                            0
0                            0                            0                            0                            0                            0                            0                            0                            0                            0                            0                            0                            0         -0.61267746431396519           20.759571775149769                            0                            0                            0                            0
0                            0                            0                            0                            0                            0                            0                            0                            0                            0                            0                            0                            0                            0                            0           39.560473810280115           11.620083036063836                            0                            0
0                            0                            0                            0                            0                            0                            0                            0                            0                            0                            0                            0                            0                            0                            0           11.620083036063834           63.209838619177191                            0                            0
0                            0                            0                            0                            0                            0                            0                            0                            0                            0                            0                            0                            0                            0                            0                            0                            0           42.475281344473295          -12.907220011863863
0                            0                            0                            0                            0                            0                            0                            0                            0                            0                            0                            0                            0                            0                            0                            0                            0          -12.907220011863865           50.862901355405484
