4724
17
-4725           0.8427026506574784
-4725        0.0056976398050534267
-4725         0.015161662669027548
592           13.854386504333675
592           6.8564645027587474
605           30.862085380553577
605          -7.3937080353923372
608           33.717873455970881
608          -25.754810372942085
609           39.450702991669154
609           3.9346980396049163
610           22.695649887863592
610           25.375342374813439
613           28.867213129459042
613          -12.559576545365541
616           36.851855820590778
616          -2.1028115009381865
117.25874875159452       -0.0005994583253892613          -14.059777441071054                            0                            0                            0                            0                            0                            0                            0                            0                            0                            0                            0                            0                            0                            0
-0.00059945832538925437            117.3101636983925          -43.968183720950954                            0                            0                            0                            0                            0                            0                            0                            0                            0                            0                            0                            0                            0                            0
-14.059777441071056          -43.968183720950954           12935.496176315553                            0                            0                            0                            0                            0                            0                            0                            0                            0                            0                            0                            0                            0                            0
0                            0                            0           21.484380641879287          -1.0414558351995615                            0                            0                            0                            0                            0                            0                            0                            0                            0                            0                            0                            0
0                            0                            0          -1.0414558351995649           22.477878545431121                            0                            0                            0                            0                            0                            0                            0                            0                            0                            0                            0                            0
0                            0                            0                            0                            0            6.636322060156802         -0.73185993221687129                            0                            0                            0                            0                            0                            0                            0                            0                            0                            0
0                            0                            0                            0                            0         -0.73185993221687173           4.3387421000147857                            0                            0                            0                            0                            0                            0                            0                            0                            0                            0
0                            0                            0                            0                            0                            0                            0           3.1775461899962778         -0.97094222798480578                            0                            0                            0                            0                            0                            0                            0                            0
0                            0                            0                            0                            0                            0                            0         -0.97094222798480578           2.9218922513417365                            0                            0                            0                            0                            0                            0                            0                            0
0                            0                            0                            0                            0                            0                            0                            0                            0           4.7395999292239193          0.21022670261766441                            0                            0                            0                            0                            0                            0
0                            0                            0                            0                            0                            0                            0                            0                            0          0.21022670261766438           2.5765546747921162                            0                            0                            0                            0                            0                            0
0                            0                            0                            0                            0                            0                            0                            0                            0                            0                            0           4.2830878623359574           1.2119257846343137                            0                            0                            0                            0
0                            0                            0                            0                            0                            0                            0                            0                            0                            0                            0           1.2119257846343141           4.9552813936521058                            0                            0                            0                            0
0                            0                            0                            0                            0                            0                            0                            0                            0                            0                            0                            0                            0           6.2434520130843989          -1.1137728816096197                            0                            0
0                            0                            0                            0                            0                            0                            0                            0                            0                            0                            0                            0                            0          -1.1137728816096204           4.6837076779711859                            0                            0
0                            0                            0                            0                            0                            0                            0                            0                            0                            0                            0                            0                            0                            0                            0             5.35013117598813         -0.18630095366504032
0                            0                            0                            0                            0                            0                            0                            0                            0                            0                            0                            0                            0                            0                            0         -0.18630095366504024           2.9976153192120241
