4630
13
-4631          0.68453301145968615
-4631       -0.0020880217452953266
-4631        -0.006832343360941566
556           27.247507960505626
556         -0.42204089897160513
557           19.318840340848631
557           15.375203542510265
558           15.422683664106817
558           12.556351868056863
562           30.359462346619729
562           8.3731954359052416
571           45.270018709874499
571           5.5943337291452337
116.73910831207648       0.00067554259136108977          -9.7297510846668622                            0                            0                            0                            0                            0                            0                            0                            0                            0                            0
0.0006755425913610863           116.78365844169996          -35.373585054044476                            0                            0                            0                            0                            0                            0                            0                            0                            0                            0
-9.7297510846668622          -35.373585054044476           13690.206604435461                            0                            0                            0                            0                            0                            0                            0                            0                            0                            0
0                            0                            0            8.913755699041781         -0.11637928288128788                            0                            0                            0                            0                            0                            0                            0                            0
0                            0                            0         -0.11637928288128788           5.9562777083641096                            0                            0                            0                            0                            0                            0                            0                            0
0                            0                            0                            0                            0           8.6476588648182027           1.4868510870874601                            0                            0                            0                            0                            0                            0
0                            0                            0                            0                            0           1.4868510870874605           8.5178242239646309                            0                            0                            0                            0                            0                            0
0                            0                            0                            0                            0                            0                            0           12.785595134076681           1.1382256754325772                            0                            0                            0                            0
0                            0                            0                            0                            0                            0                            0           1.1382256754325772           12.865090566959418                            0                            0                            0                            0
0                            0                            0                            0                            0                            0                            0                            0                            0           6.8057047621635798          0.75053046240609234                            0                            0
0                            0                            0                            0                            0                            0                            0                            0                            0          0.75053046240609234           4.4942736354941788                            0                            0
0                            0                            0                            0                            0                            0                            0                            0                            0                            0                            0           3.6991620239738747          0.22352357445332521
0                            0                            0                            0                            0                            0                            0                            0                            0                            0                            0          0.22352357445332521           1.9061538427475198
