3993
9
-3994          0.69807250737751958
-3994       0.00046403695540589397
-3994        0.0013995208536084001
263           13.990426897682051
263           27.449961116456933
271           16.246710353440768
271           12.966710353440767
275           17.608279834638967
275            6.157298645515783
117.2839682717191       -0.0002595457703117518          -10.136815004264932                            0                            0                            0                            0                            0                            0
-0.00025954577031174486           117.33115180572862          -36.270891080763043                            0                            0                            0                            0                            0                            0
-10.136815004264932          -36.270891080763043           13666.876500701725                            0                            0                            0                            0                            0                            0
0                            0                            0           4.2893814907872283          0.88904130886730104                            0                            0                            0                            0
0                            0                            0          0.88904130886730137           6.2991382921000625                            0                            0                            0                            0
0                            0                            0                            0                            0           11.829800102254531           1.2686423335553902                            0                            0
0                            0                            0                            0                            0           1.2686423335553902           11.829800102254531                            0                            0
0                            0                            0                            0                            0                            0                            0           15.879684052238092          0.48009419263692188
0                            0                            0                            0                            0                            0                            0          0.48009419263692271           14.902589252737458
