2476
17
-2477          0.84125037530271007
-2477       -0.0019300605430065526
-2477       -0.0051576283189986756
96           8.8934483232106398
96           4.6039761640142478
103           17.904981773250444
103           4.8184403031270149
106           8.4620835457224217
106           25.762262182542344
107           14.904247748707947
107           13.073674782861954
108           20.662683254585573
108           25.529607237012211
110           6.6997803741409765
110          -3.8697601336569818
121           35.378937763368775
121           12.629695752679718
116.71471325511469      -0.00082184323209220228          -13.919845205362357                            0                            0                            0                            0                            0                            0                            0                            0                            0                            0                            0                            0                            0                            0
-0.00082184323209220922           116.76227270531621          -43.468937026934988                            0                            0                            0                            0                            0                            0                            0                            0                            0                            0                            0                            0                            0                            0
-13.919845205362353          -43.468937026934988           12972.019531916807                            0                            0                            0                            0                            0                            0                            0                            0                            0                            0                            0                            0                            0                            0
0                            0                            0           52.104979459287065          -19.468428259854232                            0                            0                            0                            0                            0                            0                            0                            0                            0                            0                            0                            0
0                            0                            0          -19.468428259854228           60.737072729800374                            0                            0                            0                            0                            0                            0                            0                            0                            0                            0                            0                            0
0                            0                            0                            0                            0           16.191114647576139          0.34966189907706835                            0                            0                            0                            0                            0                            0                            0                            0                            0                            0
0                            0                            0                            0                            0          0.34966189907706746           15.154324480080739                            0                            0                            0                            0                            0                            0                            0                            0                            0                            0
0                            0                            0                            0                            0                            0                            0           5.0686919627202398          0.51540714377377461                            0                            0                            0                            0                            0                            0                            0                            0
0                            0                            0                            0                            0                            0                            0          0.51540714377377472           7.7540549909404897                            0                            0                            0                            0                            0                            0                            0                            0
0                            0                            0                            0                            0                            0                            0                            0                            0           12.651917336084246           1.1352756298802831                            0                            0                            0                            0                            0                            0
0                            0                            0                            0                            0                            0                            0                            0                            0            1.135275629880284           12.930705975521484                            0                            0                            0                            0                            0                            0
0                            0                            0                            0                            0                            0                            0                            0                            0                            0                            0           4.4111429707691778           1.2003179786908433                            0                            0                            0                            0
0                            0                            0                            0                            0                            0                            0                            0                            0                            0                            0           1.2003179786908429           5.3810628562342693                            0                            0                            0                            0
0                            0                            0                            0                            0                            0                            0                            0                            0                            0                            0                            0                            0           95.432985391525349           35.055723741150679                            0                            0
0                            0                            0                            0                            0                            0                            0                            0                            0                            0                            0                            0                            0           35.055723741150679           66.391872966747158                            0                            0
0                            0                            0                            0                            0                            0                            0                            0                            0                            0                            0                            0                            0                            0                            0           4.9013995189602912          0.78150009330076009
0                            0                            0                            0                            0                            0                            0                            0                            0                            0                            0                            0                            0                            0                            0          0.78150009330076009           3.1655119510402807
