2343
15
-2344          0.62041021887400372
-2344      -0.00043730297707217326
-2344       -0.0015332631851328327
6           50.993136426913516
6          -6.1353736023563181
19              40.351034893988
19            5.639723769931356
21           34.445686127510029
21          -2.9939136029251814
23           25.508450951495451
23           7.2468633554016408
47           14.085633405608183
47           3.9482167020207077
50           8.2831940895983145
50           4.2121467404541804
116.74792326732437       0.00029752276017290177          -8.0908954563275941                            0                            0                            0                            0                            0                            0                            0                            0                            0                            0                            0                            0
0.00029752276017290177            116.7913966114843          -32.093032174021729                            0                            0                            0                            0                            0                            0                            0                            0                            0                            0                            0                            0
-8.0908954563275941          -32.093032174021729           13954.849882183431                            0                            0                            0                            0                            0                            0                            0                            0                            0                            0                            0                            0
0                            0                            0           2.9757748122081438         -0.21524984434461089                            0                            0                            0                            0                            0                            0                            0                            0                            0                            0
0                            0                            0         -0.21524984434461092           1.4744439798043394                            0                            0                            0                            0                            0                            0                            0                            0                            0                            0
0                            0                            0                            0                            0            4.499043471881782          0.29401736061545691                            0                            0                            0                            0                            0                            0                            0                            0
0                            0                            0                            0                            0           0.2940173606154568           2.4483226915811316                            0                            0                            0                            0                            0                            0                            0                            0
0                            0                            0                            0                            0                            0                            0           5.9558983852060665         -0.28594584181517657                            0                            0                            0                            0                            0                            0
0                            0                            0                            0                            0                            0                            0         -0.28594584181517657           3.4787633548574397                            0                            0                            0                            0                            0                            0
0                            0                            0                            0                            0                            0                            0                            0                            0           9.0603176228503433          0.84412182392115143                            0                            0                            0                            0
0                            0                            0                            0                            0                            0                            0                            0                            0          0.84412182392115143           6.6039078726408871                            0                            0                            0                            0
0                            0                            0                            0                            0                            0                            0                            0                            0                            0                            0           23.451793187725254          -1.4541241420928692                            0                            0
0                            0                            0                            0                            0                            0                            0                            0                            0                            0                            0          -1.4541241420928706           27.311169013240388                            0                            0
0                            0                            0                            0                            0                            0                            0                            0                            0                            0                            0                            0                            0           62.739765669467907           -27.73619702425334
0                            0                            0                            0                            0                            0                            0                            0                            0                            0                            0                            0                            0           -27.73619702425334           73.522506773225999
