5201
21
-5202             1.20069683329679
-5202      -0.00067222815648331803
-5202       -0.0013281236604393725
2           14.341692005354629
2          -17.793387167168245
3           17.322254828000396
3           -10.86330103148387
5            14.22517885496873
5          -4.0959886932349425
6           15.204729347815674
6           3.9928902889884417
9           31.799625854102811
9          -26.089632108151719
11           19.854565835820168
11           18.042310347628224
18           26.692909338313964
18           -15.10084467179764
19           27.017271443451257
19          -6.3831933876472355
33           18.153548055191248
33          -32.556897372073784
117.20055365305871        0.0011777482205211076          -24.610929409811963                            0                            0                            0                            0                            0                            0                            0                            0                            0                            0                            0                            0                            0                            0                            0                            0                            0                            0
0.0011777482205211631           117.22627313450121          -61.742876233679731                            0                            0                            0                            0                            0                            0                            0                            0                            0                            0                            0                            0                            0                            0                            0                            0                            0                            0
-24.610929409811966          -61.742876233679731           11199.524669323431                            0                            0                            0                            0                            0                            0                            0                            0                            0                            0                            0                            0                            0                            0                            0                            0                            0                            0
0                            0                            0           8.0988441251260763          -1.2843976452619723                            0                            0                            0                            0                            0                            0                            0                            0                            0                            0                            0                            0                            0                            0                            0                            0
0                            0                            0          -1.2843976452619716           9.5819387776031171                            0                            0                            0                            0                            0                            0                            0                            0                            0                            0                            0                            0                            0                            0                            0                            0
0                            0                            0                            0                            0           12.000249359526002          -1.2551669832922852                            0                            0                            0                            0                            0                            0                            0                            0                            0                            0                            0                            0                            0                            0
0                            0                            0                            0                            0          -1.2551669832922852           11.557609750628242                            0                            0                            0                            0                            0                            0                            0                            0                            0                            0                            0                            0                            0                            0
0                            0                            0                            0                            0                            0                            0           22.363213954965616           1.2520660731043749                            0                            0                            0                            0                            0                            0                            0                            0                            0                            0                            0                            0
0                            0                            0                            0                            0                            0                            0           1.2520660731043758           24.657828304395849                            0                            0                            0                            0                            0                            0                            0                            0                            0                            0                            0                            0
0                            0                            0                            0                            0                            0                            0                            0                            0           20.952977001809604         -0.62613273651690438                            0                            0                            0                            0                            0                            0                            0                            0                            0                            0
0                            0                            0                            0                            0                            0                            0                            0                            0         -0.62613273651690515           22.809536914345674                            0                            0                            0                            0                            0                            0                            0                            0                            0                            0
0                            0                            0                            0                            0                            0                            0                            0                            0                            0                            0           3.2676117101751108          -1.0130183169164557                            0                            0                            0                            0                            0                            0                            0                            0
0                            0                            0                            0                            0                            0                            0                            0                            0                            0                            0          -1.0130183169164557           3.1614316294498397                            0                            0                            0                            0                            0                            0                            0                            0
0                            0                            0                            0                            0                            0                            0                            0                            0                            0                            0                            0                            0           7.1487857426601371           1.4733190644310088                            0                            0                            0                            0                            0                            0
0                            0                            0                            0                            0                            0                            0                            0                            0                            0                            0                            0                            0           1.4733190644310095           7.4065831744488024                            0                            0                            0                            0                            0                            0
0                            0                            0                            0                            0                            0                            0                            0                            0                            0                            0                            0                            0                            0                            0            6.155467230080057          -1.2821822949004373                            0                            0                            0                            0
0                            0                            0                            0                            0                            0                            0                            0                            0                            0                            0                            0                            0                            0                            0          -1.2821822949004378            5.145337154861477                            0                            0                            0                            0
0                            0                            0                            0                            0                            0                            0                            0                            0                            0                            0                            0                            0                            0                            0                            0                            0           8.2946409371634839         -0.80139085755306405                            0                            0
0                            0                            0                            0                            0                            0                            0                            0                            0                            0                            0                            0                            0                            0                            0                            0                            0         -0.80139085755306372           5.8265735294289103                            0                            0
0                            0                            0                            0                            0                            0                            0                            0                            0                            0                            0                            0                            0                            0                            0                            0                            0                            0                            0           2.8746730109242615         -0.80077848384758699
0                            0                            0                            0                            0                            0                            0                            0                            0                            0                            0                            0                            0                            0                            0                            0                            0                            0                            0         -0.80077848384758676           4.3681490446088995
