241
23
-242          0.37908741944924096
-242       -0.0020040800138752019
-242        -0.011920410196288133
83           12.837394519189802
83           16.347153663127802
84           14.939532067869377
84          -25.790210023576115
85           12.548330156376437
85          -16.708816880642011
87           21.719262075607638
87          -19.249587331305172
91           21.247836950944485
91          -27.454382620255604
93           14.670235601695424
93           6.4745878418806786
96           30.245069453640319
96          -21.904335079960386
97           26.514500593511137
97           -6.450634359076477
101           26.046557223051849
101           2.3502082266418762
106           36.961995213272125
106          -2.1114796591308354
116.77708347083114       0.00030138053380257459          -3.1929097377115463                            0                            0                            0                            0                            0                            0                            0                            0                            0                            0                            0                            0                            0                            0                            0                            0                            0                            0                            0                            0
0.00030138053380257459           116.81132412779597          -19.565061093508433                            0                            0                            0                            0                            0                            0                            0                            0                            0                            0                            0                            0                            0                            0                            0                            0                            0                            0                            0                            0
-3.1929097377115458          -19.565061093508433           14797.894586161292                            0                            0                            0                            0                            0                            0                            0                            0                            0                            0                            0                            0                            0                            0                            0                            0                            0                            0                            0                            0
0                            0                            0             10.5118259099553           1.1522052836303009                            0                            0                            0                            0                            0                            0                            0                            0                            0                            0                            0                            0                            0                            0                            0                            0                            0                            0
0                            0                            0           1.1522052836303009           11.869227470387015                            0                            0                            0                            0                            0                            0                            0                            0                            0                            0                            0                            0                            0                            0                            0                            0                            0                            0
0                            0                            0                            0                            0           4.4368123858979436         -0.97140414553665488                            0                            0                            0                            0                            0                            0                            0                            0                            0                            0                            0                            0                            0                            0                            0                            0
0                            0                            0                            0                            0         -0.97140414553665455           6.3129605441895533                            0                            0                            0                            0                            0                            0                            0                            0                            0                            0                            0                            0                            0                            0                            0                            0
0                            0                            0                            0                            0                            0                            0           9.3851497677165661          -1.1475328724891209                            0                            0                            0                            0                            0                            0                            0                            0                            0                            0                            0                            0                            0                            0
0                            0                            0                            0                            0                            0                            0          -1.1475328724891216           11.052612636011563                            0                            0                            0                            0                            0                            0                            0                            0                            0                            0                            0                            0                            0                            0
0                            0                            0                            0                            0                            0                            0                            0                            0           5.8867562277704639          -1.4038724042370501                            0                            0                            0                            0                            0                            0                            0                            0                            0                            0                            0                            0
0                            0                            0                            0                            0                            0                            0                            0                            0          -1.4038724042370494            6.157111302960014                            0                            0                            0                            0                            0                            0                            0                            0                            0                            0                            0                            0
0                            0                            0                            0                            0                            0                            0                            0                            0                            0                            0           3.6941775123197917          -1.0769118273299387                            0                            0                            0                            0                            0                            0                            0                            0                            0                            0
0                            0                            0                            0                            0                            0                            0                            0                            0                            0                            0          -1.0769118273299381           4.7446674987214381                            0                            0                            0                            0                            0                            0                            0                            0                            0                            0
0                            0                            0                            0                            0                            0                            0                            0                            0                            0                            0                            0                            0           20.212059848160433         -0.58394625051107496                            0                            0                            0                            0                            0                            0                            0                            0
0                            0                            0                            0                            0                            0                            0                            0                            0                            0                            0                            0                            0          -0.5839462505110764           20.956089428381734                            0                            0                            0                            0                            0                            0                            0                            0
0                            0                            0                            0                            0                            0                            0                            0                            0                            0                            0                            0                            0                            0                            0           4.0585116647445831          -1.1244008910777079                            0                            0                            0                            0                            0                            0
0                            0                            0                            0                            0                            0                            0                            0                            0                            0                            0                            0                            0                            0                            0          -1.1244008910777075           3.6821913072117503                            0                            0                            0                            0                            0                            0
0                            0                            0                            0                            0                            0                            0                            0                            0                            0                            0                            0                            0                            0                            0                            0                            0           8.5141537807982317         -0.82718883996351211                            0                            0                            0                            0
0                            0                            0                            0                            0                            0                            0                            0                            0                            0                            0                            0                            0                            0                            0                            0                            0         -0.82718883996351211            6.061438005359765                            0                            0                            0                            0
0                            0                            0                            0                            0                            0                            0                            0                            0                            0                            0                            0                            0                            0                            0                            0                            0                            0                            0           9.5389593646020074          0.24621676107309645                            0                            0
0                            0                            0                            0                            0                            0                            0                            0                            0                            0                            0                            0                            0                            0                            0                            0                            0                            0                            0          0.24621676107309645           6.5962926711085341                            0                            0
0                            0                            0                            0                            0                            0                            0                            0                            0                            0                            0                            0                            0                            0                            0                            0                            0                            0                            0                            0                            0           5.3228265147907727          -0.1857079220184728
0                            0                            0                            0                            0                            0                            0                            0                            0                            0                            0                            0                            0                            0                            0                            0                            0                            0                            0                            0                            0         -0.18570792201847278           2.9777991669281993
