5248
17
-5249          0.67785218983121787
-5249       -0.0052317200259780292
-5249        -0.017044913936640978
9           13.474018909650168
9           -12.01999891134197
33           12.279761571435941
33          -26.873705776401831
39            10.34719192835869
39           10.236262425716511
50            5.813462009791369
50           23.742577127593442
54           36.826470933021135
54           4.5575964229015975
58           7.9664127081270131
58           28.511941508155399
64           58.739101076811288
64           19.962038420890774
116.7414275364992      -0.00045531837433731084          -9.6097984291030905                            0                            0                            0                            0                            0                            0                            0                            0                            0                            0                            0                            0                            0                            0
-0.0004553183743373039           116.78543720014353          -34.654140048077423                            0                            0                            0                            0                            0                            0                            0                            0                            0                            0                            0                            0                            0                            0
-9.6097984291030922          -34.654140048077423           13741.416074950599                            0                            0                            0                            0                            0                            0                            0                            0                            0                            0                            0                            0                            0                            0
0                            0                            0           13.801681204232359         -0.91490304299177383                            0                            0                            0                            0                            0                            0                            0                            0                            0                            0                            0                            0
0                            0                            0         -0.91490304299177383           14.274901234029128                            0                            0                            0                            0                            0                            0                            0                            0                            0                            0                            0                            0
0                            0                            0                            0                            0           4.2326906879680291         -0.76293594989493507                            0                            0                            0                            0                            0                            0                            0                            0                            0                            0
0                            0                            0                            0                            0         -0.76293594989493507           6.4528480787598674                            0                            0                            0                            0                            0                            0                            0                            0                            0                            0
0                            0                            0                            0                            0                            0                            0           22.972696874834284          -1.2291429580071349                            0                            0                            0                            0                            0                            0                            0                            0
0                            0                            0                            0                            0                            0                            0          -1.2291429580071365           21.979484894163324                            0                            0                            0                            0                            0                            0                            0                            0
0                            0                            0                            0                            0                            0                            0                            0                            0           6.0532278546071918           0.2579023930893648                            0                            0                            0                            0                            0                            0
0                            0                            0                            0                            0                            0                            0                            0                            0          0.25790239308936491           8.9785021609344078                            0                            0                            0                            0                            0                            0
0                            0                            0                            0                            0                            0                            0                            0                            0                            0                            0           5.2997133547783113          0.28710924959855705                            0                            0                            0                            0
0                            0                            0                            0                            0                            0                            0                            0                            0                            0                            0          0.28710924959855699           2.9966487465149565                            0                            0                            0                            0
0                            0                            0                            0                            0                            0                            0                            0                            0                            0                            0                            0                            0            4.151632875461309          0.39713828470881962                            0                            0
0                            0                            0                            0                            0                            0                            0                            0                            0                            0                            0                            0                            0          0.39713828470881984           6.7495944723416006                            0                            0
0                            0                            0                            0                            0                            0                            0                            0                            0                            0                            0                            0                            0                            0                            0           2.0122358597237819          0.37058448076363631
0                            0                            0                            0                            0                            0                            0                            0                            0                            0                            0                            0                            0                            0                            0          0.37058448076363631           1.0969684166217171
