3673
13
-3674         0.054668854623569331
-3674       9.0966855486696991e-06
-3674       0.00037295605835437111
236           8.9799580660408189
236           36.363486498823391
254           9.8490657896793685
254           19.459756141594863
256           10.372714415778498
256            1.841302907333906
263           24.181014007969317
263          -7.7425446928500108
271           35.127728419500755
271           1.5946867982272968
117.34200434017467        -6.54122620769985e-06        -0.096537510476662411                            0                            0                            0                            0                            0                            0                            0                            0                            0                            0
-6.54122620769985e-06           117.37067766613738          -2.6511788793789686                            0                            0                            0                            0                            0                            0                            0                            0                            0                            0
-0.096537510476662397          -2.6511788793789686           15399.882118506417                            0                            0                            0                            0                            0                            0                            0                            0                            0                            0
0                            0                            0           2.5446313570329298          0.30921788057468919                            0                            0                            0                            0                            0                            0                            0                            0
0                            0                            0          0.30921788057468913           4.6324354971803841                            0                            0                            0                            0                            0                            0                            0                            0
0                            0                            0                            0                            0           8.5527214399470424           0.8409976906629838                            0                            0                            0                            0                            0                            0
0                            0                            0                            0                            0           0.8409976906629838           10.910791996114051                            0                            0                            0                            0                            0                            0
0                            0                            0                            0                            0                            0                            0           37.199761826112471          -7.1874906683734521                            0                            0                            0                            0
0                            0                            0                            0                            0                            0                            0          -7.1874906683734521           71.065095616959965                            0                            0                            0                            0
0                            0                            0                            0                            0                            0                            0                            0                            0           9.3450678242177823          -1.0360784932732003                            0                            0
0                            0                            0                            0                            0                            0                            0                            0                            0          -1.0360784932731992           7.1992864497160713                            0                            0
0                            0                            0                            0                            0                            0                            0                            0                            0                            0                            0           5.8407468494628461         0.087446819151281885
0                            0                            0                            0                            0                            0                            0                            0                            0                            0                            0         0.087446819151281871           3.3396512976757946
