1717
21
-1718          0.63347354792325139
-1718        0.0062116228389599952
-1718         0.022200822622574307
1           22.782239676126661
1           10.710271682041292
2           32.450307087119207
2           8.8566324472658806
5           29.669870617017345
5           22.224180885966756
10           13.915942034130655
10           19.168082940984579
17           24.676273879654424
17          -4.9041438727953146
33           39.034533624119348
33          -5.2415653956832253
38           56.712551169395731
38           -10.75116107698927
42           53.486479815660218
42          -14.223730108458803
82           7.7325691819212246
82           10.932628021367561
116.74068348012111      -4.9425854332197511e-05           -8.695929824411472                            0                            0                            0                            0                            0                            0                            0                            0                            0                            0                            0                            0                            0                            0                            0                            0                            0                            0
-4.942585433220098e-05           116.78987659846447          -32.943941141321289                            0                            0                            0                            0                            0                            0                            0                            0                            0                            0                            0                            0                            0                            0                            0                            0                            0                            0
-8.6959298244114738          -32.943941141321289           13788.186204211162                            0                            0                            0                            0                            0                            0                            0                            0                            0                            0                            0                            0                            0                            0                            0                            0                            0                            0
0                            0                            0           9.3653317196178882           1.2415365675441501                            0                            0                            0                            0                            0                            0                            0                            0                            0                            0                            0                            0                            0                            0                            0                            0
0                            0                            0           1.2415365675441496           7.7218214641100253                            0                            0                            0                            0                            0                            0                            0                            0                            0                            0                            0                            0                            0                            0                            0                            0
0                            0                            0                            0                            0           6.0883990732205433          0.70168708357094012                            0                            0                            0                            0                            0                            0                            0                            0                            0                            0                            0                            0                            0                            0
0                            0                            0                            0                            0          0.70168708357094012           3.8855428837586641                            0                            0                            0                            0                            0                            0                            0                            0                            0                            0                            0                            0                            0                            0
0                            0                            0                            0                            0                            0                            0            4.246790002331128           1.1518705248266874                            0                            0                            0                            0                            0                            0                            0                            0                            0                            0                            0                            0
0                            0                            0                            0                            0                            0                            0           1.1518705248266874           3.8405782987115988                            0                            0                            0                            0                            0                            0                            0                            0                            0                            0                            0                            0
0                            0                            0                            0                            0                            0                            0                            0                            0           7.9513515646514872           1.2453812239021653                            0                            0                            0                            0                            0                            0                            0                            0                            0                            0
0                            0                            0                            0                            0                            0                            0                            0                            0           1.2453812239021664           9.5688716111068359                            0                            0                            0                            0                            0                            0                            0                            0                            0                            0
0                            0                            0                            0                            0                            0                            0                            0                            0                            0                            0           9.8380297709793982          -0.7218661437090681                            0                            0                            0                            0                            0                            0                            0                            0
0                            0                            0                            0                            0                            0                            0                            0                            0                            0                            0          -0.7218661437090681           7.2334677786498318                            0                            0                            0                            0                            0                            0                            0                            0
0                            0                            0                            0                            0                            0                            0                            0                            0                            0                            0                            0                            0           4.7270357529095675         -0.35080059337406921                            0                            0                            0                            0                            0                            0
0                            0                            0                            0                            0                            0                            0                            0                            0                            0                            0                            0                            0         -0.35080059337406921           2.6301708362328404                            0                            0                            0                            0                            0                            0
0                            0                            0                            0                            0                            0                            0                            0                            0                            0                            0                            0                            0                            0                            0           2.3759500786757064         -0.26674634404611752                            0                            0                            0                            0
0                            0                            0                            0                            0                            0                            0                            0                            0                            0                            0                            0                            0                            0                            0         -0.26674634404611758            1.177705882611535                            0                            0                            0                            0
0                            0                            0                            0                            0                            0                            0                            0                            0                            0                            0                            0                            0                            0                            0                            0                            0           2.5024321168499104          -0.3794296235585693                            0                            0
0                            0                            0                            0                            0                            0                            0                            0                            0                            0                            0                            0                            0                            0                            0                            0                            0          -0.3794296235585693           1.3338913497475151                            0                            0
0                            0                            0                            0                            0                            0                            0                            0                            0                            0                            0                            0                            0                            0                            0                            0                            0                            0                            0           25.869518109899378          -1.3364680250818173
0                            0                            0                            0                            0                            0                            0                            0                            0                            0                            0                            0                            0                            0                            0                            0                            0                            0                            0          -1.3364680250818173           22.848313497295464
