2526
17
-2527          0.51669817589444755
-2527         0.012241950929650081
-2527          0.05343606417419422
102            22.04624365978383
102           20.434106988524768
108           15.924747457652469
108           9.4048972621894933
121           5.2896077585822914
121          -7.0893107023403346
134           17.762727163511251
134          -2.5998959813428981
138           19.174876538485432
138          -15.581697834585189
142           26.127312095421786
142          -5.6974581378257607
143           20.452106909628931
143          -27.247045457249719
116.7438853001028      -0.00090984148035872479          -7.4236028407528067                            0                            0                            0                            0                            0                            0                            0                            0                            0                            0                            0                            0                            0                            0
-0.00090984148035872479           116.80091238076166          -26.919153221743461                            0                            0                            0                            0                            0                            0                            0                            0                            0                            0                            0                            0                            0                            0
-7.4236028407528067          -26.919153221743461           13973.698442313884                            0                            0                            0                            0                            0                            0                            0                            0                            0                            0                            0                            0                            0                            0
0                            0                            0           5.7682830954662876           1.3942438302424605                            0                            0                            0                            0                            0                            0                            0                            0                            0                            0                            0                            0
0                            0                            0           1.3942438302424605           6.0122441541406442                            0                            0                            0                            0                            0                            0                            0                            0                            0                            0                            0                            0
0                            0                            0                            0                            0            15.41732223381168          0.69096865526110174                            0                            0                            0                            0                            0                            0                            0                            0                            0                            0
0                            0                            0                            0                            0          0.69096865526110096           14.981599073497351                            0                            0                            0                            0                            0                            0                            0                            0                            0                            0
0                            0                            0                            0                            0                            0                            0           53.949199822539846           4.4091880484128794                            0                            0                            0                            0                            0                            0                            0                            0
0                            0                            0                            0                            0                            0                            0           4.4091880484128794           32.659756651476371                            0                            0                            0                            0                            0                            0                            0                            0
0                            0                            0                            0                            0                            0                            0                            0                            0           16.861982034612627         -0.19024286990894998                            0                            0                            0                            0                            0                            0
0                            0                            0                            0                            0                            0                            0                            0                            0         -0.19024286990894954            16.04602773241794                            0                            0                            0                            0                            0                            0
0                            0                            0                            0                            0                            0                            0                            0                            0                            0                            0           8.0503725424318944          -1.4904337745970879                            0                            0                            0                            0
0                            0                            0                            0                            0                            0                            0                            0                            0                            0                            0          -1.4904337745970875           8.1805200303150958                            0                            0                            0                            0
0                            0                            0                            0                            0                            0                            0                            0                            0                            0                            0                            0                            0           8.8651375479972003         -0.76572659619771488                            0                            0
0                            0                            0                            0                            0                            0                            0                            0                            0                            0                            0                            0                            0         -0.76572659619771477           6.3163714217132867                            0                            0
0                            0                            0                            0                            0                            0                            0                            0                            0                            0                            0                            0                            0                            0                            0           3.7794074210727757          -1.0760118827276632
0                            0                            0                            0                            0                            0                            0                            0                            0                            0                            0                            0                            0                            0                            0          -1.0760118827276632           4.9236587543250225
