6613
17
-6614          0.42642883999486858
-6614        -0.019088401095261599
-6614         -0.10081530006190011
169           36.521322847218549
169          -1.5025450925288006
172           33.879549962862491
172          -12.744118958764389
173           21.540440174225605
173           13.051838140870732
174           9.3995147076757206
174           1.8750865006709121
178           15.566964115939182
178           16.873126020388344
186           12.400703633441328
186           30.563966367335098
191           28.971010658348618
191           27.751481798736407
117.31542212831337        0.0019987378318530834          -6.8345254170636238                            0                            0                            0                            0                            0                            0                            0                            0                            0                            0                            0                            0                            0                            0
0.0019987378318530903           117.35596428751344          -21.991576048684923                            0                            0                            0                            0                            0                            0                            0                            0                            0                            0                            0                            0                            0                            0
-6.8345254170636247          -21.991576048684923           14358.144974157467                            0                            0                            0                            0                            0                            0                            0                            0                            0                            0                            0                            0                            0                            0
0                            0                            0           5.4493805013117766          -0.1466959592188444                            0                            0                            0                            0                            0                            0                            0                            0                            0                            0                            0                            0
0                            0                            0          -0.1466959592188444            3.059895078387171                            0                            0                            0                            0                            0                            0                            0                            0                            0                            0                            0                            0
0                            0                            0                            0                            0           5.0479237772917305         -0.88538664958685542                            0                            0                            0                            0                            0                            0                            0                            0                            0                            0
0                            0                            0                            0                            0         -0.88538664958685542           3.4253090011411786                            0                            0                            0                            0                            0                            0                            0                            0                            0                            0
0                            0                            0                            0                            0                            0                            0            8.928377761403004           1.4047800809772011                            0                            0                            0                            0                            0                            0                            0                            0
0                            0                            0                            0                            0                            0                            0           1.4047800809772015           7.9334603274125923                            0                            0                            0                            0                            0                            0                            0                            0
0                            0                            0                            0                            0                            0                            0                            0                            0           43.406155870158074          -13.379244541805269                            0                            0                            0                            0                            0                            0
0                            0                            0                            0                            0                            0                            0                            0                            0          -13.379244541805267           94.808735144526921                            0                            0                            0                            0                            0                            0
0                            0                            0                            0                            0                            0                            0                            0                            0                            0                            0           9.0614492594524965           1.3832804277341939                            0                            0                            0                            0
0                            0                            0                            0                            0                            0                            0                            0                            0                            0                            0           1.3832804277341924           9.9871275728098681                            0                            0                            0                            0
0                            0                            0                            0                            0                            0                            0                            0                            0                            0                            0                            0                            0           3.5470797564567342           0.6659961254360488                            0                            0
0                            0                            0                            0                            0                            0                            0                            0                            0                            0                            0                            0                            0           0.6659961254360488           5.6787129479424623                            0                            0
0                            0                            0                            0                            0                            0                            0                            0                            0                            0                            0                            0                            0                            0                            0           3.3613789708621153           1.0577237086833844
0                            0                            0                            0                            0                            0                            0                            0                            0                            0                            0                            0                            0                            0                            0           1.0577237086833842           3.5278682933066117
