1625
13
-1626          0.45999084921105604
-1626        -0.017804120170553821
-1626        -0.087070572730396756
80           15.661419307317811
80          -37.764423488955863
87           8.8179150144291079
87          -20.895260109271511
91           15.321752835935168
91          -15.831202525696774
110           14.122388641699477
110          -11.825578819750902
130           22.375637044047874
130           16.664940663634955
116.7669608325114        0.0014758455424955606          -6.6361497907990286                            0                            0                            0                            0                            0                            0                            0                            0                            0                            0
0.0014758455424955606           116.80555600148097          -23.811605342627146                            0                            0                            0                            0                            0                            0                            0                            0                            0                            0
-6.6361497907990286          -23.811605342627146           14326.837752349873                            0                            0                            0                            0                            0                            0                            0                            0                            0                            0
0                            0                            0           2.2159231142268867          -0.5506673132053399                            0                            0                            0                            0                            0                            0                            0                            0
0                            0                            0         -0.55066731320534013           3.8183749392440212                            0                            0                            0                            0                            0                            0                            0                            0
0                            0                            0                            0                            0           6.9514597412862553         -0.66546822477715006                            0                            0                            0                            0                            0                            0
0                            0                            0                            0                            0         -0.66546822477715006           9.6209052805041146                            0                            0                            0                            0                            0                            0
0                            0                            0                            0                            0                            0                            0           9.1759438088890679          -1.3686851285906085                            0                            0                            0                            0
0                            0                            0                            0                            0                            0                            0          -1.3686851285906076            10.14529745685007                            0                            0                            0                            0
0                            0                            0                            0                            0                            0                            0                            0                            0           13.511280481558259           -0.990010009994714                            0                            0
0                            0                            0                            0                            0                            0                            0                            0                            0           -0.990010009994714           13.860411433425311                            0                            0
0                            0                            0                            0                            0                            0                            0                            0                            0                            0                            0           7.0743684022385311            1.449134436509264
0                            0                            0                            0                            0                            0                            0                            0                            0                            0                            0           1.4491344365092644           6.6670432756325484
