2558
19
-2559          0.85241543115302054
-2559        0.0034481985978598931
-2559         0.008399581802897918
82           39.589047700899677
82          -7.1114480559810485
83           24.306467736440062
83          -27.752259083570955
87            16.24048566443664
87           7.8397869828161175
91           16.841637989102903
91           16.204912666129612
93           22.851708837158579
93          -17.917335140432911
96           7.7235263996175796
96           10.908760005474599
101           11.331391176118442
101          -13.553822413871622
110           13.050083571862318
110           17.934491509573707
117.25849979724859      -0.00034378382149879982          -14.290420372159444                            0                            0                            0                            0                            0                            0                            0                            0                            0                            0                            0                            0                            0                            0                            0                            0
-0.00034378382149882064           117.30842028461421          -44.594329568186708                            0                            0                            0                            0                            0                            0                            0                            0                            0                            0                            0                            0                            0                            0                            0                            0
-14.290420372159444          -44.594329568186708           12921.325250930837                            0                            0                            0                            0                            0                            0                            0                            0                            0                            0                            0                            0                            0                            0                            0                            0
0                            0                            0            4.510097030165646         -0.43800413046493558                            0                            0                            0                            0                            0                            0                            0                            0                            0                            0                            0                            0                            0                            0
0                            0                            0         -0.43800413046493564           2.5425502618732754                            0                            0                            0                            0                            0                            0                            0                            0                            0                            0                            0                            0                            0                            0
0                            0                            0                            0                            0           3.4739350134935494          -1.0764191975029564                            0                            0                            0                            0                            0                            0                            0                            0                            0                            0                            0                            0
0                            0                            0                            0                            0          -1.0764191975029569           4.1734346108374085                            0                            0                            0                            0                            0                            0                            0                            0                            0                            0                            0                            0
0                            0                            0                            0                            0                            0                            0           16.450648204017298          0.44394455904283919                            0                            0                            0                            0                            0                            0                            0                            0                            0                            0
0                            0                            0                            0                            0                            0                            0          0.44394455904283919           15.958483229175988                            0                            0                            0                            0                            0                            0                            0                            0                            0                            0
0                            0                            0                            0                            0                            0                            0                            0                            0           9.0673424018183546           1.4424038049329235                            0                            0                            0                            0                            0                            0                            0                            0
0                            0                            0                            0                            0                            0                            0                            0                            0           1.4424038049329244           9.6020098890421099                            0                            0                            0                            0                            0                            0                            0                            0
0                            0                            0                            0                            0                            0                            0                            0                            0                            0                            0           6.1349068860006959          -1.4144639820970666                            0                            0                            0                            0                            0                            0
0                            0                            0                            0                            0                            0                            0                            0                            0                            0                            0          -1.4144639820970666           6.0361185446543129                            0                            0                            0                            0                            0                            0
0                            0                            0                            0                            0                            0                            0                            0                            0                            0                            0                            0                            0           25.982198125159229          -1.3586976872014127                            0                            0                            0                            0
0                            0                            0                            0                            0                            0                            0                            0                            0                            0                            0                            0                            0          -1.3586976872014127            22.91074138794632                            0                            0                            0                            0
0                            0                            0                            0                            0                            0                            0                            0                            0                            0                            0                            0                            0                            0                            0           13.333742779301598         -0.81216955680440994                            0                            0
0                            0                            0                            0                            0                            0                            0                            0                            0                            0                            0                            0                            0                            0                            0         -0.81216955680440994           14.408869385084685                            0                            0
0                            0                            0                            0                            0                            0                            0                            0                            0                            0                            0                            0                            0                            0                            0                            0                            0           9.0549330392335037           1.1947021284100567
0                            0                            0                            0                            0                            0                            0                            0                            0                            0                            0                            0                            0                            0                            0                            0                            0           1.1947021284100567           10.666606560638217
