3138
15
-3139          0.59618128314231755
-3139       -0.0055959030302466959
-3139        -0.021269408593559767
173           33.862395600903902
173          -21.759801788277095
179           24.267476548679369
179          -16.843929149458766
191           17.471881943501604
191          -22.977857719504215
221           8.3016492321324584
221          -10.833603313330199
232           32.210661074377207
232          -4.0029743423218127
250            12.92990484779928
250           13.938435202859228
117.3011639543101       0.00067439641743477843          -7.7172981307390796                            0                            0                            0                            0                            0                            0                            0                            0                            0                            0                            0                            0
0.00067439641743477843           117.34209506758719          -30.932244916969353                            0                            0                            0                            0                            0                            0                            0                            0                            0                            0                            0                            0
-7.7172981307390804          -30.932244916969353            14137.59688415547                            0                            0                            0                            0                            0                            0                            0                            0                            0                            0                            0                            0
0                            0                            0           3.7027198458622435          -1.0053188566762663                            0                            0                            0                            0                            0                            0                            0                            0                            0                            0
0                            0                            0          -1.0053188566762663           3.0880062075924908                            0                            0                            0                            0                            0                            0                            0                            0                            0                            0
0                            0                            0                            0                            0           6.1934522102199985          -1.3862208361385655                            0                            0                            0                            0                            0                            0                            0                            0
0                            0                            0                            0                            0          -1.3862208361385659           5.7295045872550894                            0                            0                            0                            0                            0                            0                            0                            0
0                            0                            0                            0                            0                            0                            0           5.1523419517949414          -1.2143265470494859                            0                            0                            0                            0                            0                            0
0                            0                            0                            0                            0                            0                            0          -1.2143265470494857           6.5264077600976389                            0                            0                            0                            0                            0                            0
0                            0                            0                            0                            0                            0                            0                            0                            0           21.805817190213318          0.60619564216832444                            0                            0                            0                            0
0                            0                            0                            0                            0                            0                            0                            0                            0          0.60619564216832444           20.528223350715503                            0                            0                            0                            0
0                            0                            0                            0                            0                            0                            0                            0                            0                            0                            0           6.5819727188286139         -0.41496763534477821                            0                            0
0                            0                            0                            0                            0                            0                            0                            0                            0                            0                            0         -0.41496763534477815           4.0276945993062787                            0                            0
0                            0                            0                            0                            0                            0                            0                            0                            0                            0                            0                            0                            0           13.080222011312937          0.96940145152536161
0                            0                            0                            0                            0                            0                            0                            0                            0                            0                            0                            0                            0          0.96940145152536161           13.843936784977279
