1707
15
-1708           0.5629170514957561
-1708        0.0065480451633784459
-1708         0.025802424876158157
1           25.588761397844245
1           16.344992638655484
2            35.51295094059104
2           16.668746091789306
5           29.917284761325156
5           29.023841054902459
10           15.248222634949267
10           22.766930192431587
82            10.95189630059518
82           13.176283796416508
83            11.03595943796226
83          -12.725867605769592
116.74935724679305      -0.00066724736294489391          -7.1498990974487864                            0                            0                            0                            0                            0                            0                            0                            0                            0                            0                            0                            0
-0.00066724736294488871           116.79761093337098            -29.3936450630511                            0                            0                            0                            0                            0                            0                            0                            0                            0                            0                            0                            0
-7.1498990974487873            -29.3936450630511           14055.979548283201                            0                            0                            0                            0                            0                            0                            0                            0                            0                            0                            0                            0
0                            0                            0           6.3527861597728918           1.3334104937725058                            0                            0                            0                            0                            0                            0                            0                            0                            0                            0
0                            0                            0           1.3334104937725058            5.486283494592227                            0                            0                            0                            0                            0                            0                            0                            0                            0                            0
0                            0                            0                            0                            0           4.3489346247677876          0.89717469049591669                            0                            0                            0                            0                            0                            0                            0                            0
0                            0                            0                            0                            0          0.89717469049591636           3.0452634893771271                            0                            0                            0                            0                            0                            0                            0                            0
0                            0                            0                            0                            0                            0                            0           3.1176123461038974           1.0087486141634117                            0                            0                            0                            0                            0                            0
0                            0                            0                            0                            0                            0                            0           1.0087486141634117           3.2941204822774672                            0                            0                            0                            0                            0                            0
0                            0                            0                            0                            0                            0                            0                            0                            0           5.8427134270686505           1.1839696960879225                            0                            0                            0                            0
0                            0                            0                            0                            0                            0                            0                            0                            0           1.1839696960879225           7.5317481807079298                            0                            0                            0                            0
0                            0                            0                            0                            0                            0                            0                            0                            0                            0                            0           15.741745945800629          0.46994444737426322                            0                            0
0                            0                            0                            0                            0                            0                            0                            0                            0                            0                            0          0.46994444737426239           16.306488168916353                            0                            0
0                            0                            0                            0                            0                            0                            0                            0                            0                            0                            0                            0                            0           14.764430493724195          -0.6181175523541641
0                            0                            0                            0                            0                            0                            0                            0                            0                            0                            0                            0                            0         -0.61811755235416255           15.551999114300106
