5838
15
-5839          0.41178913806138789
-5839       -0.0049735412963606441
-5839        -0.027609009428987072
778           14.272826782175384
778          -1.7303191830183229
786           13.345005152196697
786           7.8394865934383313
787           23.205609978595469
787           9.8698019591288837
791            21.46512255009748
791          -15.423755868010698
798           24.866077438982209
798          -22.310790060331747
800           32.379160532882388
800           17.011733032256959
116.77598454674663        0.0004352527327752282          -3.8013354035916205                            0                            0                            0                            0                            0                            0                            0                            0                            0                            0                            0                            0
0.00043525273277522994           116.80937227868971          -21.266044805145821                            0                            0                            0                            0                            0                            0                            0                            0                            0                            0                            0                            0
-3.8013354035916205          -21.266044805145821            14711.62064165351                            0                            0                            0                            0                            0                            0                            0                            0                            0                            0                            0                            0
0                            0                            0           23.503463278922425           1.0679664149987365                            0                            0                            0                            0                            0                            0                            0                            0                            0                            0
0                            0                            0           1.0679664149987365           28.300846961686055                            0                            0                            0                            0                            0                            0                            0                            0                            0                            0
0                            0                            0                            0                            0           21.307434155198798         -0.97983440614318251                            0                            0                            0                            0                            0                            0                            0                            0
0                            0                            0                            0                            0         -0.97983440614318251           21.832525830883384                            0                            0                            0                            0                            0                            0                            0                            0
0                            0                            0                            0                            0                            0                            0            9.473186150182606           1.1651598659523439                            0                            0                            0                            0                            0                            0
0                            0                            0                            0                            0                            0                            0           1.1651598659523443           7.6195661381058688                            0                            0                            0                            0                            0                            0
0                            0                            0                            0                            0                            0                            0                            0                            0           7.4301015212472237          -1.4707789115835836                            0                            0                            0                            0
0                            0                            0                            0                            0                            0                            0                            0                            0          -1.4707789115835832             7.12093133575347                            0                            0                            0                            0
0                            0                            0                            0                            0                            0                            0                            0                            0                            0                            0           4.5670250415569376          -1.2602832408596367                            0                            0
0                            0                            0                            0                            0                            0                            0                            0                            0                            0                            0          -1.2602832408596367           4.7653979258331676                            0                            0
0                            0                            0                            0                            0                            0                            0                            0                            0                            0                            0                            0                            0           4.8043810525480763           1.0358524825443178
0                            0                            0                            0                            0                            0                            0                            0                            0                            0                            0                            0                            0           1.0358524825443176           3.6082816332726666
