5690
23
-5691          0.82899607952315224
-5691       -0.0076012737110918716
-5691        -0.022049787406315434
592           6.1514561884015313
592           10.980328335281646
604           19.700534746191842
604           9.3248965137824396
605           24.466026466884294
605          -1.7654883510747799
608           28.698700782633939
608          -19.859432500438601
609           32.164128627844484
609           10.412181457891176
610           13.364081556351044
610           29.996770024926587
612           29.543598995863025
612           -14.37462081555509
613           22.958648929937276
613          -7.1515050694771336
627           42.896195648326511
627         -0.86596765162931733
630           45.086892162523633
630          -7.9039821925122258
116.7183854505861        0.0015105760978282104          -13.747679126230132                            0                            0                            0                            0                            0                            0                            0                            0                            0                            0                            0                            0                            0                            0                            0                            0                            0                            0                            0                            0
0.0015105760978282173           116.76250375411779          -42.679102979914212                            0                            0                            0                            0                            0                            0                            0                            0                            0                            0                            0                            0                            0                            0                            0                            0                            0                            0                            0                            0
-13.747679126230132          -42.679102979914212           13063.020197099167                            0                            0                            0                            0                            0                            0                            0                            0                            0                            0                            0                            0                            0                            0                            0                            0                            0                            0                            0                            0
0                            0                            0           28.179054341865378          -1.1184996786288064                            0                            0                            0                            0                            0                            0                            0                            0                            0                            0                            0                            0                            0                            0                            0                            0                            0                            0
0                            0                            0          -1.1184996786288071           23.489087658242585                            0                            0                            0                            0                            0                            0                            0                            0                            0                            0                            0                            0                            0                            0                            0                            0                            0                            0
0                            0                            0                            0                            0           11.946000367715813           1.1299035722663489                            0                            0                            0                            0                            0                            0                            0                            0                            0                            0                            0                            0                            0                            0                            0                            0
0                            0                            0                            0                            0            1.129903572266348           10.533916141871597                            0                            0                            0                            0                            0                            0                            0                            0                            0                            0                            0                            0                            0                            0                            0                            0
0                            0                            0                            0                            0                            0                            0           10.499750870198012         -0.31968079877581723                            0                            0                            0                            0                            0                            0                            0                            0                            0                            0                            0                            0                            0                            0
0                            0                            0                            0                            0                            0                            0         -0.31968079877581734           7.6157770752068927                            0                            0                            0                            0                            0                            0                            0                            0                            0                            0                            0                            0                            0                            0
0                            0                            0                            0                            0                            0                            0                            0                            0           4.6400452805476666          -1.2007335421735257                            0                            0                            0                            0                            0                            0                            0                            0                            0                            0                            0                            0
0                            0                            0                            0                            0                            0                            0                            0                            0          -1.2007335421735257           4.1514612802469317                            0                            0                            0                            0                            0                            0                            0                            0                            0                            0                            0                            0
0                            0                            0                            0                            0                            0                            0                            0                            0                            0                            0            5.947322955202675          0.80862235881799704                            0                            0                            0                            0                            0                            0                            0                            0                            0                            0
0                            0                            0                            0                            0                            0                            0                            0                            0                            0                            0          0.80862235881799693           3.9141676956176963                            0                            0                            0                            0                            0                            0                            0                            0                            0                            0
0                            0                            0                            0                            0                            0                            0                            0                            0                            0                            0                            0                            0           3.6545489281502568          0.74407135546269332                            0                            0                            0                            0                            0                            0                            0                            0
0                            0                            0                            0                            0                            0                            0                            0                            0                            0                            0                            0                            0          0.74407135546269332           5.7028016505489179                            0                            0                            0                            0                            0                            0                            0                            0
0                            0                            0                            0                            0                            0                            0                            0                            0                            0                            0                            0                            0                            0                            0           5.6741570205251843          -1.1344032985629435                            0                            0                            0                            0                            0                            0
0                            0                            0                            0                            0                            0                            0                            0                            0                            0                            0                            0                            0                            0                            0          -1.1344032985629442           4.3642609209353544                            0                            0                            0                            0                            0                            0
0                            0                            0                            0                            0                            0                            0                            0                            0                            0                            0                            0                            0                            0                            0                            0                            0           10.241223550833126          -1.0140443801470542                            0                            0                            0                            0
0                            0                            0                            0                            0                            0                            0                            0                            0                            0                            0                            0                            0                            0                            0                            0                            0          -1.0140443801470549           8.1040639229294893                            0                            0                            0                            0
0                            0                            0                            0                            0                            0                            0                            0                            0                            0                            0                            0                            0                            0                            0                            0                            0                            0                            0           4.1387928526321831        -0.069697966319849522                            0                            0
0                            0                            0                            0                            0                            0                            0                            0                            0                            0                            0                            0                            0                            0                            0                            0                            0                            0                            0        -0.069697966319849522           2.1453381424087516                            0                            0
0                            0                            0                            0                            0                            0                            0                            0                            0                            0                            0                            0                            0                            0                            0                            0                            0                            0                            0                            0                            0           3.6038400623129339         -0.35733039483668788
0                            0                            0                            0                            0                            0                            0                            0                            0                            0                            0                            0                            0                            0                            0                            0                            0                            0                            0                            0                            0         -0.35733039483668783           1.9202047501994415
