982
21
-983          0.74896494736766162
-983       -0.0074147622684847311
-983        -0.022957217310929562
169           25.288187973441346
169          -22.564707792047688
173            21.03760048283246
173          -2.3879318912819474
174            4.800668391689956
174           -4.631246513907489
178           18.461507381958675
178           4.2286278765005569
179           31.805009019151139
179          -2.9410384267164122
182           25.011836268851514
182          -15.939444103336708
183           7.1707318075407915
183           13.610987081507629
186           23.358377198722131
186            17.07431974060778
221           48.703782270182103
221          -1.8543556657751066
117.27870291408431      -0.00013712387032242812          -11.697454545195917                            0                            0                            0                            0                            0                            0                            0                            0                            0                            0                            0                            0                            0                            0                            0                            0                            0                            0
-0.00013712387032242118           117.32420085670806          -38.985511641069436                            0                            0                            0                            0                            0                            0                            0                            0                            0                            0                            0                            0                            0                            0                            0                            0                            0                            0
-11.697454545195919          -38.985511641069436           13482.644369364456                            0                            0                            0                            0                            0                            0                            0                            0                            0                            0                            0                            0                            0                            0                            0                            0                            0                            0
0                            0                            0            4.461318544001565          -1.2446254728266004                            0                            0                            0                            0                            0                            0                            0                            0                            0                            0                            0                            0                            0                            0                            0                            0
0                            0                            0          -1.2446254728266004            4.635383926758462                            0                            0                            0                            0                            0                            0                            0                            0                            0                            0                            0                            0                            0                            0                            0                            0
0                            0                            0                            0                            0           13.157291438632637         -0.40747007307756167                            0                            0                            0                            0                            0                            0                            0                            0                            0                            0                            0                            0                            0                            0
0                            0                            0                            0                            0         -0.40747007307756189           10.790533401514201                            0                            0                            0                            0                            0                            0                            0                            0                            0                            0                            0                            0                            0                            0
0                            0                            0                            0                            0                            0                            0           117.01110812898372           14.701403549181201                            0                            0                            0                            0                            0                            0                            0                            0                            0                            0                            0                            0
0                            0                            0                            0                            0                            0                            0           14.701403549181201           46.026452460277334                            0                            0                            0                            0                            0                            0                            0                            0                            0                            0                            0                            0
0                            0                            0                            0                            0                            0                            0                            0                            0           15.721535334030852          0.35916335095674468                            0                            0                            0                            0                            0                            0                            0                            0                            0                            0
0                            0                            0                            0                            0                            0                            0                            0                            0          0.35916335095674395           14.398542127786151                            0                            0                            0                            0                            0                            0                            0                            0                            0                            0
0                            0                            0                            0                            0                            0                            0                            0                            0                            0                            0           6.7997385828908881          -0.3293123941803045                            0                            0                            0                            0                            0                            0                            0                            0
0                            0                            0                            0                            0                            0                            0                            0                            0                            0                            0         -0.32931239418030456           4.1581388393800758                            0                            0                            0                            0                            0                            0                            0                            0
0                            0                            0                            0                            0                            0                            0                            0                            0                            0                            0                            0                            0           6.3098919055579508          -1.3604566635877562                            0                            0                            0                            0                            0                            0
0                            0                            0                            0                            0                            0                            0                            0                            0                            0                            0                            0                            0          -1.3604566635877562           5.6062158736420713                            0                            0                            0                            0                            0                            0
0                            0                            0                            0                            0                            0                            0                            0                            0                            0                            0                            0                            0                            0                            0           17.909122748995902         0.034535961686227502                            0                            0                            0                            0
0                            0                            0                            0                            0                            0                            0                            0                            0                            0                            0                            0                            0                            0                            0         0.034535961686227502           18.033731797308256                            0                            0                            0                            0
0                            0                            0                            0                            0                            0                            0                            0                            0                            0                            0                            0                            0                            0                            0                            0                            0            6.665729598016334            1.419533655068419                            0                            0
0                            0                            0                            0                            0                            0                            0                            0                            0                            0                            0                            0                            0                            0                            0                            0                            0            1.419533655068419           6.1906326669802674                            0                            0
0                            0                            0                            0                            0                            0                            0                            0                            0                            0                            0                            0                            0                            0                            0                            0                            0                            0                            0            3.302920639016957         -0.08808341319200419
0                            0                            0                            0                            0                            0                            0                            0                            0                            0                            0                            0                            0                            0                            0                            0                            0                            0                            0        -0.088083413192004203           1.6268052480557487
