3320
15
-3321          0.66014751048781106
-3321        0.0023672611424657244
-3321        0.0089980579777620955
8           13.458086753426088
8          -1.6455801778299017
10            6.728982093697657
10           5.0847061563945797
80           22.371931754135122
80            6.095536341481691
82           13.870081582856921
82           12.740247739217015
85           31.401638305461066
85           5.6193680629784435
87           40.669303351047454
87           5.6844534845459336
117.28803002689743      -0.00028728447287111603          -9.2433099125672413                            0                            0                            0                            0                            0                            0                            0                            0                            0                            0                            0                            0
-0.00028728447287111603           117.33572893001586          -34.417689556514553                            0                            0                            0                            0                            0                            0                            0                            0                            0                            0                            0                            0
-9.2433099125672413          -34.417689556514553           13801.620333175355                            0                            0                            0                            0                            0                            0                            0                            0                            0                            0                            0                            0
0                            0                            0           25.602317867722554           1.7301164081626204                            0                            0                            0                            0                            0                            0                            0                            0                            0                            0
0                            0                            0            1.730116408162621           33.022811088906323                            0                            0                            0                            0                            0                            0                            0                            0                            0                            0
0                            0                            0                            0                            0           90.400616685965886          -31.205377607132117                            0                            0                            0                            0                            0                            0                            0                            0
0                            0                            0                            0                            0           -31.20537760713211           61.958396907208524                            0                            0                            0                            0                            0                            0                            0                            0
0                            0                            0                            0                            0                            0                            0            11.32030857223471          0.78609429017648613                            0                            0                            0                            0                            0                            0
0                            0                            0                            0                            0                            0                            0          0.78609429017648613           8.9449907340379919                            0                            0                            0                            0                            0                            0
0                            0                            0                            0                            0                            0                            0                            0                            0           13.816376484347625          0.93455649822001985                            0                            0                            0                            0
0                            0                            0                            0                            0                            0                            0                            0                            0          0.93455649822001985            14.17969524640897                            0                            0                            0                            0
0                            0                            0                            0                            0                            0                            0                            0                            0                            0                            0           6.8010547573865656          0.48951664262709993                            0                            0
0                            0                            0                            0                            0                            0                            0                            0                            0                            0                            0          0.48951664262710021           4.2505858519996043                            0                            0
0                            0                            0                            0                            0                            0                            0                            0                            0                            0                            0                            0                            0           4.4378797324477368          0.29123334227302344
0                            0                            0                            0                            0                            0                            0                            0                            0                            0                            0                            0                            0          0.29123334227302344           2.4065770037057268
