2775
15
-2776          0.74904229386819243
-2776      -0.00037189463158222982
-2776       -0.0017710320447413466
173           33.277588986669542
173          -3.1218485114225727
174           17.074462259404374
174          -4.7368279516468776
177           9.2557656854509425
177           3.8227761866599361
178           31.149545818001954
178           3.4974527647517828
181            7.871256765459508
181          -2.9942633826507024
183           20.385640613857102
183           13.473748330542737
117.27672606732129       2.6716829072667703e-05          -11.459285314118842                            0                            0                            0                            0                            0                            0                            0                            0                            0                            0                            0                            0
2.6716829072667703e-05           117.32407045334712          -39.005880676208342                            0                            0                            0                            0                            0                            0                            0                            0                            0                            0                            0                            0
-11.459285314118842          -39.005880676208342            13448.81399476552                            0                            0                            0                            0                            0                            0                            0                            0                            0                            0                            0                            0
0                            0                            0           6.2997708066674152         -0.31714425793284073                            0                            0                            0                            0                            0                            0                            0                            0                            0                            0
0                            0                            0         -0.31714425793284079           3.7557785208725911                            0                            0                            0                            0                            0                            0                            0                            0                            0                            0
0                            0                            0                            0                            0           16.833735834227983         -0.29729131041409146                            0                            0                            0                            0                            0                            0                            0                            0
0                            0                            0                            0                            0         -0.29729131041409146           16.196124036127372                            0                            0                            0                            0                            0                            0                            0                            0
0                            0                            0                            0                            0                            0                            0            48.69273689073782          -19.009816467612058                            0                            0                            0                            0                            0                            0
0                            0                            0                            0                            0                            0                            0          -19.009816467612058           68.484505070887494                            0                            0                            0                            0                            0                            0
0                            0                            0                            0                            0                            0                            0                            0                            0           7.0657312569588591          0.29956305216758805                            0                            0                            0                            0
0                            0                            0                            0                            0                            0                            0                            0                            0            0.299563052167588           4.3632480433682561                            0                            0                            0                            0
0                            0                            0                            0                            0                            0                            0                            0                            0                            0                            0           72.274444304864772           35.126721208923975                            0                            0
0                            0                            0                            0                            0                            0                            0                            0                            0                            0                            0           35.126721208923982           83.401496463087625                            0                            0
0                            0                            0                            0                            0                            0                            0                            0                            0                            0                            0                            0                            0           9.2334362307092093           1.4382045762885634
0                            0                            0                            0                            0                            0                            0                            0                            0                            0                            0                            0                            0            1.438204576288562           8.5162668813373088
