476
31
-477           5.4299936473496082
-477          -2.2604259640103774
-477         -0.74314728165312471
5072           1.0808264202034903
5072          -3.1211000375584246
5073            3.467945803298746
5073          -1.3170057539797508
5074           5.8457795392828533
5074          0.51251061443127788
5173           1.6298772199418126
5173           1.0716537594689497
5174           4.0124750661877666
5174           2.9236579070868225
5274           2.2015204571439715
5274           5.2351794025322587
4972           2.9224082763526011
4972          -5.5488058331989665
4973           5.2934261182508262
4973          -3.6841888147742496
4974           7.6397515958518607
4974          -1.8456003744727176
5075           8.1964090128896601
5075           2.3437358927567358
4873           7.1762070512114553
4873          -6.0843014827744222
4975           10.020547591730866
4975         -0.01550448178901713
4874           9.5540713013052656
4874          -4.1901427132466758
4872            4.760467601318088
4872           -7.842231552122918
39358.196457173646           37818.464741309501          -7447.9092568758988          -1513.3954040147325          -103.16394551263093          -13352.189492088022          -7475.7606192487438           821.50542236901322          -3791.5286754482449           118.01091579572035          -361.36899966297136           561.91628799353578           -846.2646808216092            237.8095841878928          -134.86363649015701          -4886.7460143611261           88.909916831911005          -13734.805489184258          -4273.1807798997606          -1743.3177056795892          -4869.2357563078549           207.71217345888917           -1466.736196600458           -2456.110411456154          -1043.7317786980143          -615.89942369652317          -1080.1652484533106           -1303.462926428823          -1070.8314281775999          -573.15475753164048          -33.306407322465866
37818.464741309341            48685.69473565981          -8883.7847835865341          -1761.2767503542618          -120.10990191177133          -15250.963609977094          -8720.7873429110368           1180.0400917012655          -4606.0155738267704            137.7354306473263          -420.77078588588074           655.18468399830749          -985.47429595322819           276.81447493568112          -156.97587087598384          -4879.8462136709441           -431.9954083784931          -11719.238772032922          -4996.0752619565401          -1412.3135494580083           -7804.839037223016            437.5406325103649          -1836.3543616812071          -2384.9809520342974          -1582.2476259620746          -167.60488068679226           -1797.073294132852          -1130.9744428313998          -1751.7817497170652          -487.93767627207177           -255.8687166158229
-7447.9092568758779          -8883.7847835865359             8675.79979043403           365.98334750656949           24.953128635266509           3198.9050160167712             1810.00141026744          -222.01422250960366           937.07190452855593          -28.579710483072482           87.411775908918756          -136.01618348119115           204.71400169448799          -57.514922565030815           32.616346382446039            900.2211454974406           167.08983756555492           2189.4127084411157           1040.5625870541116           409.82934333390369           969.65068661896714          -70.544899088274704           368.10231042916331           335.13838585748113           189.52237312298263           166.22749055092862           141.17659081479241           180.00452234997138           118.95895670328899          -55.473198718553974           45.245408794775521
-1513.3954040148233          -1761.2767503543669           365.98334750658859           4313.8421803244737           66.104827123577039          -783.25543063540249          -1322.7488694233932          -276.97690555322038          -158.89318744473971          -783.44092788142132           276.70818734991946          -209.43230852353344          -155.93735472020973            55.60166035542953          -61.590000089540759            83.86554205605205           -258.2739025250749           222.12076090851454          -53.879953617779357           39.882918922755849           252.07121874735671          -97.313751106585585           71.264773713175927           121.47474707660758           30.736453947159003          -19.173998231139208           64.462709468373035           47.844227226814539           57.441779227614994           26.378106308254321          -4.3707423524064399
-103.16394551262904          -120.10990191176943           24.953128635266019           66.104827123573003           1674.8938542741009           16.807515153155475          -80.985416210791755           1.2301083842910012           -49.51446696888096           126.91379563852345          -133.10800376766343           23.686064274272461           -56.13931957302735           41.071531336961499          -25.494363282740952           47.004868040230924          -27.380313402075494           52.753682748849634        -0.018648473033477896           11.595277703203424           13.660459571291851          -5.9207133194704014           4.2335246447587078           8.3206257572760531           2.0757574700057568          -1.2921773506002767           4.3853682498218287           3.2749977260393459            3.907663898735426           1.7991094146448456         -0.29881389829321953
-13352.189492087891           -15250.96360997701           3198.9050160167571          -783.25543063541386            16.80751515315513           20900.808291901329           8638.4390998799354          -2946.0433092513704           2332.7612284991619          -710.29539285353326           268.52791332867685          -726.43301937173487            112.4608647132377            17.37173777523136          -29.151957418777602           -587.1192933050819          -497.03828802075657           16.596677455029358          -109.75771987869891          -1074.1623685594648           1604.4705375142662          -1282.6689386900762           648.24844313235758            829.5255501315911           383.70210288486982          -257.31561795153692           621.31464207392003           341.47567586915727           554.13297324436849           226.86683713770077          -33.384629164909995
-7475.7606192486273          -8720.7873429109604           1810.0014102674268          -1322.7488694234094          -80.985416210793346           8638.4390998800118           14099.007761265766          -619.24354849534564          -819.44555791698042           185.13057882859556          -393.10198273650337           105.22801455123404          -563.09743384457602            221.0391190810746          -118.93218764878895           62.315347864380676          -932.68987605381426           782.95996130181709          -476.23046488937655          -252.42877956755353           403.30753294177487          -490.68070275858656           272.56325487887324           617.82017561066573           144.10743144382684          -88.427574702022994           314.68466498376313           242.09104926765104           280.37073512036943           130.71860218092152          -21.959605184446442
821.50542236897184           1180.0400917012148          -222.01422250959507          -276.97690555322043           1.2301083842904152          -2946.0433092513454          -619.24354849532676           5135.2959050819354          -1774.9883202795793          -591.58394316498413           290.59938580921732          -388.16704980846862           143.87494073939868          -30.155704997920211          -3.7352334802428255          -127.96825964791083           164.91480898504554          -380.66266724914453           258.93089524886125          -154.98597001785197           680.75757067675147          -299.39583548051388           305.76326262776507          -77.754425487324525            118.4147778094881          -71.218351812686223           69.861381176441057          -65.146628750214745           44.743368997489902          -18.870727301775972           6.3958399931043051
-3791.5286754481458          -4606.0155738266594           937.07190452853399          -158.89318744474366          -49.514466968879972           2332.7612284990846          -819.44555791702851          -1774.9883202795793           7404.6989736181649           707.29881294273798          -440.44028130299807           665.35192778560349          -450.90315870184725           112.01201828490511          -42.447310917316692           207.56468251907424          -531.25748696556025           712.83472120613237          -545.16902619090388            174.4287166450834          -706.01986491203991           215.68281972583387           -306.6894684552006           296.65638561536093          -55.308140189337941           23.121615590957976           69.849364447285751           154.62147505254961           79.611044747659662           70.017433743295499          -14.425291928637968
118.01091579573648           137.73543064734187          -28.579710483074948          -783.44092788142223           126.91379563852287          -710.29539285353644           185.13057882859565          -591.58394316498232           707.29881294273343           7071.4911733532344          -4270.4999374337704          -1152.6658233668879           733.07610864363551           -645.1521597227561           145.06173282982795           -201.1572159960804           207.72196406000407          -297.19901879397315           295.91185117741441          -70.617487196209183           26.406635201037673           1.7865389164378653         -0.47551359630071427          -9.7980905697989531          -2.2383757688777548           1.3742016323121928           -4.954419389894575          -3.8413777938585882          -4.4142108213281999          -2.0649371104934713           0.3479212173434153
-361.36899966297216          -420.77078588587972           87.411775908918244           276.70818734991968          -133.10800376766377             268.527913328674          -393.10198273650684           290.59938580921863          -440.44028130299921          -4270.4999374337867           5340.9617306638629           613.05801549569856          -480.09438456896379           461.88840268887407          -134.21187073958836           188.95527191340753          -159.15851819038934           254.11894699764784          -136.10664399094455           46.244655259092966           36.946610233912629          -20.116442286503435            14.28378778211999           29.180981156824977           7.2540839691222194          -4.5133315511994558           15.353581321709187             11.4837393125774           13.681029490733554           6.3028937914119423          -1.0474661980533588
561.91628799356454           655.18468399834535          -136.01618348119754          -209.43230852353366           23.686064274272159          -726.43301937174272           105.22801455122367          -388.16704980847067           665.35192778560599          -1152.6658233668888           613.05801549569594           3115.2627759941975          -607.32302014689969          -104.30638983035702           19.858230412698465          -85.205769163769361           181.85807014003075          -191.27079680090085           252.83797480510907          -101.84726384818111           177.01659985914026           17.834669842943597          -10.245305534381098          -46.117641920391755          -10.919010108191788           6.7425352861208863          -23.709732636417655          -18.108798983444402          -21.125528050265149          -9.8190904725573613           1.6449525918788008
-846.26468082163808          -985.47429595326821           204.71400169449572          -155.93735472020919            -56.1393195730275           112.46086471325184          -563.09743384456726           143.87494073939669          -450.90315870183724            733.0761086436388          -480.09438456896436          -607.32302014690265           2868.4675587418565           120.79836304753746          -46.944152115157188           101.53678426931668          -200.26098146502139           210.41884274964119          -165.07365414262162            68.02569252430655          -7.9467219090467465          -45.536212958713236           31.993899036161583            68.41990887815804           16.947467082452295           -10.53863407496941           35.937067656480153           26.921147697138373           32.022087828272824           14.762352213253259          -2.4547971964238657
237.80958418790127            276.8144749356901          -57.514922565032563           55.601660355428791           41.071531336961534           17.371737775232535           221.03911908107813          -30.155704997919649           112.01201828490338           -645.1521597227561           461.88840268887259          -104.30638983035725           120.79836304753722           1065.8363621791102           15.831642336071654          -47.977308681707193           65.099255003348802          -77.342114755342308            37.09012558164109          -15.744303026653956          -34.485148982472232           14.503511700626511           -10.50809143112439          -19.132360489197499          -4.8083054441651152           2.9965072458021651          -10.119631186727515          -7.5330945070072355          -9.0173741100687952          -4.1460535475725573          0.68776748313653968
-134.86363649015388          -156.97587087598015            32.61634638244513          -61.590000089541448          -25.494363282741027          -29.151957418780249          -118.93218764879057          -3.7352334802426461          -42.447310917317161            145.0617328298284          -134.21187073958842           19.858230412698745          -46.944152115157408           15.831642336071724           1088.1997123050432           29.141934119062501          -29.765098904603931           41.109602078103634          -7.3374469522834103           7.6105063841996028           20.469942522653636          -8.3386125305905185           6.0586821308624055           10.843731475706944           2.7299268490352677          -1.7017094220567766           5.7403340737053767           4.2699107595901395           5.1150934117018201           2.3511014255328666         -0.38989921067569683
-4886.7460143611743          -4879.8462136710168            900.2211454974514           83.865542056040084           47.004868040231358          -587.11929330505893            62.31534786440865          -127.96825964791816           207.56468251909106          -201.15721599607829           188.95527191340702          -85.205769163766533           101.53678426931694          -47.977308681706909           29.141934119063386             5992.59189328911          -395.69704787194132          -224.72802646247493           9.1534224911911704          -77.404390581273574           154.25426245735372          -42.979489650756527           27.108539854100986          -22.837281375320249            37.70418362003241          -44.447409939838273           49.374672674583657           -17.99570974389675           47.848189427743705           9.8248061087302911           3.7175891110517925
88.909916831904795          -431.99540837849372           167.08983756555443          -258.27390252507797          -27.380313402075831          -497.03828802076373          -932.68987605381153           164.91480898504446          -531.25748696555854           207.72196406000219          -159.15851819038807           181.85807014003313          -200.26098146502082           65.099255003350294          -29.765098904604454          -395.69704787194394           4465.7773105657398            329.1350994586744          -203.89863207740001           27.107889402758456          -131.44744270116496          -6.5494009723445794          -43.840998041383052           146.16526994972173          0.36864735491411738          -0.8012307287412791           46.721848163179999           73.766895086826949           45.698007718159445           43.271020777086278          -10.766998085149021
-13734.805489184266           -11719.23877203297           2189.4127084411202           222.12076090845929           52.753682748849265           16.596677455106715           782.95996130195283          -380.66266724915045           712.83472120612839          -297.19901879395763           254.11894699763786          -191.27079680089267           210.41884274963175           -77.34211475533418            41.10960207810291          -224.72802646251117           329.13509945865724           15116.075151737276           3275.1910614593312          -161.01768303326804           715.57003586752501          -132.47530365718958           155.70223322995841          -177.64429493864913            134.4263179827926          -144.06340597010032           136.55513530408885          -129.66177434742752           126.12657899480993          -33.443499555263649           35.528087817519499
-4273.1807798997525          -4996.0752619565637           1040.5625870541151          -53.879953617799494        -0.018648473034079346          -109.75771987866038          -476.23046488930697           258.93089524885556          -545.16902619090433            295.9118511774177          -136.10664399094594            252.8379748051124          -165.07365414262728            37.09012558164406          -7.3374469522833232           9.1534224911906037          -203.89863207740581           3275.1910614593066           5729.4634416728804          0.25338184744987569          -130.72491039946701           18.187417997472611            -76.7852820923612           115.05137386654305           12.223848308858333           -28.84159331607912           67.045824086323009           57.405938963899914           70.043323707102374           60.135512813679142          -10.072130236657147
-1743.3177056796242          -1412.3135494580517            409.8293433339108           39.882918922752644            11.59527770320379          -1074.1623685594529          -252.42877956754464          -154.98597001785251           174.42871664508684           -70.61748719620897           46.244655259092831          -101.84726384817918           68.025692524306365          -15.744303026653876           7.6105063841996721           -77.40439058126772            27.10788940275836          -161.01768303325292          0.25338184745675352           3386.5312822980081           465.58171094572691          -60.850758359860151           26.658614453081007           11.416207893820411           47.809241932194865          -58.681089598758916           77.525889947312351          -1.5616166838626666           76.349482563564194           28.399009331122901            1.938384188423985
-4869.2357563078285           -7804.839037222986           969.65068661895828            252.0712187473309           13.660459571292572            1604.470537514278           403.30753294177487           680.75757067674635          -706.01986491205071           26.406635201041624           36.946610233910803           177.01659985915205          -7.9467219090471763          -34.485148982472538           20.469942522653614           154.25426245735886          -131.44744270116334           715.57003586752899          -130.72491039945859           465.58171094570923            7540.854251561811           293.74202164602849          -264.72395730487204           74.602501778760484          -199.86847549672478           201.92392946557274          -244.87552659653554           89.399562348006143          -226.30488121592876          -9.6297728665885032          -27.427942332300031
207.71217345891071           437.54063251039355          -70.544899088280417          -97.313751106586707          -5.9207133194703685          -1282.6689386900864          -490.68070275858463          -299.39583548051195            215.6828197258238           1.7865389164380441          -20.116442286504004            17.83466984294321          -45.536212958713705           14.503511700626644          -8.3386125305906162          -42.979489650757664          -6.5494009723457332          -132.47530365719413            18.18741799746914          -60.850758359860606            293.7420216460269           1809.2500925099255           72.995389583523945           10.370832570095136           74.689547577059827          -57.916476927545652           87.792000534831658          -10.492720753071781            75.28431845457132          -6.9141420697784612           4.0744597528845992
-1466.7361966004842          -1836.3543616812408           368.10231042917025           71.264773713176538           4.2335246447585586           648.24844313236758           272.56325487886608           305.76326262775922          -306.68946845517746         -0.47551359630088263           14.283787782121017          -10.245305534379597           31.993899036159355           -10.50809143112345           6.0586821308626524           27.108539854093848          -43.840998041382456           155.70223322997168          -76.785282092354052            26.65861445308337          -264.72395730486596           72.995389583526332           1803.5441675386207           37.393776352551818          -51.047514017695143           30.070332455351725          -34.080351185126098           33.845168580233761           -23.40138716265486           27.603363700169208          -6.5232355344650186
-2456.1104114561322          -2384.9809520342901           335.13838585748027           121.47474707660632           8.3206257572761242           829.52555013158155           617.82017561065436          -77.754425487325747           296.65638561536849          -9.7980905698002765           29.180981156826768           -46.11764192038904           68.419908878155852          -19.132360489197371            10.84373147570701          -22.837281375326899           146.16526994972185          -177.64429493865362           115.05137386654134           11.416207893818365           74.602501778766126           10.370832570097225           37.393776352548436           1817.6690823802426           154.17372546337646           7.8835602478783819          -48.804263227877648          -52.239540118487291           -44.06229835697426          -27.201343619923815           6.0740320858787094
-1043.7317786979791          -1582.2476259620371           189.52237312297422           30.736453947156036           2.0757574700055565           383.70210288486226           144.10743144382226           118.41477780948551           -55.30814018933075          -2.2383757688794352           7.2540839691231902          -10.919010108189086           16.947467082449482          -4.8083054441647626           2.7299268490354285           37.704183620023997          0.36864735491494893           134.42631798278143           12.223848308852368           47.809241932194503           -199.8684754967409            74.68954757706004           -51.04751401769628           154.17372546337251           1625.2073306748202           54.418148667593634          -77.957581581309469           9.7986496596600112           -69.62101501409802          -6.9922529413794221          -4.7759374472353775
-615.89942369653488          -167.60488068680723           166.22749055093081          -19.173998231139397          -1.2921773506002303          -257.31561795152959          -88.427574702019157          -71.218351812687118           23.121615590958942           1.3742016323116808          -4.5133315511990606           6.7425352861209742          -10.538634074969432           2.9965072458022295          -1.7017094220567355          -44.447409939836284         -0.80123072874140244          -144.06340597009785          -28.841593316077752          -58.681089598758561           201.92392946557504           -57.91647692754583           30.070332455352403           7.8835602478792532           54.418148667594025           1250.8264397880455           50.510631789315447          -7.4966704878784816           83.218572888208627           20.615152174195597           3.7766299849027991
-1080.1652484533063          -1797.0732941328829           141.17659081480042           64.462709468371088           4.3853682498218856           621.31464207392582           314.68466498376711           69.861381176438456           69.849364447299351          -4.9544193898932303           15.353581321709651          -23.709732636417428           35.937067656477907          -10.119631186727219           5.7403340737054211           49.374672674583778           46.721848163180951           136.55513530408467            67.04582408632173           77.525889947313019          -244.87552659652951            87.79200053483325          -34.080351185123227          -48.804263227874856          -77.957581581308972            50.51063178931404           1245.6986793732513          -11.716174759902012          -130.14827132236999          -25.867866776807034          -4.6988066149079541
-1303.4629264288214          -1130.9744428314002           180.00452234997135           47.844227226813381           3.2749977260394063           341.47567586915835           242.09104926764974          -65.146628750216607           154.62147505255618          -3.8413777938588081            11.48373931257775          -18.108798983442576           26.921147697136281          -7.5330945070072763           4.2699107595904655          -17.995709743898352            73.76689508682766          -129.66177434742738           57.405938963899487          -1.5616166838630821           89.399562348008828          -10.492720753071033           33.845168580232496          -52.239540118487817           9.7986496596599348          -7.4966704878787063           -11.71617475990219            1205.901285619316           71.441115426297827          -13.317011963024209           4.8020711465894577
-1070.8314281775893           -1751.781749717057           118.95895670328716           57.441779227613964           3.9076638987354513            554.1329732443736           280.37073512037591           44.743368997489497           79.611044747660046          -4.4142108213306734           13.681029490734973          -21.125528050263529           32.022087828271438           -9.017374110069003           5.1150934117021452           47.848189427739719           45.698007718160348           126.12657899479819           70.043323707091602            76.34948256356337          -226.30488121592541           75.284318454571917          -23.401387162655521          -44.062298356974203          -69.621015014100479           83.218572888208897          -130.14827132236812           71.441115426299447           1243.8431507938508          -29.854215002722508          -3.7979134150340736
-573.15475753162707          -487.93767627205051          -55.473198718558265           26.378106308252665           1.7991094146448343           226.86683713770032           130.71860218091507          -18.870727301775879           70.017433743295385          -2.0649371104937191           6.3028937914118677           -9.819090472557173           14.762352213252631          -4.1460535475725511           2.3511014255328502           9.8248061087263565           43.271020777086605          -33.443499555270861           60.135512813677572           28.399009331122624          -9.6297728665882811          -6.9141420697779612           27.603363700168053          -27.201343619923843          -6.9922529413792791           20.615152174195494          -25.867866776807592          -13.317011963024546          -29.854215002722913           357.21783353301407           5.3285695040558485
-33.306407322471443          -255.86871661582921           45.245408794776672          -4.3707423524062747         -0.29881389829323768          -33.384629164907068          -21.959605184444783           6.3958399931038201          -14.425291928636229          0.34792121734305592          -1.0474661980530962           1.6449525918787724          -2.4547971964237236          0.68776748313668723         -0.38989921067571964           3.7175891110527735          -10.766998085149263           35.528087817520117          -10.072130236657646           1.9383841884243553          -27.427942332298947           4.0744597528845858          -6.5232355344645772           6.0740320858791383          -4.7759374472349734           3.7766299849028813          -4.6988066149079373           4.8020711465896637          -3.7979134150341416           5.3285695040560057           397.34126516909282
