132
37
-133            6.092665183688486
-133        -0.080985628467966878
-133        0.0052281386889962873
1439           3.8240450931118368
1439          -2.8598697177392398
1440           4.8031441829922183
1440        -0.017221429360406798
1538          0.04826842442206055
1538          -4.6466773464671363
1539          0.99855028302077453
1539          -1.9002376926162303
1540           1.9436905872913908
1540          0.96472248639437319
1541           2.9339414916361464
1541           3.8315757709077967
1641        -0.066449439660068721
1641           4.7920701210257031
1441           5.7298269751828208
1441           2.8123756745543913
1438           2.8603937234902777
1438           -5.733640501162883
1340            7.610931593029278
1340         -0.96664065965487267
1339           6.6469131676050246
1339          -3.8078536254403574
1341           8.5854865604943384
1341           1.8851433826599793
1240           10.443961238516776
1240          -1.9818997349342646
1442            6.671118729486941
1442           5.6671196502834551
1241           11.429160349809733
1241          0.97197153731238672
1239           9.4942805693172385
1239          -4.6324402167001955
1342           9.5723211591898121
1342           4.9304217287720693
5005.3321871455591           873.42663605244138            33.96717207055849          -94.704406422711159          -47.296077172435496           -560.3447957393422           615.40985222385063                            0                            0          -28.068864262732319          -6.9023948516130176           44.833757362667534          -42.934326448099981           26.322544806314809          -17.332509957315388                            0                            0          -676.02117400730356           5.0804533153206464          -20.337084860458457          -8.7687539547470674          -907.34641405075615          -1091.1902815453432          -924.24359405201892          -189.65830709577145          -616.78804280638258           230.88009998258764          -407.07617021931719          -42.104945785775378          -366.42098463245037          -12.605031622749115          -254.32592607209773           22.273495036121801          -132.92571179735876           12.529400962723173          -81.090201754456842         -0.53477186658591336
873.42663605235794           109864.72304764713          -15886.418022618105          -3183.0680283368856          -1842.4740299558671           9167.2078613726899          -57498.413416477313                            0                            0          -1126.9529282182789          -277.54737136152397           1893.0307245846757           -1749.322191092032           1121.4658036832625          -701.94395245677629                            0                            0           3483.5492283253079          -3351.9185546488611          -788.64403039136437          -353.37649115451882          -6187.3420818897857           -14711.68756722318          -7160.3148713744913          -4261.0034841653214           1932.4230458458305          -6550.9714298560539          -1456.1439008803591          -3577.8826798797827           1751.0606067799499           -1164.449187553116           107.53561749628113          -1166.8034199070098          -255.43419839718695          -398.22196524470928           99.725874636889785          -167.94822847936302
33.967172070562697          -15886.418022618036           9501.1059352509783           497.70348168449038           288.01220546740228          -1424.9148108263166           8966.7926633431089                            0                            0           176.15450460318391           43.383444802094118          -295.87692943417431            273.4308554935526          -175.28045382849052            109.7196344836718                            0                            0           -532.3983850555378           522.75320407746074            123.2803492318407           55.236100988195588            735.6196782027605           1849.9624889868046           889.30715209688515           617.27589525333156          -126.82779668376008           789.42718507450752           157.70021789881261           381.20852909948997          -113.83307493067144           157.31381914824055           14.956251109539195           18.342818566477945           -78.57524541004446          -33.602611130167134           76.575313790986002          -42.741201377613834
-94.70440642271069          -3183.0680283371203           497.70348168452665           6238.1521109829737           1347.1246357344407          -578.08630188132008          -1841.5420221069116                            0                            0          -424.35511150951965          -68.147464914373671          -1528.5792150646639           529.47226028980458          -292.12485018184083          -50.978341534176614                            0                            0          -1088.7133718320376           56.234059399329759          -391.29854887949784          -59.207247059634113          -427.33307244624126          -13.739425647891931          -378.77941633022101          -110.85755361474367          -419.78610013141525           152.96384719941994           24.649195315637968           99.889890001124144          -92.696948340581869            10.87997296842156          -7.8343292425525703           33.495733186088273           10.914450898671724           9.0372060189688455          -5.0810746120358772           3.3639874958159908
-47.296077172436469          -1842.4740299560333           288.01220546742638           1347.1246357344385           4076.9732459008842           33.483225539851006          -1938.7378913664438                            0                            0          -473.35693931999134           -109.6097767574884          -10.914764571531034          -345.39963327187792           111.65309633867388          -186.59412164367222                            0                            0          -440.22814355173574          -120.91001296033266          -203.07909456874151          -92.595300578588152          -36.715873102487251           151.94582105005907           98.046259199830828            21.11499271873798            -190.180724799274            201.6761219853739           17.443661635493601           59.306615102539162          -52.436142756455915           6.3696930899938504           -4.246616877136109           19.376523489128772           6.3872010786744653           5.2207731560104094           -2.912644078743142           1.9463421843520337
-560.3447957393538           9167.2078613724898          -1424.9148108262943          -578.08630188128564           33.483225539873615           8695.1935961736635          -11216.055254922945                            0                            0          -108.35283704852803           -7.303039094323502          -1131.0990833034086           580.01493445418964          -369.96478691426688           91.469686709634786                            0                            0          -2110.1622510455968            895.2722519645896           -33.44225263917928           31.881212894803362          -1089.2625079500392          -493.02706563276843           -1347.026298632275          -30.179337175309513          -659.81494273620979           131.27231825629423          -366.21700395942321          -287.42711177885553           120.37130195083805          -36.113955318667365          -9.3544305393211076          -95.126120438536418          -39.133000220825124          -24.887509883262283           11.480931990875206          -9.5935590089302423
615.40985222390964            -57498.4134164758           8966.7926633429306          -1841.5420221071147          -1938.7378913665789          -11216.055254922918            70726.21179585284                            0                            0          -1289.6287482005671          -316.56361318988411           2483.6052382383787          -2090.6781055433585           1502.6146406754256          -823.35775964368042                            0                            0           3405.4194097063764          -3703.7121196396661          -816.25320756790416           -408.0856018698546           2874.4167014407813           1531.7424264298545           3925.9267686762569          -566.79182138075475            460.9284419934454           432.05593359689789           1278.1898187643362           1828.8035503091719          -1266.8897819294689           210.36597851757841          -52.400026458905415           601.31796717615362           218.65514043628082           160.06479551631128          -82.981341820284797           60.502115954270266
0                            0                            0                            0                            0                            0                            0            152.0188122467876          0.54035731776565799                            0                            0                            0                            0                            0                            0                            0                            0                            0                            0                            0                            0                            0                            0                            0                            0                            0                            0                            0                            0                            0                            0                            0                            0                            0                            0                            0                            0
0                            0                            0                            0                            0                            0                            0          0.54035731776565799           100.00561308530992                            0                            0                            0                            0                            0                            0                            0                            0                            0                            0                            0                            0                            0                            0                            0                            0                            0                            0                            0                            0                            0                            0                            0                            0                            0                            0                            0                            0
-28.06886426273325          -1126.9529282183694           176.15450460319732          -424.35511150952135          -473.35693931999441          -108.35283704853569           -1289.628748200523                            0                            0           4824.7915578058664           1037.2692754242148          -958.13764699812293           198.93211028337771          -150.25535088735705           -213.1288970181252                            0                            0          -450.18651572064226          -78.753553190373822           31.910075115353685           -66.22670303536519           45.640070604083128           230.28973146120848           181.38207908626239           87.039310136186685          -112.13760030332764           153.95743970149425           11.032467100250877           36.444917329509522          -31.933188334833133           3.9042620989247512          -2.5645101635164123           11.850316585346036           3.9146918299380857            3.192120536009611           -1.778270791229744           1.1903864106166111
-6.9023948516132041          -277.54737136153125           43.383444802095141          -68.147464914374822           -109.6097767574895          -7.3030390943235277          -316.56361318988422                            0                            0           1037.2692754242146           1277.3349393500816           -64.49160891831086           -102.0285182890849          -12.827802932457621          -63.452243898604628                            0                            0           -104.5970313142048          -1.1849375497747729           22.409760687508715          -14.881611734493694           13.066898239280112           57.146669617882822           45.879315897479543           21.422891551156134          -27.388260549617414            37.92751802330379           2.7214971501211407           8.9777622947950917          -7.8628518855383716           0.9616464108502647         -0.63119080522798687           2.9184940668367005          0.96421167469963365          0.78614514711972561         -0.43791524098060819          0.29316866245733308
44.833757362667541           1893.0307245846464          -295.87692943417073          -1528.5792150646591          -10.914764571525865          -1131.0990833034014           2483.6052382383546                            0                            0            -958.137646998121          -64.491608918310547           9439.7570198466219          -4765.6245550849198          -1810.5549621716718           570.34707607378652                            0                            0          -624.71749727907309           382.99797009738404          -526.03442577391991           156.54686284015241          -436.82485082576278          -306.80661607724841          -559.87019098719645          -128.03661771926249           137.54338026161949          -260.98482960596556          -19.509703707610971          -61.676885768935833           53.265025139359459           -6.580447151512578           4.2190939535820124          -19.902203956939502          -6.5972163331119305          -5.3588872714155968           2.9783374651960344          -1.9993218276679272
-42.934326448099412          -1749.3221910921072           273.43085549356465           529.47226028980481          -345.39963327187843           580.01493445416986          -2090.6781055432602                            0                            0           198.93211028337461          -102.02851828908524          -4765.6245550849062           7145.4133164862269           915.13981882871508           -507.1852654509255                            0                            0          -3.6315089022536569          -194.72270702008723           278.94251579089246           -128.6704848902362           177.43208055771186            361.5933314436499           354.08779039412354           133.05206131279661           -160.1124951212438           239.63262347197627           17.393654595245273           56.697547038313644          -49.465423919357306           6.0665063318206975          -3.9564250738768791           18.393738840499282           6.0824899241742081           4.9541266199049687          -2.7579299396787746           1.8477151217341543
26.32254480631417            1121.465803683514          -175.28045382852747            -292.124850181846           111.65309633867228          -369.96478691424028           1502.6146406752532                            0                            0          -150.25535088735776          -12.827802932458017          -1810.5549621716693           915.13981882871633           3625.0519711970292          -400.59857868089705                            0                            0           -105.1550756315402           188.17380327409032           6.6679395518361311           59.432360582684552           -159.3144326261218          -68.017007391183512          -218.16878416944337           12.887561795032905           75.789272002215711          -153.55852830250507           -11.65828867943168          -36.585487975542442           31.516596135188941          -3.9006513225182911           2.4903583639193769          -11.790047682929526          -3.9105086304863299          -3.1743770511263847           1.7635214460585757           -1.184407572039845
-17.332509957315061          -701.94395245684973           109.71963448368308           -50.97834153417476          -186.59412164367149           91.469686709627396          -823.35775964362949                            0                            0          -213.12889701812512           -63.45224389860455           570.34707607378505          -507.18526545092607          -400.59857868089716           2513.7040184855591                            0                            0          -115.46691224938176          -70.472940805445646          -23.028152169061421          -48.753673204461251           37.343187496570216           102.75314553676714           108.49855176495343           33.923644388727332          -66.503493512819944            95.95181155167208           6.9354066629187834           22.730182827032504          -19.865742565805565           2.4332853402784851          -1.5915799042827787           7.3809532709471455           2.4397328538706269           1.9880665796773656          -1.1070593039239327          0.74143757602467986
0                            0                            0                            0                            0                            0                            0                            0                            0                            0                            0                            0                            0                            0                            0           142.91912906949878          0.59513988846972932                            0                            0                            0                            0                            0                            0                            0                            0                            0                            0                            0                            0                            0                            0                            0                            0                            0                            0                            0                            0
0                            0                            0                            0                            0                            0                            0                            0                            0                            0                            0                            0                            0                            0                            0          0.59513988846972932           100.00825253201837                            0                            0                            0                            0                            0                            0                            0                            0                            0                            0                            0                            0                            0                            0                            0                            0                            0                            0                            0                            0
-676.02117400730367           3483.5492283254521          -532.39838505556054           -1088.713371832036          -440.22814355173938           -2110.162251045585            3405.419409706275                            0                            0          -450.18651572064027          -104.59703131420451           -624.7174972790624          -3.6315089022612739          -105.15507563154691          -115.46691224938002                            0                            0           7408.6157801542849          -1796.2548500474704          -215.30034217100686          -63.401073517325031          -526.52114407553495          -136.82149249455705          -513.17675100181611           -79.73581820380106          -536.49508563924292           235.43137730156874          -98.340097683363695           101.82870377628917          -176.23897347572188           17.659173840281895          -25.935158977367276          -5.3938426444883589          -17.872624339093136          -7.8289677805921656           2.4037743897242763          -3.4443296209738037
5.0804533153176124          -3351.9185546489616           522.75320407748222           56.234059399337198          -120.91001296032698           895.27225196458085           -3703.712119639591                            0                            0          -78.753553190380188          -1.1849375497763823           382.99797009737154          -194.72270702007464           188.17380327409924          -70.472940805446939                            0                            0          -1796.2548500474809           5516.9168157875238          -55.454527490096154          -38.804305839590363             163.946651926058           76.530005572146536           226.01399995891271          -19.866917841143533           1.1701091994825674           69.903807866612851            35.43378469706856           54.137573455408727          -48.291580512779674             4.78040092794941          -3.9299983856615484           33.133857646142587           12.378182864415891           9.3079236164321628          -4.9404367986167017           3.5207670803915789
-20.337084860456677          -788.64403039138085           123.28034923184418          -391.29854887949665          -203.07909456874316          -33.442252639182129          -816.25320756788165                            0                            0           31.910075115351123           22.409760687508037          -526.03442577391979           278.94251579089428           6.6679395518372306          -23.028152169062022                            0                            0          -215.30034217100891          -55.454527490090484           1345.7466454841644          -50.092353587557852          -56.595349416273564           16.342236506023578          -6.5261338750318885          -17.930481343066038          -92.301019173504955           103.16947958113722           7.4273778505338228            25.36702967805882          -22.459560096470533           2.7255673919306451          -1.8212531549861737           8.2939851448470563           2.7330911855498918            2.234802253720261          -1.2470653968183569          0.83311380279769764
-8.7687539547476909          -353.37649115452854           55.236100988197137           -59.20724705963633          -92.595300578589331           31.881212894801262          -408.08560186984278                            0                            0          -66.226703035365972          -14.881611734494001           156.54686284015128          -128.67048489023529           59.432360582685391           -48.75367320446172                            0                            0          -63.401073517323155          -38.804305839591343          -50.092353587557305           1571.2043076821706           11.522327779517342           43.630504510048702           46.780943796124419           13.701793397446039          -34.395326115846188           48.176575698370833              3.4732542125118           11.434433336087793          -10.007917287205345           1.2245653335190685         -0.80289407666496215           3.7158290042436306           1.2278251522971733            1.000902400598676         -0.55748508385275386           0.3732634878398926
-907.34641405075149          -6187.3420818898221           735.61967820277187           -427.3330724462561          -36.715873102495948          -1089.2625079500517           2874.4167014408904                            0                            0            45.64007060407674           13.066898239279409          -436.82485082576437            177.4320805577091          -159.31443262611057           37.343187496566877                            0                            0          -526.52114407552801           163.94665192605117          -56.595349416270842           11.522327779516774           4294.1917685857106           2333.6496252452616          -379.73753101765379          -48.619977314213514           -199.8303636536952           25.613309998407836          -70.445575585101267           1.1082863981187785          -57.294670722504975           1.0587731073353783          -21.746881588504301          -4.6435479568058327          -11.638462995334876          -2.2514797493122387          -1.2908676656754778          -1.5222350020248996
-1091.1902815453386          -14711.687567223811           1849.9624889869119           -13.73942564790292           151.94582105004929          -493.02706563285494           1531.7424264304182                            0                            0           230.28973146119424            57.14666961788091           -306.8066160772579           361.59333144364643          -68.017007391171219           102.75314553676289                            0                            0          -136.82149249454193           76.530005572135281            16.34223650603559           43.630504510048205           2333.6496252453003           9995.8346738530836          -274.53498143002622          -90.858682576575859          -86.460965026514543          -30.212645340710523          -64.822216384843145          -2.7584914485100853          -61.065547979860298         -0.59066249559143813          -25.669086820500837           6.6337997456903395          -7.9606297351487569           1.6354215772062162          -4.3229545732424413         0.062802211562484445
-924.24359405201619           -7160.314871374374           889.30715209687241          -378.77941633024602           98.046259199815495          -1347.0262986322778           3925.9267686762851                            0                            0           181.38207908625716           45.879315897479024          -559.87019098719725           354.08779039412036          -218.16878416942302           108.49855176494755                            0                            0           -513.1767510017994           226.01399995889824          -6.5261338750355264            46.78094379612169          -379.73753101766403          -274.53498143008193           4495.0581870544593            616.9928334049057          -201.64602914829422          -31.578566291676605          -83.425340290323376          -3.9156619396834031          -67.510908383434867         -0.11824262557442111          -24.656673974563283           1.7358419632441837          -8.7614538617102227          0.20704484234374831          -2.8777561290098674         -0.43825876229948335
-189.65830709576676          -4261.0034841652232            617.2758952533195          -110.85755361475572            21.11499271873106          -30.179337175307097          -566.79182138076021                            0                            0           87.039310136182067           21.422891551155075          -128.03661771925906           133.05206131279422           12.887561795043332           33.923644388724988                            0                            0          -79.735818203789961          -19.866917841147881           -17.93048134306855           13.701793397444922          -48.619977314218985          -90.858682576611812           616.99283340489228            3704.827661626975          -70.842471272747304           3.8221929837501349          -2.3253004189300537           36.266760544440615          -54.053828347058072           3.1639384010318246            -8.78687884015525            24.35313839374885           7.7858310295495414           7.3364213753870899          -4.6910919301793683           2.8211786684914841
-616.78804280638485           1932.4230458458055          -126.82779668375701          -419.78610013141315          -190.18072479927187          -659.81494273620785           460.92844199342449                            0                            0          -112.13760030332479          -27.388260549616852           137.54338026161966           -160.1124951212432           75.789272002212186          -66.503493512817926                            0                            0           -536.4950856392478           1.1701091994817148          -92.301019173504514          -34.395326115845776          -199.83036365368943          -86.460965026486662          -201.64602914829527          -70.842471272748128           2828.1082090148134          -692.89085995750042          -38.261535297323746            65.53410197060154          -113.00182324566728           6.4838592063415197          -23.135754548591748            32.39330707426916           6.9261903193146743            10.06198311820981          -7.4422866268733969           3.7703984002016568
230.88009998259224          -6550.9714298560084           789.42718507450354           152.96384719941551            201.6761219853683           131.27231825629178            432.0559335969283                            0                            0           153.95743970148644           37.927518023302568          -260.98482960597568           239.63262347197934          -153.55852830248972           95.951811551667817                            0                            0           235.43137730157719           69.903807866620298           103.16947958113727           48.176575698371529           25.613309998394968          -30.212645340769129           -31.57856629167248           3.8221929837593507          -692.89085995750236           3845.8547464147196           14.630423100245711           -31.19004620343982           44.038999117572814          -3.4514770525937717           8.9037925398420157          -8.2192360943449785         -0.97773259230244491          -2.6385647271736161           2.0683300996956859         -0.97477236421400448
-407.07617021931623           -1456.143900880372           157.70021789881605           24.649195315634678           17.443661635490969           -366.2170039594277           1278.1898187643669                            0                            0           11.032467100250541           2.7214971501212899          -19.509703707611873           17.393654595244129          -11.658288679427674           6.9354066629174884                            0                            0          -98.340097683362174           35.433784697066258           7.4273778505331993           3.4732542125119656          -70.445575585101011          -64.822216384850094          -83.425340290320435          -2.3253004189283573          -38.261535297323853           14.630423100246908           1080.5718637357036           39.266247945294879          -14.671506751908012          -1.8371184763747777          -10.064059338012552          -6.3184583832025965          -6.4431639519583115          -1.8441071233875164         -0.21297031831528557         -0.92830222277541452
-42.104945785775271           -3577.882679879785           381.20852909949326           99.889890001115276           59.306615102533101          -287.42711177886133           1828.8035503092176                            0                            0           36.444917329507952           8.9777622947951041          -61.676885768937595           56.697547038311939          -36.585487975534043           22.730182827030131                            0                            0           101.82870377629432           54.137573455403576           25.367029678057861           11.434433336087492           1.1082863981219395          -2.7584914485140324          -3.9156619396834911           36.266760544439201           65.534101970601469          -31.190046203441597           39.266247945295333            1177.355684842059           54.976822083093651          -6.9520238156787375           3.3532851592824855          -20.082202287469727          -7.7722353563716311           -5.751860052103666           2.9384687785247934          -2.2719703126904278
-366.42098463245139           1751.0606067800127          -113.83307493068264          -92.696948340579439          -52.436142756453549            120.3713019508497          -1266.8897819295366                            0                            0          -31.933188334832046          -7.8628518855384071           53.265025139359963          -49.465423919355707           31.516596135184329          -19.865742565804283                            0                            0          -176.23897347572364          -48.291580512778467          -22.459560096470327          -10.007917287205203          -57.294670722506076          -61.065547979853292          -67.510908383443279          -54.053828347063401          -113.00182324566633           44.038999117568466          -14.671506751908836           54.976822083092287           758.65090280183279            17.46095697116812           -16.18821244497612           32.006512316909834           8.4718193369748498           9.3574461148291448          -6.1597272573458213           3.4984292144450819
-12.605031622749728          -1164.4491875531401           157.31381914824453           10.879972968421912           6.3696930899938167          -36.113955318669852           210.36597851759609                            0                            0           3.9042620989250043          0.96164641085034042          -6.5804471515131482           6.0665063318199302          -3.9006513225173176           2.4332853402782941                            0                            0           17.659173840279699           4.7804009279523854           2.7255673919302366           1.2245653335193216           1.0587731073388107          -0.5906624955838975         -0.11824262557378162           3.1639384010281439            6.483859206342224          -3.4514770525940808          -1.8371184763749291           -6.952023815677645           17.460956971168351           895.59383211355771          -0.3422561764827341           1.3673325125027986          0.99866788296060349          0.82734368686669768         -0.61390565375396022          0.39277845255276134
-254.3259260720977           107.53561749628133           14.956251109539046          -7.8343292425523208          -4.2466168771360406          -9.3544305393208802          -52.400026458907099                            0                            0          -2.5645101635163323         -0.63119080522797888           4.2190939535823304          -3.9564250738769582           2.4903583639190883          -1.5915799042826917                            0                            0          -25.935158977367582          -3.9299983856610821          -1.8212531549861684         -0.80289407666493673          -21.746881588504365          -25.669086820500066          -24.656673974563333          -8.7868788401555626          -23.135754548591706           8.9037925398420796          -10.064059338012548           3.3532851592825068          -16.188212444976262         -0.34225617648269635            392.9059842966376           6.6520118904192174          0.81382692642341636           2.4845970575879406          -2.1829501386640437          0.90820977751191379
22.273495036123002          -1166.8034199069787           18.342818566474989           33.495733186084294            19.37652348912529          -95.126120438537725            601.3179671761792                            0                            0           11.850316585344665           2.9184940668364927          -19.902203956937676           18.393738840497004          -11.790047682926808           7.3809532709458701                            0                            0          -5.3938426444851935           33.133857646138637           8.2939851448467827           3.7158290042432043          -4.6435479568094591           6.6337997456761455           1.7358419632446158            24.35313839374443           32.393307074270467          -8.2192360943464955          -6.3184583832036703          -20.082202287468544           32.006512316910836           1.3673325125033529           6.6520118904193515           365.01329020850505          -14.476249255209005           -11.29665172089949           6.0940284917728604          -4.3407182228510237
-132.92571179735862          -255.43419839716904           -78.57524541004689           10.914450898670868           6.3872010786739679          -39.133000220824286           218.65514043627576                            0                            0           3.9146918299375439          0.96421167469955427          -6.5972163331115423           6.0824899241734904          -3.9105086304855399           2.4397328538702965                            0                            0          -17.872624339092294           12.378182864415084           2.7330911855494233           1.2278251522970871          -11.638462995336162          -7.9606297351528763          -8.7614538617108177           7.7858310295496604           6.9261903193152055         -0.97773259230446907          -6.4431639519586374          -7.7722353563723034           8.4718193369753294          0.99866788296030962          0.81382692642343468          -14.476249255209012           187.77642398417518          -8.5116369872535245           4.7887493951717204          -3.7942659451483109
12.529400962722672          -398.22196524471235          -33.602611130168725            9.037206018968087           5.2207731560103952          -24.887509883263238           160.06479551631301                            0                            0           3.1921205360096558          0.78614514711973282          -5.3588872714157256           4.9541266199048763          -3.1743770511252185            1.988066579677273                            0                            0          -7.8289677805929863           9.3079236164325678           2.2348022537200025           1.0009024005986542          -2.2514797493105578           1.6354215772071543           0.2070448423430763            7.336421375387685           10.061983118209922          -2.6385647271743973          -1.8441071233877491          -5.7518600521036491           9.3574461148292656           0.8273436868667654           2.4845970575878962          -11.296651720899291          -8.5116369872536488            193.3784859116727           3.9832188778661504          -2.8375316562847388
-81.090201754457027           99.725874636855409           76.575313790982037          -5.0810746120350689          -2.9126440787431793           11.480931990872961          -82.981341820270586                            0                            0          -1.7782707912299971          -0.4379152409806425            2.978337465195823          -2.7579299396783523           1.7635214460583457          -1.1070593039238465                            0                            0           2.4037743897228565          -4.9404367986166475          -1.2470653968182257         -0.55748508385276163          -1.2908676656750824          -4.3229545732417156          -2.8777561290093741          -4.6910919301794038          -7.4422866268735515            2.068330099696424         -0.21297031831536717           2.9384687785247769          -6.1597272573464696         -0.61390565375374617          -2.1829501386640495           6.0940284917728818            4.788749395171692           3.9832188778661788            86.37643046268559           9.5881141890809758
-0.53477186658588849          -167.94822847937158          -42.741201377615241           3.3639874958160405           1.9463421843518454          -9.5935590089302956           60.502115954266756                            0                            0           1.1903864106164326          0.29316866245732043          -1.9993218276679705           1.8477151217340453          -1.1844075720395422          0.74143757602458571                            0                            0          -3.4443296209737033           3.5207670803913453          0.83311380279754343          0.37326348783994528          -1.5222350020249746         0.062802211561232779         -0.43825876229922545            2.821178668491287           3.7703984002016218         -0.97477236421416036         -0.92830222277549912          -2.2719703126905655           3.4984292144452658          0.39277845255267896          0.90820977751192078          -4.3407182228510095           -3.794265945148303          -2.8375316562847672           9.5881141890809687           93.100431548061067
