688
31
-689           6.0009000593588535
-689       -0.0087348235101793823
-689        -0.016463201209735295
420           4.4080723660518872
420           3.2877348304940224
421           1.3990428334691236
421            3.596122949958668
520           4.0721472466338149
520          0.28108467930560216
521            1.103079941363406
521          0.58374824896053867
620           3.7720636391579738
620          -2.7032146936554793
621          0.78679024703063483
621          -2.4152973676903553
721           0.4869596949132225
721          -5.3407610089617465
519           7.0579030356974002
519        -0.019127324473115222
720            3.440716157214132
720          -5.7028931424777634
619           6.7568679821706921
619           -3.014405433972426
419           7.3679997899433065
419           2.9341353445738454
518           10.027016565471637
518         -0.34884118075874898
618           9.7369026251393986
618          -3.3769330908216992
418           10.371204903173417
418            2.725054775022171
4650.6256568973286           272.45451541355408           37.065947049936881          -2.3400551750880076          -19.733987373055513           7.1532466871533966          -1.9127130064454563          -539.82525230463739           1.4810691831767002            8.669610069049881          -9.9771181848904984          -43.471143962899674          -21.654452536371014          -7.3497962385139672          -1.1418322237268861          -1.7101507657952539         -0.12308514372201795          -474.98898420590189          -100.36936968900071          -8.7172193383486896          -4.5018311097521755          -1236.5711216974296          -346.73831549445322          -1044.1066640105621           332.01656387420081          -467.66808150464487           1.5061602831882386          -426.02825501777363          -4.9775795137354564          -409.88080917866375             33.1678921723516
272.45451541358671           87608.592613502493          -12253.585317961082           2934.8955759895075          -2528.3383622079555           926.60625876134281          -247.12350143926756           6093.9118884748823          -19376.878778280756           1156.3762030604071          -1297.9943397071033          -4761.9694817701147          -2706.5889298058946          -948.61886270373816            -147.464958657267          -220.91861312615472          -15.906403369805584          -842.26455877058379          -24150.445889099057          -1044.4482362634299           -584.1985457961523          -6181.3569417767794           -6013.147926481679           3860.3111274158937          -5671.1889245872608          -355.92038116232015          -4449.8776216766073          -913.88502977759117          -2024.7944101069475           513.07746786412349          -1658.3437068864077
37.065947049933015          -12253.585317961117           8572.7937090970609          -474.62005237513773           409.00576328518832          -149.89531811417766           39.976725311382268          -982.22332184292259            3133.639739338973          -187.06319246940905           209.97379278333224           770.37557016927747           437.84433505123326           153.45641708439445            23.85514455141459           35.737609151171206           2.5731501492355489           124.83383247465936           2881.0820027597983           168.96237672212405           94.504629527327111           668.41611990029037            866.1099156505453          -319.00189647848538           754.36052571992639           38.669088427642613           448.47064419447247           8.9597414673044113           159.33827187665037           27.343528976413978           85.449665577030828
-2.3400551750907539           2934.8955759895293          -474.62005237513802           6167.1615774075945          -1111.1716712891794          -11.549609428279254          -16.046456175027448          -2891.4098116963405           2790.2656853380049          -1065.7835190541161            319.1032064140021           -689.8524696544755          -250.59887297961549          -154.23971228960576          -20.564492038158445           -27.53766042679575          -1.3895558164984831          -279.20295736466011           33.385347321385169          -117.00141461331268           9.6503548188933301          -284.42944590382081           76.081474202717317          -156.19172392409257           96.526727799091447          -24.202424857203507          -78.713552228390199          -68.453133624180182          -74.139173127339504           36.422643138320879          -63.327318259894582
-19.733987373052344           -2528.338362207875            409.0057632851757           -1111.171671289188           4186.0510765530753           163.60109056330307          -42.476349162819254           719.82703193505722          -2000.3110948991248           482.78135343548217          -323.63169215862462           -116.3647054718563          -254.76119427858742          -152.00626103442721          -25.335385235499103          -38.912758588781436          -2.9865189080792303           36.518138933138445            92.59808304021395          -4.9175636683422894          -67.490400421766864           209.45837912877568          -4.0511546551876734          -158.45803958452373           64.435634579322837           9.4952556029183235           138.16456275248652           53.747401815778098            64.57200382519548          -34.937223159892518           54.820876577936588
7.1532466871536613           926.60625876131257          -149.89531811417373          -11.549609428277172           163.60109056329995           2474.0720573230842          -247.30613975639653          -127.59636014620671           684.88097858351648          -1760.7998164116382           992.85424045186346           20.288728712575683           191.77852639638465           108.26550623682863           22.756589417127373           40.044425844735251           4.0374839120155164          -7.4576393343743739          -113.23822637004582          -81.430331166207125           26.088315602384778           -131.8282538565889          -74.847701190080215           115.61388264447888          -77.658301527091368          -3.8023648452273839          -54.024419282169731          -19.720798309778338          -23.668541618001068           12.791398397882835          -20.090695977645566
-1.9127130064454434          -247.12350143925568           39.976725311380548          -16.046456175028052          -42.476349162818615          -247.30613975639716           1261.4740527240126           17.468388521116822          -172.33696544132312           281.68860014518873          -257.77975862855158          -23.615415608677086          -62.187338901505569          -86.794700209161334          -17.194350203000347          -27.806755397798565          -2.4580742609870891          -4.7193371041161152           44.098506419952052           19.164440806381741          -6.6349718916932066           32.222386551709604           20.219816432369225          -31.847530016053039           20.707459344261292           1.0093554116204355           14.403919949776693           5.2582634736387464           6.3124510410120038          -3.4122429728350459           5.3581939624285155
-539.82525230462602           6093.9118884747631          -982.22332184290769          -2891.4098116963351           719.82703193504517          -127.59636014620725           17.468388521116282           12537.902230881629          -7088.5035567230934          -1093.7194388984044           454.92744430428149          -1710.8767698909519          -86.760874815938507          -14.739728266891632           0.9026892064745784           4.4925929979283694          0.85765751524026834          -1314.7608888180857          -195.25890784203639          -168.73350943086143           86.878513508936067          -2201.5547339375689           -410.7861521312974          -1309.2606601898055           367.00030161850424          -551.16402925183013          -352.54400165822506          -274.15407708001317           -142.1227856594536           -11.71469375389043          -125.34989506050033
1.4810691831494296          -19376.878778280403           3133.6397393389216           2790.2656853380481          -2000.3110948991148           684.88097858352114          -172.33696544132201           -7088.503556723128            27037.97473250646           1469.8707058352782          -1084.1547224829083           150.99082647850173          -1366.7082027671991          -637.03167619003079          -100.75133734058187          -152.01934550869757          -11.122515367372088           852.51866843387563           498.76509404482272          -226.08919061531498           -435.1760334509006           2221.0523261576604          -52.562288308675534          -212.58990670486457           29.309989532547121           217.39168342969032            1166.530112796303           449.59387838422379           491.48565039538778          -242.82027907322652           418.38659591367468
8.6696100690462714           1156.3762030603973          -187.06319246940726          -1065.7835190541225           482.78135343548297          -1760.7998164116379           281.68860014518702          -1093.7194388984115           1469.8707058352775            11463.73282371725          -6842.6345586236357          -1355.5814077519674          -174.87688450365653          -807.64298809702223          -27.624145056629711           33.681122240983562           14.027242593120818          -417.13481686354021          -225.01628908277942          -265.82858431876781            40.63545285246137          -321.55347637968225          -87.102536927114613           91.686512807777603          -97.119525521664599          -4.9904593684362304          -67.641547725745198          -24.674398131292634          -29.531803069590843           15.921239853382843          -25.069608616778851
-9.9771181848882122          -1297.9943397070663           209.97379278332573           319.10320641401955          -323.63169215863201           992.85424045187483          -257.77975862855237            454.9274443042998          -1084.1547224829339          -6842.6345586237148           10043.374347992487            418.4888920630421          -181.60940141011139           156.64177866667686          -57.959267397026082          -151.16777793477723          -22.170687528106047           85.278037316437292             292.017513057055           144.81612780263254          -37.024814648579564           211.48110354290952           104.50489990935117          -153.12980993794196           108.81905928208448            5.367506993020462           75.714684288011682           27.635628838894007           33.154027899219074          -17.911199016467933           28.142642775918262
-43.471143962901806          -4761.9694817701056           770.37557016927667          -689.85246965447732          -116.36470547185888           20.288728712576358          -23.615415608676791          -1710.8767698909639           150.99082647854902          -1355.5814077519638           418.48889206303659           6261.4573573872931           1418.3115124668618          -193.09212025897216          -23.572443912669883          -30.128566623577925          -1.3143844121233081          -488.57182500548168           57.227163620827675          -506.93116586814347          -70.674442612598938          -264.72507028362662          -159.57945260903128          -541.88873318955314           15.611494954126162           13.109118538337917           271.26821462360408            99.69424779978435           121.78732414257578          -66.832477960505585           103.32634967583272
-21.654452536370485          -2706.5889298059719           437.84433505124406          -250.59887297961632          -254.76119427858771           191.77852639638388          -62.187338901504752          -86.760874815945087          -1366.7082027671372          -174.87688450364911          -181.60940141011227           1418.3115124668477           4075.2717858493706          -275.49827150858363          -42.214257113795419          -62.248933320971879           -4.374769555835635          -162.76340056616783            133.1927971725473          -140.99831806572726          -85.045334497811922           93.491949494909875           13.730167141782971          -320.93725397085478           114.71764009058043           10.380516840403821           157.12039482330101           57.416520992858352           69.152235711298744          -37.487390273029654           58.693066796560515
-7.3497962385134201          -948.61886270372827           153.45641708439274          -154.23971228960804          -152.00626103442573           108.26550623682698          -86.794700209161178          -14.739728266893181          -637.03167619002647          -807.64298809701722           156.64177866666924          -193.09212025896903           -275.4982715085834           2995.3674386303328           432.42357291809998          -162.77255638441596          -9.6282023784611059            -29.1573563241298           191.59850350411176           69.283115899154637          -25.081591022289427           119.15080028528934           77.924864703750728          -123.79889234308618           79.482643496261005           3.8673397089977524           55.285009888154988           20.182728723695668           24.231416059684289          -13.099618841551978           20.568280171204435
-1.1418322237267908          -147.46495865726865           23.855144551414792          -20.564492038159194          -25.335385235498503           22.756589417127028          -17.194350203000301          0.90268920647402773          -100.75133734057997          -27.624145056628379          -57.959267397026757          -23.572443912668984          -42.214257113795114            432.4235729180989           809.35540622591509          -34.701922047434913           -2.688071898354059          -3.4083362121889076           30.322242376269589           11.218290039961019          -3.9226527188991804           18.954832709630875           12.095077031708293          -19.099689549988739           12.356320417156763          0.60186340091767232           8.5947895237958818           3.1376261291845893           3.7668126755631217          -2.0362495448905551           3.1973777308323292
-1.7101507657950137          -220.91861312614682           35.737609151170005           -27.53766042679511          -38.912758588781571           40.044425844735194          -27.806755397798536           4.4925929979285595          -152.01934550869692           33.681122240985346          -151.16777793477829          -30.128566623578621          -62.248933320972647          -162.77255638441611          -34.701922047434977           526.70486940204057           0.0232467100146737          -4.4118268032212056           45.759135917392435           17.082909665224321          -5.8911716375633159           28.663517485559304           18.108311700259378          -28.523804946826576           18.511464977883996          0.90207493046969889           12.876309455024236           4.7006147132770888           5.6430868706120361          -3.0504525846757717           4.7900159850501183
-0.12308514372200507          -15.906403369805664           2.5731501492355555          -1.3895558164985271          -2.9865189080791605           4.0374839120154782          -2.4580742609870807          0.85765751524026901          -11.122515367372149           14.027242593120969           -22.17068752810604          -1.3143844121232515          -4.3747695558356083          -9.6282023784611077          -2.6880718983540599         0.023246710014644918           499.86316431076619         -0.24219291841050825           3.3267278938350753           1.2600836937876838         -0.42576937075839161           2.0928820520026266           1.3025690250813695          -2.0439919007954086           1.3328853623525705         0.064995956305110431          0.92715056566707132          0.33846162876443947          0.40630790050548543         -0.21962842401607097          0.34488630843797274
-474.98898420590314          -842.26455877058538           124.83383247465909          -279.20295736465943            36.51813893313863          -7.4576393343747185          -4.7193371041159597           -1314.760888818083            852.5186684338837          -417.13481686353822           85.278037316435302          -488.57182500548311          -162.76340056617101          -29.157356324130092          -3.4083362121889724          -4.4118268032211985         -0.24219291841050014           3872.7175181861076           232.79084707709896          -110.21631803433037          -3.0097088020205369          -289.47903297531053           -70.16681673920813          -259.84844757531795           60.423289489094785          -79.357882088016552            27.03243572680347          -41.658077751900102            15.70121098307423          -48.732255389313693           13.677379913034883
-100.36936968901637          -24150.445889099919           2881.0820027599002           33.385347321375548           92.598083040270012          -113.23822637007368           44.098506419959961          -195.25890784215187           498.76509404506669          -225.01628908279713           292.01751305707302           57.227163620897727           133.19279717255449           191.59850350412643           30.322242376271188           45.759135917396534            3.326727893835244           232.79084707710217           19695.106729784169          -39.298418341145577           16.779845090372788          -72.350803023772528          -40.999493189557597           85.174228616550181          -53.380420071857117           2.0937146424544366          -40.771768775140572           -8.501797850106982           -14.75140468307734           12.276164888264475          -13.994811010199555
-8.7172193383480945          -1044.4482362633987           168.96237672211976           -117.0014146133126          -4.9175636683416428           -81.43033116620704           19.164440806381673          -168.73350943085865           -226.0891906153123          -265.82858431876463            144.8161278026289          -506.93116586814796          -140.99831806573292           69.283115899154325           11.218290039961026           17.082909665224435           1.2600836937876856          -110.21631803432953          -39.298418341158438           1337.0818556812258          -35.156335544652251          -105.59031099095404          -96.275058229805296          -100.78428027678024          -31.741710035554981           3.6624165816758785           60.329927201573966           22.067554618983298           26.693376739311162          -14.524985253491572           22.653281201911796
-4.5018311097519117          -584.19854579616526           94.504629527329186           9.6503548188948969          -67.490400421766878           26.088315602384505          -6.6349718916932341           86.878513508931235          -435.17603345088492           40.635452852462535          -37.024814648581106          -70.674442612596394           -85.04533449781205          -25.081591022289619          -3.9226527188992035          -5.8911716375634109         -0.42576937075840982          -3.0097088020201115           16.779845090368418          -35.156335544651995           1573.4969162832176            41.44166603358682          -7.3776819123821973          -54.517709468117253           23.715349725946602            2.404969934524507           34.067568362523403           12.435387647051547            14.92215084843129          -8.0632879724483875           12.666511797482258
-1236.5711216974321          -6181.3569417765902           668.41611990026263          -284.42944590382166           209.45837912877994          -131.82825385658859           32.222386551710002           -2201.554733937553           2221.0523261576109          -321.55347637968748           211.48110354291373          -264.72507028363077           93.491949494901689           119.15080028528907           18.954832709630629            28.66351748556022           2.0928820520026648          -289.47903297531064          -72.350803023893462          -105.59031099095316           41.441666033586003           5330.4217219499242           1269.7283491150083          -296.32386621681826           62.197795578765181          -178.31840991512402          -61.762710426606148          -148.86793278630356          -28.547669610802842          -75.410642070339676          -26.903316916463154
-346.73831549445435          -6013.1479264814507           866.10991565051177           76.081474202715754          -4.0511546551831543           -74.84770119008212           20.219816432370131          -410.78615213127711          -52.562288308744883          -87.102536927119701            104.5048999093538          -159.57945260903796           13.730167141778622           77.924864703752803            12.09507703170852           18.108311700259957           1.3025690250813573          -70.166816739212592          -40.999493189715338          -96.275058229800294          -7.3776819123826201           1269.7283491150131           4479.6996595657101          -133.60854516925542          -26.175199108883177          -50.547379561936225           48.232841770945896           5.7561369268698002           46.356407862021399          -58.266894736433713           47.932020000156626
-1044.1066640105632           3860.3111274157759          -319.00189647846605          -156.19172392410337          -158.45803958451444            115.6138826444773           -31.84753001605285          -1309.2606601898003          -212.58990670488788           91.686512807776822          -153.12980993793977          -541.88873318954984          -320.93725397084637          -123.79889234308548          -19.099689549988454          -28.523804946826445           -2.043991900795346          -259.84844757531874            85.17422861660404          -100.78428027677955          -54.517709468115726           -296.3238662168115          -133.60854516924232           4034.3976035760616          -986.07511076200115          -144.70596453192957           132.54105577594243          -45.411759392165763           74.137614446187598          -125.48651699876874           68.522044137504508
332.01656387420257          -5671.1889245871625           754.36052571991036           96.526727799096648           64.435634579318162          -77.658301527091652            20.70745934426138           367.00030161850918           29.309989532560849          -97.119525521661302           108.81905928208069           15.611494954124055           114.71764009057097           79.482643496261772           12.356320417156757           18.511464977883943           1.3328853623524937           60.423289489096092          -53.380420071902307          -31.741710035557134           23.715349725945462           62.197795578759013          -26.175199108893452          -986.07511076200706           3957.7472649871465           51.416873081415794          -10.806794610152764           50.060553356443734           10.933574842852721           18.443879306954685           15.040402141850336
-467.66808150464527          -355.92038116233209            38.66908842764407          -24.202424857203216           9.4952556029183803          -3.8023648452273111           1.0093554116204699          -551.16402925183172           217.39168342969685          -4.9904593684368788           5.3675069930216592            13.10911853833629           10.380516840403029           3.8673397089978958          0.60186340091766399          0.90207493046973464         0.064995956305107738          -79.357882088015685           2.0937146424564235           3.6624165816765601           2.4049699345243192          -178.31840991512257          -50.547379561934733          -144.70596453192951           51.416873081416696           1523.8305749095612           35.623514875388544          -53.089304697354024           1.3319323678161066          -40.055427577095713          0.88801900689298918
1.5061602831883931          -4449.8776216766037           448.47064419447076          -78.713552228392729           138.16456275249254          -54.024419282170186           14.403919949776814          -352.54400165822904           1166.5301127963339          -67.641547725741447           75.714684288010858           271.26821462360169           157.12039482329772           55.285009888154583           8.5947895237957184           12.876309455024362             0.92715056566706           27.032435726804014          -40.771768775201274           60.329927201577981            34.06756836252314          -61.762710426598488           48.232841770953215           132.54105577593376          -10.806794610142624           35.623514875388267           1984.5250436314936          -42.469046132197093          -55.459536808678678           32.244556659097476          -46.898316029388752
-426.02825501777312          -913.88502977754285           8.9597414672973983          -68.453133624178307           53.747401815777074          -19.720798309777692           5.2582634736386584          -274.15407708001072           449.59387838421804          -24.674398131291831           27.635628838894405           99.694247799779433           57.416520992855666           20.182728723695462           3.1376261291844951           4.7006147132770675          0.33846162876442298          -41.658077751901061            -8.50179785012552           22.067554618983028           12.435387647050771          -148.86793278630503           5.7561369268666738          -45.411759392164583           50.060553356441943          -53.089304697354358          -42.469046132199757           948.77595655477114          -12.812513873960135          -3.7493603339891255           -43.83463927822055
-4.9775795137350798          -2024.7944101069409           159.33827187665028          -74.139173127339845           64.572003825196276          -23.668541618001662           6.3124510410122099            -142.122785659453            491.4856503953942          -29.531803069589323           33.154027899218399           121.78732414257438           69.152235711296811           24.231416059683884           3.7668126755630054           5.6430868706123736          0.40630790050550081           15.701210983074322          -14.751404683096318           26.693376739311425           14.922150848430732          -28.547669610800149           46.356407862024923           74.137614446183164           10.933574842860043           1.3319323678159485          -55.459536808682302          -12.812513873958643           977.39402032982036           33.802094618810855          -50.956555729313095
-409.88080917866324           513.07746786411701           27.343528976415225           36.422643138321689          -34.937223159893641           12.791398397883027           -3.412242972835128          -11.714693753892703          -242.82027907322242           15.921239853382298             -17.911199016468          -66.832477960504121          -37.487390273029149          -13.099618841551949          -2.0362495448905227          -3.0504525846758535         -0.21962842401607291           -48.73225538931343           12.276164888269566          -14.524985253491842          -8.0632879724483129          -75.410642070340629          -58.266894736434971          -125.48651699876758           18.443879306954369          -40.055427577095493           32.244556659097988          -3.7493603339895039           33.802094618810997           754.14560509828198           26.395694499000626
33.167892172351216          -1658.3437068863277           85.449665577019488          -63.327318259893211           54.820876577937668          -20.090695977645403           5.3581939624284622          -125.34989506049551           418.38659591366383          -25.069608616776236           28.142642775917118           103.32634967582796           58.693066796556522            20.56828017120348           3.1973777308321005            4.790015985050065          0.34488630843792933           13.677379913034123          -13.994811010234056           22.653281201911934           12.666511797481256          -26.903316916466025           47.932020000157522           68.522044137507379           15.040402141846997          0.88801900689258506          -46.898316029391331          -43.834639278220301           -50.95655572931372             26.3956944990003           762.73061727470372
