469
29
-470           6.1356541352914675
-470         0.012034501824281812
-470         0.012655951288743403
5660           2.3813248871228225
5660          -2.8777057622644828
5661           5.1094284707360664
5661          -1.5487629679950916
5760           1.0946934962907302
5760         -0.12874016649315634
5761             3.80022018999788
5761           1.1540376879573291
5861           2.5008075829223566
5861            3.888155425102557
5762           6.4765667724447509
5762           2.4593608782156027
5560           3.6925066937638191
5560          -5.5081977764636232
5662           7.8265039871404856
5662         -0.22458674346025662
5561            6.413483242859356
5561           -4.218605445632555
5862           5.2004530531988635
5862           5.1509671803666306
5562           9.1082684096921476
5562          -2.9166865234268142
5763           9.2310439650294303
5763           3.7540597545103647
5663           10.481425510516921
5663            1.122511058581587
5087.9004039895281          -380.91266269562055          -45.108178857093293           16.000009101926494           8.7141527874927363          -575.89812255293441          -52.267800566298739           20.651574392480224           55.683850330354645          -109.25804921450275           69.626388575770591          -17.746814862981239           7.6802149003088029          -1779.4454754681512           496.49586223852339            8.357776378908067           6.9316711316238013          -449.01105228617484          -253.06116360162616          -723.39201666303495          -30.699276883765773          -123.86364468473397           18.735679728294862          -527.51218610616229          -117.08732806847325          -426.18940700825448           35.790578635956955          -394.00017022565163             11.5146064355242
-380.91266269558764           79827.064843412882           -11530.39477028345          -2203.4353538889659          -1161.1571554158863          -8197.8486844040854          -9046.6161654264815          -2780.7327006695186           -7421.984465942267           7034.0402302476305           -7462.393370584793           2289.3004156579605          -1011.8607863124018           7227.0525553470934          -7653.6344622104625          -1545.1728580529348          -930.67103839186484          -1074.2051768180715          -14332.406701564134          -3913.1826867061363          -3719.4007649159748           2531.9484829107187          -2005.0399870096005          -1592.1469959170622          -3687.2862110675333           1289.1883560222018          -2343.8482613261326            447.2704543436069          -2812.2018304264784
-45.108178857098707           -11530.39477028343           8515.6053255768893           355.84946840677418           187.52639491314972           1318.6859941297166           1460.0336740223752            449.0853789919808           1198.6472547131561          -1136.4600510631446            1205.285708673267          -369.72572749436222           163.41580670327838          -741.11341145514928           1142.8685737550441           249.51807592904953           150.30254859341156           89.550492720526222           1672.5487379484678           366.03511954895021           566.85894142221753           -409.7608284524506           323.84308809068921           74.753100245527776           397.88337901938394          -42.604658993891235           224.66423002781733          -18.387424933836797           213.98704002115301
16.000009101926999          -2203.4353538891128           355.84946840679692           4888.7396391237153           1095.9967396747431          -327.34308924441734          -523.94486947257531          -2319.3129405301061          -3459.9330537432907          -545.80332302622082          -46.454919081983007          -91.627275281169162          -77.255273778656772          -386.93998189156099          -89.718468994326074            -230.523562682381          -105.55070586727931          -114.01071021683006           138.33452501479286           126.36717331106064           10.540916740730715          -233.46343738718821          -43.754912725647586           78.515037585844169           92.364396013977739          -65.075027266128743           54.680639723950243          -20.216568577165198            75.38618309497474
8.7141527874926936          -1161.1571554159075           187.52639491315281           1095.9967396747411           2517.5567040622909           5.9655015792096577          -202.34196890905258          -961.92629413562065          -2002.5032738979835           23.166611224255263          -317.44132836603853           118.12669992840483          -105.59635346613439          -146.70116848462737            1.826382948445378           19.006732669285977          -41.691509738315844          -3.0854457732983809            124.6953385849172           119.23728574555423           23.085081376100863          -112.66234890808066          -10.369499843152074           41.933127186548603           48.543195861282513          -34.098558656293342           28.792105664555848          -10.516446877325283             39.7092530256092
-575.89812255293884          -8197.8486844039107           1318.6859941296941          -327.34308924444576           5.9655015792033055           10832.787151168577           4281.6349990128456          -644.86288398631882          -578.43058302064378          -2789.5789504240029           1259.4666199643282          -318.67323083907718           82.165796020479974          -1837.0408576097029           465.70092620834163          -382.40057014650176          -1.0578702189907432          -761.62659526733364          -194.31454051893382          -1041.1942693617807          -260.80781932863431          -511.42887313484061          -86.507698916837001          -447.51350249348445          -11.644408136578164          -411.44754486133365           68.640738302379617          -294.64241456765143           131.25040729322973
-52.267800566304189          -9046.6161654264797           1460.0336740223786          -523.94486947259929          -202.34196890905628            4281.634999012882           8646.1219061754018          -637.31892650421946          -1425.0437970589637          -926.87681103388229          -342.22619900621112           232.98867980810485          -145.01945915342958          -1010.1700476530939          -31.726761220045717          -367.68995459916255          -138.75274855840968          -289.75097842077844           149.60658764061017          -114.14923368399946          -196.23677407499488          -371.63103974022863          -195.04971366076751           85.157275654666535            234.6390243972734          -308.79396753853183               197.4989075954           -130.9178308343283           286.99458294470787
20.651574392477738          -2780.7327006693999           449.08537899196381          -2319.3129405301179           -961.9262941356252          -644.86288398633269          -637.31892650424334           8529.1094031809025           11850.997236299312          -1071.1920327912981           14.478730596216565          -855.84845834485418           -147.4767631196504          -733.60437150222049           203.77455358901651           35.299711648851869          -60.552239828250855          -62.279868695224394           339.43698104695875           261.23057266734543           57.895786604429354          -298.39626427339863          -22.560630352576467           99.992896652675057           116.35130234010991          -81.808373433338403           68.969049039422018          -25.290116131654166           95.108897095069096
55.683850330348463          -7421.9844659419641           1198.6472547131114          -3459.9330537433152          -2002.5032738979926          -578.43058302069153          -1425.0437970590356           11850.997236299312            38039.51505155101          -1082.3815032486111          -1413.0500415197096          -589.93351435644831          -756.13862240053754          -1448.1599638291611           580.93085886332858            373.5627584331848          -165.38740984140736          -26.934533408763567           918.45090465726537           775.12602686701325           162.22588963207139          -740.33598361556585          -55.224066020181823           268.00015677865827           310.28999361724732          -217.96513375251109           184.03718421080941          -67.227712948809341           253.81801797210073
-109.25804921450211           7034.0402302475841          -1136.4600510631412          -545.80332302620377           23.166611224259213          -2789.5789504240047          -926.87681103387399          -1071.1920327913103          -1082.3815032486507            10346.54290525344          -4810.3431973002998          -816.56956988962065           163.64322175231939          -996.66870742566971           671.64559171060375          -457.68408702536806           129.47487266911111          -882.57427116181645          -141.17843751294672          -1113.6006278208711           101.16073950855642          -801.89012256402157           216.08457600292743          -362.40287593473607          -262.86159055656407           167.70269609810384          -169.76159912097924           36.285109964112223          -237.06278530540203
69.626388575768502          -7462.3933705848767           1205.2857086732815          -46.454919081993921          -317.44132836603933           1259.4666199643539          -342.22619900619384           14.478730596228132          -1413.0500415196693          -4810.3431973003035           9162.3405186777927            1172.094022445986          -389.49888169177899           73.487379933417685          -352.90270736627826           280.82977969519209          -245.99042341988275           459.76653040103895           404.98945581802116           900.23166451026395          -35.015579444678025           27.901170571442584          -187.97704099553343           296.11410428629642           305.23627099682636          -209.76654800447758            183.9155012915096          -60.970580238421753           254.35778593584564
-17.746814862980401           2289.3004156578932          -369.72572749435324          -91.627275281158916           118.12669992840731          -318.67323083907212           232.98867980811775          -855.84845834485782          -589.93351435645434          -816.56956988962907           1172.0940224459969           3255.4555378959085          -299.80286692927888           60.172938539631701           48.425476939041317          -130.55148915072283           94.367036836753527          -101.18102578710221          -189.89864963425319          -278.69745855719447          -24.112694384930993           130.62122241848664           36.829707817399985          -83.791584836427432          -95.444447003519628           66.837990876157434          -56.718959764454937           20.458916925788586          -78.254537337600595
7.6802149003080569          -1011.8607863123616           163.41580670327252          -77.255273778660808          -105.59635346613581           82.165796020476165          -145.01945915343555           -147.4767631196485          -756.13862240053595           163.64322175232493          -389.49888169178541          -299.80286692928109           2189.3667839443806          -90.532571341067197           7.8569003943978508             51.3875240364885          -35.143362627062018           16.732103484826517           109.97171439787252           114.75833723064477           20.354956203608204          -88.390298034917976          -8.9581594562835107           36.712245195016827           42.261748665264982          -29.654807839874643           25.083022954037308          -9.1222913829822119           34.598276198713961
-1779.4454754681487           7227.0525553470861          -741.11341145514803          -386.93998189154235          -146.70116848462396          -1837.0408576097152           -1010.170047653084          -733.60437150223879          -1448.1599638292028          -996.66870742567698           73.487379933438547            60.17293853963892          -90.532571341072867           7627.6269670656275          -2430.1255658222067          -188.09217268292485          -63.316372861365899          -387.98609233569357           17.081077717532821          -391.37798361330294          -90.173575293014622          -383.64527666893622          -64.362780916174387          -194.05502323979118           67.331511845252422          -293.67986013615069           80.768316516691016          -212.80514100586345           104.43844669573264
496.49586223851765          -7653.6344622103288           1142.8685737550265          -89.718468994342061           1.8263829484419034           465.70092620834384          -31.726761220067374           203.77455358902898           580.93085886335905            671.6455917106166          -352.90270736631248           48.425476939034439           7.8569003944024303          -2430.1255658221839           6059.2162745699679          -67.785271583875755          -37.042176371315819           144.83083821725756           36.461444010691281           236.02414809189483          -51.499230901690822           170.21827045736072          -67.734105436019462           174.05448859250927           59.998171960874515          -1.4905572488701182           51.897267416328503           40.707549832690873           88.973360176135429
8.3577763789085999          -1545.1728580529448           249.51807592905107          -230.52356268238168           19.006732669286748          -382.40057014649852          -367.68995459916152           35.299711648854547           373.56275843319088          -457.68408702536931           280.82977969519317          -130.55148915072513           51.387524036490092          -188.09217268293361           -67.78527158386909             1666.60797023332          -39.067688344931412          -98.497886216620131          -44.577661357968964          -84.449612977085167          -75.641600737993159          -43.760537436487482          -67.166307767392851           49.266940813928876           65.856062081374787          -47.603636064542428           38.580694581999254           -15.56690249397691           53.041693165069319
6.9316711316248911          -930.67103839195045           150.30254859342395          -105.55070586727932          -41.691509738315062          -1.0578702189796019           -138.7527485583993          -60.552239828248247          -165.38740984140171           129.47487266910383          -245.99042341987422           94.367036836753485          -35.143362627061457          -63.316372861373992          -37.042176371303476          -39.067688344929778           1860.3848040937507           3.6011665102415611           42.227064564390879           62.212691368262085          -8.2425940665714563          -44.654865698308654           -24.58272487014618           33.498808899531241           38.920898458289329          -27.366388505508095           23.081297192904518          -8.4545785433279264           31.830342875143117
-449.01105228617371          -1074.2051768180672           89.550492720526265          -114.01071021683265           -3.085445773298936          -761.62659526733364          -289.75097842077616          -62.279868695222731          -26.934533408762519          -882.57427116181725           459.76653040104117          -101.18102578710256           16.732103484826617          -387.98609233569414           144.83083821725933          -98.497886216619946            3.601166510239679            3480.784777649435           619.14914760941679          -239.90954492574167           -17.80295637863702          -154.75135499440984           5.7649946946528345          -107.50689629813779          -13.255665113373954          -53.124091321782061          -5.5454963893400517          -53.096233607614288          -13.700995855848873
-253.06116360163549          -14332.406701563878           1672.5487379484387           138.33452501475676           124.69533858490911          -194.31454051891171           149.60658764061054           339.43698104696421           918.45090465726503           -141.1784375129638           404.98945581802195          -189.89864963425097           109.97171439787198           17.081077717561357           36.461444010667265          -44.577661357965667           42.227064564364952           619.14914760941633           10678.461440461269          -188.39313926132093          -29.009013490221719           88.841878121912544             11.4948584932269          -85.322148564991124          -63.311208190951334           14.622552959323968          -34.385444744358097          -11.561738088957213          -49.395223558035468
-723.3920166630362          -3913.1826867061641           366.03511954895453           126.36717331105406            119.2372857455529          -1041.1942693617752          -114.14923368399695           261.23057266735316           775.12602686702894          -1113.6006278208656           900.23166451025372          -278.69745855720112           114.75833723064713          -391.37798361330834           236.02414809190418          -84.449612977088691           62.212691368261552          -239.90954492574053          -188.39313926129415            3993.738775866796            353.5899304611761          -82.012942495586231           34.440742801677061          -221.32729305751673          -90.761558155255898           -35.56353253178807           -49.69045512557085          -68.795185353230735           -77.00360758446368
-30.699276883766956          -3719.4007649160567            566.8589414222306           10.540916740723191           23.085081376100419          -260.80781932863022          -196.23677407498872           57.895786604437284           162.22588963209023           101.16073950856037           -35.01557944469215          -24.112694384936873           20.354956203612687           -90.17357529302032          -51.499230901667374          -75.641600737992647          -8.2425940665704047          -17.802956378635141          -29.009013490184657           353.58993046117308           3399.6943538869609           48.896614344596578          -51.024470490760933           24.524308941509219           28.688192553292964          -54.382333461943546           33.831520416258726          -22.981642322550165           53.612898690069869
-123.86364468473481           2531.9484829108173           -409.7608284524664          -233.46343738718826          -112.66234890808236          -511.42887313485943          -371.63103974024119          -298.39626427340517          -740.33598361558074          -801.89012256400861           27.901170571435387           130.62122241849352           -88.39029803491897          -383.64527666892593           170.21827045735125          -43.760537436489429          -44.654865698307319          -154.75135499441188           88.841878121882218          -82.012942495591162           48.896614344593395             2557.42212385225          -21.746998087808812          -67.602363899662038           40.406321665603812          -33.800172496237835           3.5425492351862786          -32.689841262873301          -14.604891924753474
18.73567972829408          -2005.0399870097044           323.84308809070239          -43.754912725647657          -10.369499843150535           -86.50769891683214          -195.04971366076842          -22.560630352572311          -55.224066020173098           216.08457600291581           -187.9770409955193           36.829707817399331           -8.958159456280633          -64.362780916184974           -67.73410543600788           -67.16630776739072          -24.582724870146002           5.7649946946560977           11.494858493271217           34.440742801687563          -51.024470490762191          -21.746998087807555           2555.1740755004375           52.713895203563119           48.563665337035538          -49.403620016485931           41.376769234888748          -14.872563500515355           61.095240115690331
-527.51218610616229          -1592.1469959170927           74.753100245532153           78.515037585843146           41.933127186549342          -447.51350249347769           85.157275654667473           99.992896652678169           268.00015677866759          -362.40287593473556           296.11410428629301          -83.791584836430843           36.712245195018269          -194.05502323979405           174.05448859251857           49.266940813927178           33.498808899530722           -107.5068962981382          -85.322148564978946          -221.32729305751684           24.524308941505517          -67.602363899661142           52.713895203562672           1863.1209795888283           199.18549176678692          -6.0096411359613811          -48.306969448421498          -41.655004119189208          -74.497391044051142
-117.08732806847196          -3687.2862110677106           397.88337901940912           92.364396013977967           48.543195861284346          -11.644408136550823           234.63902439729367           116.35130234011905           310.28999361727102          -262.86159055657924           305.23627099683745          -95.444447003527358           42.261748665269259           67.331511845239561           59.998171960904045           65.856062081377317           38.920898458288207          -13.255665113371414          -63.311208190916609          -90.761558155249006           28.688192553299963           40.406321665598014           48.563665337034216           199.18549176678707            2060.987094816669           40.586547214788091          -45.355233088256355           5.2623497385183455          -60.585644032643813
-426.18940700825368           1289.1883560221941          -42.604658993890958          -65.075027266126085          -34.098558656293129          -411.44754486133644          -308.79396753853149          -81.808373433339682          -217.96513375251482           167.70269609810384           -209.7665480044746           66.837990876159367          -29.654807839875545          -293.67986013614893          -1.4905572488702887          -47.603636064542847          -27.366388505506613          -53.124091321782338           14.622552959318133          -35.563532531787992          -54.382333461943212          -33.800172496240748          -49.403620016484737          -6.0096411359608979           40.586547214793271           1262.5167310827569          -18.202670153289308          -68.220546920212769           82.908215562621308
35.790578635956138          -2343.8482613261435           224.66423002781966           54.680639723949071           28.792105664556161           68.640738302383738           197.49890759539821           68.969049039423808           184.03718421081766          -169.76159912098103           183.91550129150912          -56.718959764455235           25.083022954038697           80.768316516691527           51.897267416335502           38.580694581999552           23.081297192902255           -5.545496389340407          -34.385444744356434          -49.690455125569741           33.831520416257888           3.5425492351871188           41.376769234891107          -48.306969448422549          -45.355233088261372          -18.202670153289787           1321.2690400640815            18.79132918079852          -69.764349921323628
-394.0001702256514           447.27045434358752          -18.387424933834271          -20.216568577163681          -10.516446877324832          -294.64241456764944          -130.91783083432506          -25.290116131654393          -67.227712948810336           36.285109964111761          -60.970580238419551           20.458916925788564          -9.1222913829821906          -212.80514100586643           40.707549832692244           -15.56690249397656          -8.4545785433274343          -53.096233607614231          -11.561738088954929          -68.795185353229769          -22.981642322548776          -32.689841262875227          -14.872563500514294          -41.655004119188703           5.2623497385198572          -68.220546920212811           18.791329180799607           1162.4003418517016          -28.816238000077163
11.514606435522564          -2812.2018304264138            213.9870400211455           75.386183094970676           39.709253025608348           131.25040729323305           286.99458294470151            95.10889709506904           253.81801797210525          -237.06278530539558           254.35778593583495          -78.254537337599672           34.598276198714089           104.43844669573156            88.97336017613199           53.041693165067713           31.830342875139841          -13.700995855850248          -49.395223558031972          -77.003607584467289           53.612898690063652          -14.604891924748554           61.095240115687609          -74.497391044053174          -60.585644032654699           82.908215562620356          -69.764349921328048          -28.816238000076353           1331.6919667518869
