402
31
-403            5.565819972641874
-403           2.2347673202680238
-403          0.76442947159651475
1266           1.6710263076785195
1266          -4.5311716366568247
1364          0.28486948766376763
1364           1.9997553231623786
1365           2.1501650552477369
1365         -0.34694662192064801
1366           4.0301692304514631
1366          -2.6839622067527049
1464           2.6176682605336437
1464           3.8515906142590328
1465           4.4877373433188756
1465           1.5179728328305719
1466           6.3714360513683355
1466          -0.8207628314473111
1565           6.8610821076524093
1565            3.408677016769682
1564           4.9592631437037777
1564           5.7474873773368049
1566           8.7222672466811435
1566           1.0521786022737787
1467           8.2506277090177758
1467          -3.1446877409459653
1665           9.2130782360548391
1665           5.2624645182057064
1666           11.066021230753368
1666           2.9484043714502377
1664           7.4183497983120157
1664           7.5927701280030675
39677.264208119224          -41795.848039368124           8415.7305097970166            133.2291246891929           70.548366746326167          -161.76680775257765           7.2532428676622258          -400.26795007164714            754.1521646193911           234.74199368965429           669.14499609176301          -2369.4056264953674           645.30510813715534          -23927.872908883182           16988.923618707133           1003.7608436678014           2778.0622000412627          -6160.2081378563253           6518.7341697732136          -4585.2588459072958             627.991956093932          -374.12469893818923           3420.9024019404783           396.59026726649148           597.83664017128046          -1740.9867449010849           1356.2489297283842          -446.42559552921324           484.07805073035456          -579.84834727674468           109.08294137119523
-41795.848039368342           54064.050086868716          -9948.7024688998772          -163.82149517477362          -86.746394453617015           198.90728463054981          -8.9185507925973972            491.6146714230332          -927.66587991809365          -289.10740618933215          -822.96073497964142           2907.4928064337987          -796.02794561507289           26468.108993715487          -21143.328092765012          -1287.8719556029239          -3460.2824723240428           6744.1514365009525          -8066.0425423094612           4380.6661657297991          -1217.0120155129055           -245.0540215575484          -5272.6760007344283          -512.49085356581816          -752.03166345842362           1586.7004185765086          -2010.4490288548034           212.47481807160548          -835.37525275512667           444.08327330027214          -343.11805530871021
8415.7305097970202          -9948.7024688998335           8758.8717678328612           34.473143281285765           18.254270225254675          -41.856708556047202           1.8767582797367501          -103.50088438339375           195.17939829927769           60.796216738406365           173.16195593897848          -612.35593186996721           167.28387959080084           -5830.914649502819           4426.8127866929581            266.2627013857408           724.22938777324907          -1065.0330830078622           1223.5034983626858          -723.77766507978663           253.52531834431534          -108.70866803296867           699.87014794804077           105.64072618063415           156.74885060811022          -232.72395072697924            212.8085579351247          -43.306548031406365           -41.88031350467989           60.246888843334069           -13.77067938601526
133.2291246891844          -163.82149517476279           34.473143281283569           1265.3486463190907           62.268510450658397           23.341195666094617          -2.1249411629982133          -439.90042861023238          -968.93402463316556          -126.25715342832021          -144.81688784989782          -34.376947338245813          -95.593611286292287           24.136684275132602           -223.2729188370169          -28.704328920372117          -57.397674184508176          -39.728782179224922           28.510795114870099          -44.754111817431266          -5.2339853239207041          0.24139873801048234           23.331741569019886           5.4668777656786025           2.6991660280894769          -6.5710584954898588           5.6385304988448279         -0.70603901132434588           2.5943526793810379          -2.0823714011591488          0.48265467424438502
70.548366746326792          -86.746394453617327           18.254270225254757           62.268510450658354           1012.0138175837633           30.336663205481958          -1.6823306653787693          -83.174598198856103          -246.01442328851141          -16.921254622500385          -42.912854678454167           1.0241639052886169          -43.444953430344313           30.955404546165582          -97.824581152781292           6.8433474803153818          -9.7984636125170628          -19.671165722085906           14.952607430452341          -23.362650716648993          -2.5965368563964537          0.28931619468751124           12.500725915762679           2.9062295173174646           1.4377105991896095          -3.4794278792785347           2.9859625660528963         -0.37383700908153544           1.3737855228456397           -1.102644702449405          0.25558943449861227
-161.76680775257378           198.90728463054478          -41.856708556046151            23.34119566609488           30.336663205481969           2033.3341230148151          -125.27088064406769           4.3859759316531131           234.74279163951971          -38.335484274116929           52.973904435190164          -29.980732873949929           95.473779335587864          -97.749319183884722           195.03511286672747          -46.541786967611635          -31.603681708946521           43.723493439429845          -34.139925411189722           53.230568649231465           5.7767814644981916         -0.82678775884128286          -28.811722880297161          -6.6754656810614375          -3.3051877331942059           7.9781747838679165          -6.8469999902089942          0.85717531603186181          -3.1500853974554328           2.5283282923874921         -0.58607547944318039
7.2532428676617977          -8.9185507925968643           1.8767582797366322          -2.1249411629982333           -1.682330665378776           -125.2708806440679           312.14744426949375           -1.979288668343687          -14.261318922078395          0.86238814142370313          -3.0600022582914819          0.96555551756389335          -4.5577340106162776           3.9839377443334238          -9.1543130318743025           1.8367486287460393           1.5566812638352148           -1.975937361632605           1.5324196327184547          -2.3905338053934657         -0.26099751947896166         0.035243819201346505           1.2901982983316576          0.29918347975934306          0.14810144040803744         -0.35772396266688505          0.30700097859989234        -0.038434056502877199           0.1412423377507514         -0.11336458741583284         0.026278121094176283
-400.26795007167362           491.61467142306662          -103.50088438339954          -439.90042861023096          -83.174598198855492           4.3859759316536433          -1.9792886683437301           7133.0694472955574           5674.8986899562897          -1958.0520578635135           -1154.096317238352          -978.65628486486469          -163.91266046629718          -952.86954978969447          -122.64215449497026          -1004.5204560621362          -934.21228984798142          -214.07727563573653          -301.58516030914433           4.4003169881583934          -52.870194654825369          -63.656300017090487           -126.9752394785321          -20.856163680723203          -11.394524281980857           19.694092383810695          -17.022242322110021           2.1097230711570778          -7.7969914032546779           6.2459138069248237          -1.4543309672407798
754.15216461937302          -927.66587991807069           195.17939829927442          -968.93402463316374          -246.01442328851101           234.74279163952048          -14.261318922078457           5674.8986899562969           14257.286315914576          -1893.6909633622954          -1559.0527563343262          -736.31892512772458          -706.58190913367264          -258.62290175587157          -1605.7068832139514          -744.70972039542858          -994.57646879420383          -439.66251526142116           39.735018119281904          -332.69313956538952          -71.398308639877555           -36.99299559227584           97.401178535691045           28.244286304294974           13.276283878414127          -37.224992256671761            31.86723889132141          -4.0035718709851595           14.683901019600725          -11.793662335211559           2.7294994124992726
234.7419936895883          -289.10740618924882           60.796216738389589          -126.25715342831961          -16.921254622500459          -38.335484274116261          0.86238814142367815          -1958.0520578635164          -1893.6909633622979           3660.3018715016751           975.01533693201907          -252.64647805671697          -117.94361947095307          -134.78183466057766          -477.53672862398071          -366.05788011384516          -497.29284398673292          -76.351278918739681          -196.52723115485094          -56.955340557007879          -103.27205162562953          -48.862348011031827          -29.292045865245598           5.9889420403645826           2.0549032842859005          -11.617053804474947           9.8672848686072179          -1.2534300371801168           4.5689385849950526          -3.6774647571630594          0.84690432571800367
669.14499609166376             -822.96073497952           173.16195593895375          -144.81688784989814           -42.91285467845443           52.973904435190718          -3.0600022582914979          -1154.0963172383538          -1559.0527563343248           975.01533693202123           3271.0957289534877          -15.075223406661646          -281.28475563821354           275.11116428792889          -930.38297052300084          -79.454164193116227          -331.94612408754296           -148.0935461860457           -9.558069859832818          -199.19731685245608            -67.1566668665767          -16.222818398461762           90.832365868082945           26.158982390514073           12.594019740687642          -33.017207253744694           28.295542957906175          -3.5494509207680456           13.029399808677496          -10.461747697624709             2.42289007785529
-2369.4056264953788           2907.4928064338055          -612.35593186996539           -34.37694733824604           1.0241639052884421          -29.980732873950139          0.96555551756389368          -978.65628486486082          -736.31892512771981          -252.64647805671461          -15.075223406657509           8271.2952353234796           290.24387832499468          -3585.1864676058053           3562.6025064037208          -522.79681960236371          -196.57593864003493           4.4577419038203807          -225.67873156564218           134.28865689844497           30.820764969544783          -197.74442587623361          -291.55239371202771          -95.182014581006513          -36.323552832613522           116.29680991986362          -101.07932339512799            12.43479274878321            -46.1669301213918           36.924779351566762          -8.6289768541617651
645.30510813715          -796.02794561506312           167.28387959079944          -95.593611286291747          -43.444953430344142            95.47377933558802          -4.5577340106162723          -163.91266046629988          -706.58190913367378          -117.94361947095132          -281.28475563821206            290.2438783250148           3975.7832329638272          -461.59721473728302          -492.35580524813656           34.770564544116468          -312.34651489974323          -192.70093763108673           50.863603031970079           -289.7035859840496           -69.23283053886226          -40.280143672635099           113.93301860560339           32.019010697109998           22.236970536833343           -32.07664995220739           26.979311227382535          -3.4715744276957388           12.554105781578299          -10.132542952324819           2.3185165432395878
-23927.872908883102           26468.108993715217          -5830.9146495028017           24.136684275120558           30.955404546163592          -97.749319183882193           3.9839377443330273          -952.86954978971767          -258.62290175589959          -134.78183466064542           275.11116428782844          -3585.1864676057494          -461.59721473727529           33732.118382366818          -19690.763797692562          -2748.6853484965623          -1270.8686327711232          -61.824656782202254          -1569.0400303970162          -55.781435199974581          -11.834919783593111          -1703.2892366953342           -2443.737068345617          -810.98116249588395          -297.98638772208494           704.87557209819738           -1179.048563891771           66.654345400963393          -479.46227111415243           320.08910031928957          -109.00625800535113
16988.923618707198          -21143.328092764943           4426.8127866929817          -223.27291883700889          -97.824581152780226           195.03511286672924          -9.1543130318740804          -122.64215449495086          -1605.7068832139487          -477.53672862391653          -930.38297052290829            3562.602506403693          -492.35580524815208          -19690.763797692809           28267.075201768639           731.80984186367152          -1578.7385436169484          -457.40596733223174           252.38591049829782          -994.74410841413157          -797.84036562598703           677.85227382153857           723.94959372224957           450.30280305223818           48.245003031581604          -882.67199323617876           709.40892706554098          -95.191257309984408           329.66808517749712           -270.1611116424649           59.632385790923941
1003.7608436677883          -1287.8719556028996           266.26270138573568          -28.704328920371736           6.8433474803155239          -46.541786967612261           1.8367486287460812          -1004.5204560621323           -744.7097203954205          -366.05788011384192           -79.45416419310682          -522.79681960237292           34.770564544118464          -2748.6853484965427           731.80984186362571           4438.3083572988598           1197.4589028381172          -36.825871133211045          -404.31889888443919           42.868487593086108          -187.73375135614788          -185.81358082488831          -459.70622876870539          -145.71588005469155          -126.02181807770548          -37.973133887428013           15.847593939361783          -6.4079547962653578           19.278005929469813          -16.662117523618647           3.2291660220249354
2778.0622000413759          -3460.2824723241665           724.22938777326999          -57.397674184510279          -9.7984636125176863          -31.603681708949729           1.5566812638353504          -934.21228984797324          -994.57646879417541          -497.29284398673423          -331.94612408753204          -196.57593864004605          -312.34651489973697          -1270.8686327711562          -1578.7385436169454           1197.4589028381181           5868.0947573834228           -216.5535800547247           -380.4233351674992          -254.47469205377448          -324.36037633691404           -171.4506972763962          -330.19218259753598          -74.673562252626638          -94.270570518869761          -127.38935332200062           95.449521875103898          -15.621742318728085           53.875169666401781          -44.225444525576158           9.7276855186668261
-6160.2081378564044           6744.1514365010134          -1065.0330830078749          -39.728782179224019          -19.671165722085117           43.723493439430115          -1.9759373616326223          -214.07727563574451          -439.66251526142304          -76.351278918743674          -148.09354618605587           4.4577419037983805          -192.70093763108804          -61.824656782110573          -457.40596733233457           -36.82587113321344          -216.55358005468938           6535.6749703350279          -3447.9084481940081          -141.84809862307685          -43.100376213770112          -19.739858915080344           42.846096334938927           13.150052048860491           5.0814211501370199          -22.515414058613242           27.562017854722868          0.79651993369560492           14.144468163068924          -5.4355434640657219           4.6031551341577996
6518.7341697732727          -8066.0425423095021           1223.5034983626972           28.510795114869428           14.952607430451531          -34.139925411189679           1.5324196327184738          -301.58516030913381           39.735018119285328          -196.52723115484497          -9.5580698598227194          -225.67873156561564           50.863603031973327          -1569.0400303971353           252.38591049844018          -404.31889888443465          -380.42333516754439          -3447.9084481939817           7253.4659352785102           15.574390364467043           -120.9763680781147          -139.09677170162411          -334.09123048578039          -53.985935371149949          -44.811685182955216          -22.649740426567607          -56.495744431536288          -15.005962915723742          -21.549550933652576          -6.1662765226227112          -11.778567024811824
-4585.2588459072194           4380.6661657296863           -723.7776650797706          -44.754111817431578          -23.362650716648794           53.230568649232232          -2.3905338053935168           4.4003169881609301          -332.69313956538315          -56.955340557013152          -199.19731685245981           134.28865689842709          -289.70358598404852          -55.781435200031872          -994.74410841410406           42.868487593091558          -254.47469205374924          -141.84809862309166           15.574390364481895           4507.8893030869776           -145.3856357376666          -36.291390606949356           51.164238349022177           24.013429587324175           7.9263069892931135          -52.915858911474686           16.541341855432076          -8.5137452640284987           8.0966511493542601           -12.48557541794136         -0.75124803553122099
627.99195609383844          -1217.0120155127881           253.52531834429399          -5.2339853239211633          -2.5965368563966784           5.7767814644980389         -0.26099751947895744          -52.870194654827131          -71.398308639882387          -103.27205162563139          -67.156666866579002           30.820764969553899          -69.232830538865926          -11.834919783527056          -797.84036562603467          -187.73375135615134          -324.36037633691916          -43.100376213758331          -120.97636807812418            -145.385635737656           3025.6865100761534          -43.692532479641102          -117.85884587546762          -12.940339571086872          -22.889077234184096          -49.447004415829966           13.472064887169964          -10.804330871043062           17.901070559443433          -22.190226797894113           1.5860035866160953
-374.1246989381707          -245.05402155756741           -108.7086680329647          0.24139873801128836           0.2893161946878488         -0.82678775884119704         0.035243819201353228          -63.656300017090118          -36.992995592274013          -48.862348011029475          -16.222818398457992          -197.74442587624048          -40.280143672633642          -1703.2892366953376           677.85227382152993          -185.81358082488907          -171.45069727639364          -19.739858915082742          -139.09677170162496          -36.291390606955261          -43.692532479638331           2653.7995518872926           103.27480065589097          -29.063165273648224           -16.97040523002261           3.8898462630370076          -56.304227501982858          -5.8269640473337159          -33.041102138730373           11.861663496797503          -11.961734759996848
3420.9024019406534           -5272.676000734632           699.87014794808374           23.331741569022689           12.500725915762937          -28.811722880298561           1.2901982983317437          -126.97523947852859           97.401178535696431           -29.29204586524083           90.832365868083244          -291.55239371202856           113.93301860561002          -2443.7370683457366           723.94959372235678          -459.70622876870618          -330.19218259755087           42.846096334910648          -334.09123048574423           51.164238348996435          -117.85884587545374           103.27480065588918           4036.8525262409557          -87.830543837973579          -69.035207275618646           -22.03170314166729          -99.491982171252715          -20.861328244090508          -36.404399054070922          -5.2648453412235749          -17.865853276780914
396.59026726648415          -512.49085356580531           105.64072618063207           5.4668777656788832           2.9062295173175223          -6.6754656810613806          0.29918347975934706          -20.856163680723206           28.244286304295315           5.9889420403668483           26.158982390516815          -95.182014581007763           32.019010697109429          -810.98116249588043            450.3028030522284           -145.7158800546911          -74.673562252627349           13.150052048862754          -53.985935371152898           24.013429587323806          -12.940339571084937          -29.063165273648178          -87.830543837977601           706.23607427689922          -79.615343494102035          -4.7963959647934704          -6.1287910277440618          -2.6015070304715149           7.5686228982156694          -6.6426647187045402           1.2455219416664161
597.83664017125568          -752.03166345838986           156.74885060810482           2.6991660280900334           1.4377105991896926          -3.3051877331945287          0.14810144040805684          -11.394524281982275           13.276283878410778           2.0549032842869166           12.594019740688191          -36.323552832615583           22.236970536833951          -297.98638772205823            48.24500303156028          -126.02181807770506          -94.270570518867274           5.0814211501405326          -44.811685182960922           7.9263069892901692          -22.889077234182995          -16.970405230024287           -69.03520727562811          -79.615343494101879           727.26051043600478          -16.486464601783325           6.2592865951074472          -3.5078677416364945           11.530960291645503          -9.6453513730954334            2.035042098085948
-1740.9867449010655           1586.7004185764804          -232.72395072697472           -6.571058495490016          -3.4794278792784157            7.978174783867872         -0.35772396266689188           19.694092383809902          -37.224992256672905          -11.617053804477731          -33.017207253749021           116.29680991986359          -32.076649952206523           704.87557209818738          -882.67199323616114          -37.973133887428702          -127.38935332199766          -22.515414058617083          -22.649740426563536          -52.915858911477343          -49.447004415833959           3.8898462630385486          -22.031703141658564          -4.7963959647934322          -16.486464601784132            1009.028068469539          -40.717284198951084          -6.0755422995527661           13.020859601310327           -12.80534201851685           1.6023751157724757
1356.2489297283851          -2010.4490288547929           212.80855793512455            5.638530498845669           2.9859625660530269          -6.8469999902095369          0.30700097859993175            -17.0222423221112           31.867238891319051           9.8672848686110264           28.295542957912627          -101.07932339513556           26.979311227381586          -1179.0485638917658           709.40892706551324           15.847593939364717           95.449521875108445           27.562017854723464          -56.495744431538689           16.541341855429565           13.472064887177206          -56.304227501984002          -99.491982171259679          -6.1287910277441116           6.2592865951083683          -40.717284198951688           1006.6743632399347          -4.9777896446796577          -31.053594134468959           10.024734888207618          -10.649543044864803
-446.4255955292158           212.47481807160736          -43.306548031406727         -0.70603901132441405         -0.37383700908151229          0.85717531603189656        -0.038434056502879947           2.1097230711571071          -4.0035718709847776          -1.2534300371804539          -3.5494509207685345           12.434792748782746           -3.471574427695804            66.65434540096669           -95.19125730998644          -6.4079547962656127          -15.621742318727867          0.79651993369495133           -15.00596291572317          -8.5137452640278575          -10.804330871043639          -5.8269640473336395          -20.861328244090085           -2.601507030471613          -3.5078677416367183           -6.075542299552593           -4.977789644679647           396.29762753984352            1.749204572567191          -5.0453415045178369         -0.95567466236180298
484.07805073035274          -835.37525275511894          -41.880313504682697            2.594352679380874           1.3737855228456883          -3.1500853974555239          0.14124233775075895          -7.7969914032552783            14.68390101960026           4.5689385849965598           13.029399808679777          -46.166930121391509           12.554105781577512          -479.46227111414868           329.66808517748689           19.278005929469771           53.875169666401142           14.144468163068671          -21.549550933652394           8.0966511493540825           17.901070559444612           -33.04110213873107           -36.40439905407554           7.5686228982157644           11.530960291645421           13.020859601310381          -31.053594134469165           1.7492045725673124           351.82494168926331           28.138088988513797          -13.984820625681833
-579.84834727673308           444.08327330025287           60.246888843335881          -2.0823714011593548          -1.1026447024493693           2.5283282923873611         -0.11336458741583258           6.2459138069253823          -11.793662335211325          -3.6774647571639698          -10.461747697625883           36.924779351565121          -10.132542952324606           320.08910031929526          -270.16111164245871          -16.662117523618928             -44.225444525575          -5.4355434640693616            -6.16627652261998          -12.485575417940199          -22.190226797895395           11.861663496797254          -5.2648453412216565           -6.642664718704455          -9.6453513730954494          -12.805342018516843           10.024734888207973          -5.0453415045179772           28.138088988514159           256.10357173686401           14.785623475798655
109.08294137119582          -343.11805530871032          -13.770679386015281          0.48265467424450259          0.25558943449861204         -0.58607547944320082         0.026278121094178541          -1.4543309672406828           2.7294994124991057          0.84690432571843122           2.4228900778558291          -8.6289768541624738           2.3185165432394861          -109.00625800535175           59.632385790923749           3.2291660220251739           9.7276855186663429           4.6031551341574906          -11.778567024811336         -0.75124803553153563           1.5860035866166058          -11.961734759996833          -17.865853276782488           1.2455219416664638           2.0350420980861594           1.6023751157726711           -10.64954304486476         -0.95567466236182907          -13.984820625681749           14.785623475798502           292.14456851329459
