254
33
-255           6.0125667903865043
-255          0.15065279346266247
-255          0.19955571928061844
2506             4.14319002469529
2506          -3.7952645805863798
2507           4.0761609566582617
2507         -0.81259625771205091
2508           3.9899743849200258
2508           2.2075878251596595
2606           1.1881568512232739
2606          -3.8398815647789224
2607           1.0836829320258881
2607         -0.89633076378453358
2608          0.96017429954549161
2608           2.1109553589635648
2609           0.8537283775583866
2609           5.1296301498867525
2509           3.9109255748790752
2509           5.1884907650429088
2407           7.0868914525594748
2407         -0.72764644354891583
2408           7.0111589245070984
2408           2.2837629947646283
2406           7.1517031780268905
2406          -3.7200494900366508
2409           6.9248420220356364
2409           5.2612378958205364
2307           10.052730126289601
2307         -0.63297523070635864
2308            10.02396753676034
2308           2.3462943244391008
2306           10.094786890363064
2306          -3.6050969628632212
6715.5006837053952          -8048.0906134377856           1481.0202672265721           318.48651808571327           278.45502645291577           471.35542341067639            1134.027777723639          -928.48253599672898           536.83491741693865           96.233102113451238           21.085908112254728           249.95132957033795            141.9325496968103          -187.50121515843213           38.238761300872582          -62.735867309501693           8.3497719639380428           -309.3190027055233           162.19640889943349           -1073.560912880979          -23.762955112716043          -2551.7873838769965           1787.9786844827906          -511.82235873415522           321.91324138501756          -847.52243828662267           224.31488580700992          -498.27773611668357           391.17327597120823          -619.57794087127081           344.87103387217729           -205.3021457837572           88.482893969777251
-8048.0906134377319           71057.545142069954          -9782.6145873553869           -2510.100032167451          -2070.9712240205572          -5313.6159547977613          -9009.0379234715747           6457.5353517383182          -3937.5223985590401          -714.84502530141276          -156.58000612654058          -1859.0055786546261          -1054.7797484071091           1391.4774577847359          -283.87718147998805           465.73500732282719          -61.998905606914704           2226.3284991336259          -1202.1920535487657          -3383.5191933885917          -14030.036372404174           7918.6512170150072           -8507.006454278986          -1472.9067706170872          -3542.9561058914928           2581.1825088712799          -1781.9587684640501           575.52906255607422          -3256.1904565162004           1349.3334843299626          -2269.7056736007175          -76.406666313838741          -645.59214689890359
1481.0202672265686          -9782.6145873554487            8405.789509367487           397.74521482205216           328.34245969394664           839.64801265156109           1427.4490340945049          -1024.5046801359922           624.36046715167345            113.3365733630494            24.82537899629056           294.73629163361494           167.23149822473107          -220.61671708857202           45.008155396008604          -73.841353566123814           9.8297832936025067          -353.08850278887815           190.60811217552026           117.89703727443089           1617.5790744661335           -909.0998583334956           1158.1161915357279          -4.6255878511798301           477.91047225415355          -231.73400233586977           240.21196893342264          -136.39229399288951           281.11622491855871          -119.82253825355068           171.18388247937162          -105.22187030710271          -32.746150530399063
318.48651808571503          -2510.1000321674946           397.74521482205461           5011.7330113237458           555.70995156985805          -2335.9116553136269          -1793.0430443602504          -505.65151729081396           150.47968450145271          -54.583608241835421        -0.089260085045342663           -653.6028391228698          -226.57746862089559          -208.11389579907495           27.725650336958687          -37.165494039033646           1.9721061911220494          -110.25841220673793          -53.507390641872277          -268.65828314145068          -220.72057238494099          -379.23626662319867          -35.809350079521522            -114.107888688229          -78.203498181894588          -159.95607910297076           10.230059405371088          -22.401749524152994           113.81929390372066          -75.507834483573674           83.346620117103157           13.814376947423028            20.93541496332341
278.45502645291549          -2070.9712240206018           328.34245969394993           555.70995156985236           3646.3038059632977          -522.09332670996741          -945.08593917923781           113.19027129477379          -302.26472402656492          -123.96114727791152          -27.101155919252427           -390.7356593106386          -210.94231459407106           210.38407142890458          -47.333169892921411           75.900274460382761          -10.839135341563988           38.794601552472656          -112.50004569669036           5.2287906796815378          -34.160333826396041          -208.15144131467233           18.268466895434052           108.04060515146986           20.858962553263325          -133.21508562957587           20.114280700445946          -4.1056917855866359           100.84840677996593          -54.701685083013878           69.216969777165843           11.909046288535265           17.282143083027222
471.35542341066571          -5313.6159547977222           839.64801265155234          -2335.9116553136332          -522.09332670997287           11668.641961212763           6407.4384034754112          -2861.0381227607068           400.31930311102496          -113.51960146418183          -11.816555183437501           -876.7562196674487          -329.45042413741572          -133.31358328795343           8.5396234166243907          -6.8056000810822184          -2.6216236874606551          -442.07773021785732          -171.02349294287444          -1265.5062837053756          -1076.4372385962179          -1643.7180871909304           153.06935391900649          -995.01279190680884          -343.29096059515319          -607.30364368748292           24.610529027188072          -223.91414440692697           242.46289095814262            -258.726571740314           172.21563809040725           22.630050037865175           44.198214259035012
1134.0277777236042            -9009.03792347134           1427.4490340944669          -1793.0430443602629          -945.08593917924486           6407.4384034753803           13235.576780647252          -1434.9251787559219          -586.18303559349579          -345.25394344466565          -67.952499211361157          -1250.6154424173612          -596.43991218248266           465.59987560834134          -109.13891025314896           179.63010328092372           -26.01587854959012          -157.18276033417223          -449.52458591954621          -634.00362983803518          -587.24527387060641          -1471.7490674831456           69.614997465710957          -135.17932883819185          -86.592095783282872          -671.86039867604791            83.20482921231347          -85.443722462565205           436.06980043947135          -275.61711709988856           299.43919412401272           49.286103847805379           75.134269250053876
-928.48253599672887            6457.535351738341          -1024.5046801359895          -505.65151729081219           113.19027129477354          -2861.0381227607168          -1434.9251787559522           7940.4232726883365          -2229.4641510756474             -39.553852041317           4.3184617607259099          -828.55467404143133          -277.23876948525151          -341.49890045751044           42.222267048071025          -64.461452989680453           3.5987809094771572          -902.47493264124068           153.73421386963525          -634.64678965574603            78.06548843913788          -279.25907772979042           221.27460076465809          -471.58029530576277            92.00600799386055           335.56905567755524          -61.822791977946395          -39.598449557361349          -313.99512367707416           141.20685245465887          -217.07961684606968          -39.097425325842693          -53.923365895162533
536.83491741694161          -3937.5223985590574           624.36046715167197           150.47968450145447          -302.26472402656441           400.31930311103429          -586.18303559348055           -2229.464151075646           5067.8992968708862          -151.50941662509058           -40.60189823559292          -80.981292894677324          -149.13469612338542           484.20858831473748          -88.293293575479538           141.55085998972643          -17.155006465854061           380.08403054804535          -209.24414426954385           273.21888777919031           -40.74778322227769          -118.56536560977615          -13.143149545393385           306.30276005122766           29.161198249777339          -245.99558602894496           39.503058455110548           -1.274727045366987           192.49803426552822          -100.39722964990293           131.77026520849537            22.88418832989305           32.862790156296342
96.233102113453228          -714.84502530144516           113.33657336305265          -54.583608241836089          -123.96114727791166           -113.5196014641821          -345.25394344466366          -39.553852041317207          -151.50941662509092           1868.9732890395142           136.71369940762045           -1212.750032136752          -586.05714670634893           144.82224179493301          -43.084854270103676           84.160764252948084          -15.264514827624021          -68.735635020744255          -40.607250376898726             16.6428256981023           82.674898707642143          -111.44838631561825           77.785098925139081            63.28636896004982           28.543009733140689          -46.211153013752423           7.1491598340634894          -1.3020162895190666           34.932672354890911          -18.825080181085809           23.896519056902136           4.1145289787228378           5.9654127291401551
21.085908112254952          -156.58000612654581           24.825378996291047        -0.089260085045167248          -27.101155919252456          -11.816555183437586          -67.952499211360731            4.318461760725814          -40.601898235592905           136.71369940762042             1026.01617709477          -169.82125040676959          -114.03596467837312           73.554557957903796          -21.640780387426648           31.125718433248782          -5.5512908492473025          -16.131227337330937          -5.7488015252293172           7.2335588275592801           19.491213292276129          -22.053893234786479           17.085843509725979           14.119516768230508            6.214425352224854          -10.113706828312839           1.5662946985062076         -0.27910978021620503           7.6518788987720416          -4.1200627933083327           5.2344547724739918          0.90147544038088245             1.30667105310728
249.95132957035037          -1859.0055786547293           294.73629163362915          -653.60283912286206          -390.73565931063547          -876.75621966742233          -1250.6154424173262          -828.55467404145031           -80.98129289466624          -1212.7500321367527          -169.82125040676948           9912.4683904725625           5182.9724576889157          -1166.1360451595772           65.902955973714995           14.070392837740259          -44.484779808969826          -457.56720948839308          -78.304099235259088          -109.67392942789806           223.52702125445563          -396.50129507672182            204.6135511695532           153.13660406492338           75.903113174631727          -120.54941315065594           18.576810227319662          -3.6566756393658508           90.835606158047511          -49.106872136097287            62.13795566724923           10.690028371706255           15.513299161612167
141.93254969681766          -1054.7797484071737           167.23149822473988          -226.57746862088925          -210.94231459406797           -329.4504241373985          -596.43991218245912          -277.23876948526345          -149.13469612337852            -586.057146706347          -114.03596467837281           5182.9724576889002           5249.7655313974983          -339.83295921152006          -31.390976931191979           82.097792933884477          -39.691287710299079          -203.21948564512843          -30.506917125548117          -5.7611075420230975           131.42518065822944          -186.29800257949324           115.73732072283295           91.057964473689026           42.456298227506053          -68.262161793824546           10.545780769794188          -1.9761271529448337           51.542535312127725          -27.807724873530685           35.258830051505342           6.0690865196236636           8.8021455810378484
-187.50121515843264           1391.4774577847538          -220.61671708857386          -208.11389579907558           210.38407142890463          -133.31358328795849           465.59987560833156          -341.49890045750806           484.20858831473538            144.8222417949346           73.554557957904009          -1166.1360451595788          -339.83295921152137           4402.7909964521377          -774.21437323017608          -377.95276604297464           37.676605124928919           37.651716554205933           63.048836922089869          -122.74571485609576          -175.32362557956046            155.7039237220942          -151.29422500468593          -129.81187029637746          -54.591007996866367           89.735633679041626          -13.924888157092525           2.3777977362872385          -68.003376056626081           36.556529456527755          -46.519479285070268          -8.0149560268197249          -11.612045602807257
38.238761300872582          -283.87718147999141           45.008155396008895           27.725650336958566          -47.333169892921617           8.5396234166252789          -109.13891025314737           42.222267048071181          -88.293293575479623          -43.084854270104096          -21.640780387426727           65.902955973715464          -31.390976931191801          -774.21437323017722           1150.3454886076513           81.878483072099485          -11.712750994859944          -25.174580047210515          -8.6120782350566198           18.319965150877241           36.152784730794174          -36.453953934982749           30.968690511298728            25.98011317075359           11.210801599628747          -18.323524899373723           2.8401718406953345         -0.49699476385879038           13.873050947747268          -7.4645790343482918           9.4902090539629835           1.6346980927843049           2.3689809470544958
-62.73586730950003           465.73500732281428          -73.841353566121498          -37.165494039033646           75.900274460384466          -6.8056000810806481           179.63010328092543          -64.461452989681703           141.55085998972763           84.160764252948425           31.125718433248828           14.070392837740396           82.097792933884804          -377.95276604297436           81.878483072099357           875.97881280608442          -1.9901873018655516           39.111713454154028           15.130436952994552          -30.306886296024032          -59.165718322758828           59.620076656508743          -50.795455419584954          -42.643239983360985          -18.389797658765922           30.061324835225982          -4.6596729735987932          0.81491414489113367          -22.760441680742918            12.24628898034409          -15.569852466276821          -2.6819382273386854          -3.8866013901835004
8.3497719639381991          -61.998905606916843           9.8297832936027252           1.9721061911221174          -10.839135341564136          -2.6216236874606222           -26.01587854959002            3.598780909477048          -17.155006465853951          -15.264514827624021          -5.5512908492472999          -44.484779808969819          -39.691287710299193            37.67660512492904          -11.712750994859954          -1.9901873018657807           799.21417652770833          -6.9146618646508333          -1.7323992384431817           3.2103021151950468           7.8855776520456313          -8.5081006848680687           6.7720989291244482           5.6152867559812387           2.4570475363438118          -4.0037872314150773          0.62021730934163066         -0.10993425513409294            3.029832845458631          -1.6310425721269133           2.0726318183230359          0.35696693819562242          0.51738557686424969
-309.31900270552325           2226.3284991336509          -353.08850278888042          -110.25841220673884           38.794601552472727           -442.0777302178592          -157.18276033418087          -902.47493264124057           380.08403054804751           -68.73563502074218          -16.131227337330692          -457.56720948839228          -203.21948564512891           37.651716554204704          -25.174580047210199           39.111713454154838          -6.9146618646507552           2413.9442234928488           27.298602668235134          -181.48732609573742           105.34071231844842          -68.387861498371947           99.401383562331503          -120.52328347911075            47.19926252578496           131.27783765311284          -22.171218402505435           -4.307967595120715           -108.7501678007804           53.945392159884456          -74.624216940245773          -13.127650261443016          -18.584484626374433
162.19640889943361          -1202.1920535487743           190.60811217552092          -53.507390641872064          -112.50004569669021          -171.02349294286876          -449.52458591953598           153.73421386963392          -209.24414426954559          -40.607250376899515          -5.7488015252292781            -78.3040992352595          -30.506917125548256           63.048836922089585           -8.612078235056611           15.130436952994719          -1.7323992384431988           27.298602668234494           2433.6264373721901           27.096691734755709           -34.95902762684608          -92.247848650794978          -3.8506443126616503           76.867243047177254           14.318637895257691          -77.241764749227229           12.016784274949003          -1.8798205079998027           58.744746595866914          -31.485471506494314           40.195417661674234           6.9312306223112472           10.032555250762584
-1073.5609128809765          -3383.5191933886354           117.89703727443367          -268.65828314145369           5.2287906796750008          -1265.5062837053758          -634.00362983802961          -634.64678965574853           273.21888777919605           16.642825698099756           7.2335588275588023          -109.67392942789539          -5.7611075420223656          -122.74571485609641           18.319965150877323          -30.306886296025528           3.2103021151947804          -181.48732609573418           27.096691734757258           5232.8463013108812           3324.6346794338879           -430.3896208372434           94.378290370233685           -615.6128630091581           -170.2471417000292          -50.656388707411693          -60.749682550829704          -232.83785094919651          -222.90019679289412            -99.9223279874561          -151.92200123904038          -85.052215949183903          -55.634100453835799
-23.762955112719055           -14030.03637240426           1617.5790744661317          -220.72057238495535          -34.160333826420811          -1076.4372385962211          -587.24527387057196           78.065488439136288          -40.747783222262342           82.674898707630774           19.491213292273898           223.52702125445407           131.42518065822642          -175.32362557955898           36.152784730793314          -59.165718322763944            7.885577652044744            105.3407123184636          -34.959027626844488           3324.6346794338833           12862.615713642343          -580.60685250445704           6.7214726968260265          -757.04369605458089          -324.32722278053848          -214.11694808201446          -97.728703778350166          -336.93573526483749           -219.9806414131213          -236.00677839878773          -120.72597026308534          -80.866913272762815          -24.009590113052582
-2551.7873838770038           7918.6512170151173          -909.09985833350311            -379.236266623191          -208.15144131467065          -1643.7180871909486          -1471.7490674831904          -279.25907772978735          -118.56536560977497          -111.44838631561687          -22.053893234786472          -396.50129507670982          -186.29800257948671           155.70392372209511          -36.453953934982877           59.620076656510108          -8.5081006848678822          -68.387861498372502          -92.247848650795447          -430.38962083724005          -580.60685250446159           6285.2144011258497          -2431.9597066502492          -229.39141216138762          -99.483540456681823          -186.94749372223328          -23.667888796446025          -121.37806739336116            8.777049295608947          -130.45668605049985            25.54883562475959          -9.6086817952746344            13.33670547060774
1787.9786844827881          -8507.0064542790642           1158.1161915357322          -35.809350079529395           18.268466895434585           153.06935391902698           69.614997465757597           221.27460076464547          -13.143149545395204           77.785098925137305           17.085843509725748           204.61355116954331           115.73732072282803          -151.29422500468709           30.968690511298849          -50.795455419585146           6.7720989291240272           99.401383562327908          -3.8506443126590568           94.378290370225272           6.7214726968175569          -2431.9597066502238           6067.5072816681004           64.637289181205688          -26.212501464688245          -25.012384239929133           1.5869572422512022           26.832387562316711           48.391445383504788          -11.381787697052445           42.924356494806545           21.098188665338398           21.420633241300493
-511.82235873415397          -1472.9067706170904          -4.6255878511817627          -114.10788868823205           108.04060515147047          -995.01279190680316          -135.17932883818452          -471.58029530575999           306.30276005122693            63.28636896004879           14.119516768230511           153.13660406492235           91.057964473688656          -129.81187029637701           25.980113170753558          -42.643239983360793           5.6152867559812654          -120.52328347911433           76.867243047178604          -615.61286300915992          -757.04369605458999          -229.39141216138637           64.637289181201666           3348.9598888347277           390.38963871089425           6.7265323321643891          -60.939073282078915          -188.07013157630502          -213.26763266660996          -59.796940217743582          -142.56091159636978          -54.347593670257737          -39.476756076887455
321.91324138500619            -3542.95610589137           477.91047225413331          -78.203498181897288           20.858962553256617          -343.29096059515877          -86.592095783287618           92.006007993875926           29.161198249768233            28.54300973313855           6.2144253522244837           75.903113174624096           42.456298227501904          -54.591007996863816           11.210801599628315          -18.389797658765541           2.4570475363437887           47.199262525789493            14.31863789525633          -170.24714170003858          -324.32722278057503          -99.483540456666631           -26.21250146470058           390.38963871088481           3135.0575457712571          -55.610931167030472          -23.312149500977519          -61.609901694210784          -25.857022249387327          -55.960343025070379          -3.4080692742313943          -2.5049443995869609           7.4446163432380672
-847.52243828662358           2581.1825088713126          -231.73400233587347          -159.95607910297193          -133.21508562957635          -607.30364368748417          -671.86039867605882           335.56905567755359          -245.99558602894407          -46.211153013751854          -10.113706828312731          -120.54941315065224          -68.262161793822401           89.735633679040831          -18.323524899373645           30.061324835227008           -4.003787231415032            131.2778376531142          -77.241764749227585          -50.656388707414521          -214.11694808202554          -186.94749372223174          -25.012384239929311            6.726532332165192          -55.610931167036199           1504.8778061188634         0.096368626996973461          -32.367695482037504           94.554640949349931          -82.545494661465597           71.608300554984282           9.2246533442584564           19.422008582658236
224.31488580701466           -1781.958768464074           240.21196893342403           10.230059405371751           20.114280700447381           24.610529027191831           83.204829212320789          -61.822791977950061           39.503058455115365           7.1491598340625444           1.5662946985061987           18.576810227318834           10.545780769793529          -13.924888157092937           2.8401718406953984          -4.6596729735982869          0.62021730934163521          -22.171218402505573           12.016784274948655          -60.749682550833356          -97.728703778364093          -23.667888796448111           1.5869572422562683          -60.939073282078041          -23.312149500968253         0.096368626997204387           1581.9903782134484          -21.191487363880942          -33.655409422897883          -11.441142783654467          -12.819131326936308         -0.27862605390274098           2.9495667309336113
-498.27773611668289           575.52906255606581          -136.39229399288786          -22.401749524151569           -4.105691785585357          -223.91414440692725          -85.443722462567209          -39.598449557361945          -1.2747270453666673          -1.3020162895184733         -0.27910978021609001          -3.6566756393653033          -1.9761271529443913           2.3777977362868477         -0.49699476385870778          0.81491414489120739         -0.10993425513406818           -4.307967595121351          -1.8798205079995345          -232.83785094919631          -336.93573526483499          -121.37806739336243           26.832387562319013          -188.07013157630468          -61.609901694212162          -32.367695482037938          -21.191487363881098           1427.0354119141546           4.3779776735683136          -41.674334782967911          -43.937753739028949          -21.125609928410864          -13.255030889094428
391.17327597119566          -3256.1904565161299           281.11622491854638           113.81929390372045           100.84840677996417            242.4628909581408           436.06980043947578          -313.99512367707325           192.49803426552506            34.93267235488814           7.6518788987717326           90.835606158040605           51.542535312123448          -68.003376056623182           13.873050947746643          -22.760441680743391           3.0298328454585253          -108.75016780077746           58.744746595864115          -222.90019679289713          -219.98064141313588           8.7770492956232999           48.391445383489078          -213.26763266661058          -25.857022249389566           94.554640949352972          -33.655409422903759           4.3779776735678553           1816.9999403833851           18.188785635989138          -107.90369308388026          -29.274486538208947          -26.649550694810159
-619.57794087126854           1349.3334843299522           -119.8225382535478          -75.507834483572452          -54.701685083012762          -258.72657174031326          -275.61711709989129           141.20685245465666          -100.39722964990163          -18.825080181085358           -4.120062793308227          -49.106872136094559          -27.807724873529033           36.556529456527237          -7.4645790343482021           12.246288980344399          -1.6310425721268622           53.945392159883603          -31.485471506494015          -99.922327987455319          -236.00677839878665          -130.45668605050318          -11.381787697048225          -59.796940217743085          -55.960343025071602          -82.545494661466961          -11.441142783653726          -41.674334782968074           18.188785635988545           1180.5947102631583          -53.404747761702815          0.75919475123559721           10.307683204825253
344.87103387217604          -2269.7056736007198           171.18388247937082           83.346620117102987           69.216969777164522            172.2156380904118           299.43919412402425          -217.07961684606764           131.77026520849262           23.896519056901226            5.234454772473768           62.137955667245627           35.258830051503168          -46.519479285071306           9.4902090539632322          -15.569852466276961           2.0726318183230767          -74.624216940245773           40.195417661673837          -151.92200123904104          -120.72597026308199           25.548835624761942           42.924356494795148          -142.56091159637197          -3.4080692742294474            71.60830055498316          -12.819131326936574          -43.937753739029432          -107.90369308387666          -53.404747761702566           1260.0860837205869          -24.207962451769653          -24.557538624030485
-205.30214578375788          -76.406666313833128          -105.22187030710356           13.814376947422879            11.90904628853534           22.630050037864329           49.286103847805009          -39.097425325841705           22.884188329892314           4.1145289787227481          0.90147544038087579           10.690028371705933           6.0690865196235064          -8.0149560268195561           1.6346980927842754          -2.6819382273386307          0.35696693819562597          -13.127650261442675           6.9312306223111078           -85.05221594918396          -80.866913272763043          -9.6086817952743999           21.098188665337755          -54.347593670257872          -2.5049443995868592           9.2246533442587868         -0.27862605390297635          -21.125609928410807          -29.274486538209324          0.75919475123567803          -24.207962451770126           379.50343133446245          -18.345058520596773
88.482893969774608          -645.59214689888233          -32.746150530399277           20.935414963321882           17.282143083026938           44.198214259034984           75.134269250053606          -53.923365895162775           32.862790156295759           5.9654127291397332            1.306671053107237           15.513299161612048           8.8021455810374984          -11.612045602806786           2.3689809470544363          -3.8866013901837206          0.51738557686423636          -18.584484626374405           10.032555250762083          -55.634100453838094          -24.009590113058259           13.336705470609079           21.420633241298148          -39.476756076887042           7.4446163432385646           19.422008582658815           2.9495667309329154          -13.255030889094261          -26.649550694810465           10.307683204825425          -24.557538624030112          -18.345058520596695           380.06830384933596
