440
29
-441           5.9780785211732228
-441         -0.34836938387497113
-441         -0.27990527892626776
6130            3.196210999455475
6130           4.7846884470294881
6131          0.23882182947769981
6131           5.0833012418965282
6230           2.9326029197524939
6230           1.7731784570352618
6329           5.6316370408148337
6329          -1.4626913373624866
6330           2.6538732136805021
6330          -1.1771270399414844
6430           2.3897009319864635
6430          -4.1688677415823729
6229           5.9380059338917803
6229           1.5104750170814134
6429           5.3320951408045509
6429          -4.4729246743621749
6129           6.2193242168367826
6129           4.4593843340931354
6328           8.6065949291117185
6328           -1.780025067530322
6228           8.9102164782960518
6228            1.204892382591451
6428           8.3094274038359597
6428          -4.7650759456235727
6128            9.158709238462448
6128            4.164345570436538
12786.351061029281           18355.834615684733          -2480.6874092972794           576.99500651114488          -302.59150171519281           15.332442653135246         -0.55369980022191889           1278.8755716937326          -867.88671610416645          -10009.324801408149          -3639.3809055754364          -1427.8253892226965          -1126.6909624930904          -423.08245756738415          -193.66041779876801           507.76663534734325          -2027.4136484028791          -1726.5362178006876          -803.38937920031185           400.39027948885587          -681.30894957076362           -979.2930365512085          -1583.7066544847096          -243.95168184291799          -1070.9628157828959          -568.60479045938018          -336.08634017287426          -200.21575036730576          -180.60152105170528
18355.834615684686           70945.583071058281          -11088.330303101451           2069.5575701288731          -1082.9762605314527           54.870100745785862          -1.9814959125539797           4595.0558998382239          -3108.7747894393192          -17895.580087733495          -13393.433803608881          -5087.8957788403995          -4028.3023443000102          -1513.3734380126643          -693.02576770597443           5393.0114108792759          -8571.0605684086968          -5047.9486860536808          -3072.6030016584255           1785.7865111823792          -2494.6134720806212          -2707.7900315520233          -6256.8790512104506           841.40395710514713           -5607.553540769848          -1460.3881446744679            -1623.60995780248           570.30376405432571          -1179.3749440745378
-2480.6874092972771          -11088.330303101473           8493.8531462275223          -346.95296467785727           181.61687376458684          -9.2019273422505474          0.33230515535591432          -770.13768018255132           521.27974810376304           2486.9039880547671           2399.1505369450383           853.82041503802088           675.65877145642162           253.81674030486724           116.22374250475144               -804.246676987           1401.3581271419544           608.84689309024736           536.76821342972505          -290.27248639586753           416.87252203345412            301.0586391794148           707.26844986354263           44.917676304649433           595.38350405620793            65.67394627627715           150.87645997908999           94.363633865076025           59.732312481619374
576.99500651113954           2069.5575701288594          -346.95296467785482           2952.0049260681235          -30.399148174339317          -4.9916211162153257           0.1092092183041414          -1163.7167625957843           586.03256301061299          -566.91470560603636           113.60973628744534          -548.52604119670059          -137.00595843315517          -31.163677328667656           45.003356110224985          -220.56794637624847           343.04087039712283          -236.95533187933478           115.41639160513854           3.1985444725058372           55.663602717856278          -123.88115444937591          -129.17187969463501           16.433798004826009          -132.24865029127542          -69.070666380184804           -30.39578601024872            30.63580519212168          -24.303998818833179
-302.59150171519912          -1082.9762605314857           181.61687376459236          -30.399148174342976           2651.1272233974423           8.5503092914062631         -0.30471338452531516            302.1233174143112          -295.54967315124571           214.97107966518604           -105.7289858558361          -221.24638296424297          -340.84377112332373          -113.18631953654275          -75.512768262883668            2.035832280736642          -150.29319164406388            126.5674153634512          -42.201699874953533          -68.295198724575869          -1.0917494834964074           56.425097819519969           83.014067436644794          -21.828342220064382           78.624708460789492           35.780118438610629           16.010763815996238          -16.147567100552447            12.75688452041129
15.332442653135962           54.870100745788122          -9.2019273422509151          -4.9916211162153088           8.5503092914062524           241.79014300406891          -1.1374257349105152          -10.586681031445481           22.220381904240273          -13.736998641684989           5.6222252698238702           3.2039781739835296           24.408160070141541           3.0059701141101476           8.4765445301778435          0.26859683464368977           7.9700460377833364          -9.7136141380542931        -0.047444781586074347           4.5502446174245064         -0.71275538151567897          -2.8659529577212255          -4.3127030509429467            1.138275564676857          -4.0254784071955303          -1.8120968270019258         -0.81141515857866997          0.81836921194759582         -0.64641963527121504
-0.5536998002219311          -1.9814959125540137          0.33230515535592037          0.10920921830414054         -0.30471338452531371          -1.1374257349105155           200.03808089868525          0.23957065950619816         -0.71232885074701613          0.43428482060840956         -0.20337313294447595         -0.27816690377116982          -1.0161458136665462         -0.19483130104319821         -0.31720596163928666        -0.073683470667028433         -0.28072000565305261          0.34716508930380657        0.0024185702913440965         -0.16489503056994848         0.025787113306542635          0.10334482535790186          0.15573629258249352        -0.041227768624630678          0.14538061554762693         0.065435374283128289         0.029303361748788399        -0.029554611656741343         0.023344244375596457
1278.8755716937026           4595.0558998381184          -770.13768018253245          -1163.7167625957959           302.12331741431797          -10.586681031446085          0.23957065950621864            8242.243827872433          -2822.6949588953644          -1627.9685584879257           92.197572766127564          -3239.2328810034401          -946.52903938432451          -195.85315507773225           99.867414708189145          -794.55938248458324           922.09078266295853          -777.27944823759231           269.81958795144124          -94.087535131551448           117.95578742344004          -344.99860974806063          -352.75594255860062           7.0210828483308489          -326.47581561641437          -154.59459970211896          -67.131181422960296           67.626017904460056          -53.830245475309766
-867.88671610414315           -3108.774789439246           521.27974810375008           586.03256301061663          -295.54967315124861           22.220381904240643         -0.71232885074702823          -2822.6949588953403           4816.5494998297881           866.85774869915781           -238.5631395247367           813.88074091316219          -212.47220657095156          -80.872184168556984          -187.99541307461868           247.46080026822204          -506.63005245072418           476.71831958485933          -135.09425443255009          -162.87601026011384           1.9529350857619292           179.25827556250627           244.35754819016657           -50.73425901918344           226.72015364026208           103.11311959843549           45.843864740345317          -46.224150098587316           36.576620375502671
-10009.324801408133          -17895.580087733459           2486.9039880547534          -566.91470560604205           214.97107966518274          -13.736998641683645          0.43428482060837847          -1627.9685584879655           866.85774869919101           20338.843398409404           6737.7405115891588          -327.32748554815703           283.59978488255638           121.95358692868666           122.33804534280327          -3655.2605625749475           2589.0670786838327           -905.6987062968833           339.09893429814633          -801.84744679323239           330.24224700720015          -648.04020075748258           189.58156539867127          -748.66526301033593           541.56252868196702          -354.18919077695477           84.143753983702368          -228.53647236057202            67.47055052678661
-3639.3809055754095          -13393.433803608807           2399.1505369450219           113.60973628743704          -105.72898585584176           5.6222252698246855          -0.2033731329444981           92.197572766088683           -238.5631395247126           6737.7405115891297           11312.884870208449          -959.50113836272294          -528.88180839453685           -179.0849041084424          -74.432130298583473          -1147.9958543654823           198.24089183370222           -128.0706051156132          -234.02276192103449           -379.0798569574265          -91.658553433906235          -76.069088212740326           243.21369511329914          -415.12668666327789           321.27784524361726           205.98032212683182           137.62430612108037          -216.75466271924608           144.44050914552827
-1427.8253892227194          -5087.8957788404996           853.82041503803453            -548.526041196699          -221.24638296424706           3.2039781739837228         -0.27816690377118075          -3239.2328810034578           813.88074091318504          -327.32748554812503          -959.50113836271714           10401.230329127098           4634.5457227014385          -1418.0346719711006          -240.92715994530079          -1135.7405666974678          -198.03551285793304          -373.25991356674871          -310.46193194439644          -590.00109302579483          -84.881105234876458           135.36400948401439           393.50508307243211           -209.7601747826991           382.04916815520573           164.64510279219601           76.216000861393439          -76.965037452353926           60.301624704196456
-1126.6909624931209          -4028.3023443001375           675.65877145643992          -137.00595843315443          -340.84377112332572           24.408160070141619          -1.0161458136665504          -946.52903938434417          -212.47220657093388           283.59978488259958          -528.88180839451434            4634.545722701434           7376.4239528448925           -1111.850189721441          -358.30826356788572          -524.12702402773994          -415.50956778063846           240.30920499047141          -147.95244792989573          -379.70081382320132           28.561913985192525           187.90980635090992            315.6625922302419           -101.5939797945511           297.08546472292034           132.45048466821504           59.739100290429676          -60.267652835126128           47.519581626403124
-423.0824575673646          -1513.3734380125877           253.81674030485493          -31.163677328664569            -113.186319536544            3.005970114110383         -0.19483130104320329          -195.85315507773265          -80.872184168556657           121.95358692866202          -179.08490410846991          -1418.0346719711081          -1111.8501897214487            2870.958845441754           217.74001481204687          -172.72257881107609          -167.46566493036249           91.759139241484505          -73.424101019679568          -127.68765373206543           8.3154135353789229           74.828439724981692            118.7744939664563          -34.776234098463988           111.31943806398303           49.869748429782717            22.41132847495226          -22.606507977373965           17.840640190408294
-193.66041779876781          -693.02576770597523           116.22374250475158           45.003356110225809          -75.512768262883739           8.4765445301779003         -0.31720596163928855           99.867414708186274           -187.9954130746176           122.33804534280279           -74.43213029858498          -240.92715994529897          -358.30826356788464           217.74001481204499            2048.698792462334          -26.515616605384253          -95.147156847934028           95.066373277032952          -16.308851914320446          -57.331150494144424           8.3956499838323779           36.046913865214215           54.464436510986062          -14.497752003316918           50.853452755872695           22.883397891055989           10.249549102507073          -10.337501803803221           8.1648927334745167
507.76663534737258           5393.0114108793869           -804.2466769870141           -220.5679463762433           2.0358322807311708          0.26859683464338069        -0.073683470667028406            -794.559382484563           247.46080026821187          -3655.2605625749975          -1147.9958543655241          -1135.7405666974541          -524.12702402772686          -172.72257881108695          -26.515616605385976           8873.1037174510002          -3629.1739185650649          -528.86395933988047            84.62057242718069          -1009.5140596478278             226.556387659987           -415.6137204402678           377.65152558015973          -716.52875574190421           623.92330681193073          -86.371652875256927           144.75621191750832          -176.41685569459841           86.145159458662874
-2027.4136484029289           -8571.060568408886           1401.3581271419771           343.04087039711203          -150.29319164405501           7.9700460377834297          -0.2807200056530389           922.09078266294102          -506.63005245072083           2589.0670786839269           198.24089183379056          -198.03551285795629          -415.50956778066018          -167.46566493034749          -95.147156847932109          -3629.1739185650622            8740.624876418593           532.80839649693576          -264.79726751995872           607.24873916871547          -278.72795436693855           417.97747509708211          -65.857591216166554           356.93227777429581          -199.87224128746979           231.01721827366225           11.464937661374108          -29.379044025517373           44.353544225415135
-1726.5362178007106          -5047.9486860537745            608.8468930902618          -236.95533187933398           126.56741536344954          -9.7136141380543499          0.34716508930381407           -777.2794482376006           476.71831958486439           -905.6987062968434          -128.07060511558836          -373.25991356676025           240.30920499046414            91.75913924148756           95.066373277033676           -528.8639593398816           532.80839649694769           4971.0045043105829           290.38968971770413          -121.71506093297114           38.797809101320553          -179.40524679820226          -57.382426407609614          -109.35925195053554          -19.937089215910362          -60.609951423608848           -8.752151685059161           1.7231854181590336           -8.069520899779036
-803.38937920031174          -3072.6030016584327            536.7682134297238           115.41639160513239          -42.201699874954812        -0.047444781586082563        0.0024185702913496754           269.81958795144419          -135.09425443255461           339.09893429814929           -234.0227619210292          -310.46193194440326          -147.95244792990079          -73.424101019680052          -16.308851914320421           84.620572427189188          -264.79726751996867           290.38968971769611           3782.1318702997874           4.9999740546628715          -72.431099167524252           64.515960880511955           57.841903323893675          -28.814428365316331           53.396551721033461           84.580235094501873           33.294236695275899          -42.476433323592147           33.490195206257113
400.39027948887372           1785.7865111824556          -290.27248639588021           3.1985444725092975          -68.295198724575172           4.5502446174245268         -0.16489503056994803          -94.087535131551022          -162.87601026011606          -801.84744679325354          -379.07985695743218          -590.00109302579779          -379.70081382320348           -127.6876537320685          -57.331150494145362          -1009.5140596478132           607.24873916869637          -121.71506093297724           4.9999740546536984           2719.0772150703338          -121.78212013831001          -122.30857180945443           164.98496815536006           -232.2518082839444           219.40952445102448          -14.880174799260828           33.665439820120042          -12.587229922449509            4.306247381920457
-681.30894957076293           -2494.613472080614           416.87252203344997           55.663602717855994          -1.0917494834987878         -0.71275538151575901         0.025787113306544873           117.95578742344293           1.9529350857621921            330.2422470072039          -91.658553433912061          -84.881105234877339           28.561913985189619           8.3154135353788945           8.3956499838322358           226.55638765998515          -278.72795436693991            38.79780910131398          -72.431099167523911          -121.78212013830873             2621.18005437293           57.014397644388175          -6.1644721527609576           22.464431837917743          -15.453210535542397           60.885056797974443           18.308436570822522          -28.950622800832022           23.559783465562759
-979.29303655121657          -2707.7900315520596           301.05863917942099          -123.88115444937679           56.425097819517951           -2.865952957721241          0.10334482535790443          -344.99860974806461           179.25827556250874          -648.04020075747451          -76.069088212734187           135.36400948401359           187.90980635090739           74.828439724986069           36.046913865214506          -415.61372044027303           417.97747509709183          -179.40524679819791           64.515960880513219          -122.30857180945198           57.014397644387032           2744.8814797644964           761.13869725873076          -88.106527529176745            4.219692805284339          -50.897574266832194          -6.5945548228223387           3.9221598951095586            -8.23576340481236
-1583.7066544847421          -6256.8790512106043           707.26844986356878          -129.17187969463694           83.014067436640545          -4.3127030509429236          0.15573629258249805          -352.75594255861682           244.35754819017683           189.58156539871496           243.21369511334626           393.50508307243769           315.66259223024065           118.77449396646247           54.464436510985507           377.65152558014057          -65.857591216137251          -57.382426407606282           57.841903323890676           164.98496815536214          -6.1644721527616042           761.13869725873826            4012.053589485387            112.4276191876417          -179.25051546244043          -31.320511429446725          -34.591733958474478           44.337719803811723          -26.665704157089294
-243.95168184293061           841.40395710509858           44.917676304657263           16.433798004824361          -21.828342220062385           1.1382755646767735        -0.041227768624627986           7.0210828483312326          -50.734259019183412          -748.66526301032138           -415.1266866632692          -209.76017478269577           -101.5939797945482          -34.776234098464634          -14.497752003316418          -716.52875574191114           356.93227777430889          -109.35925195053224          -28.814428365312981          -232.25180828394596           22.464431837918006          -88.106527529175139           112.42761918764511           2409.8045718873595          -370.88001163393994           18.462631862401338            44.15187462319102          -69.538427175099912           38.937137744343772
-1070.9628157827992          -5607.5535407695052           595.38350405615233          -132.24865029126556           78.624708460779601          -4.0254784071952479          0.14538061554761605          -326.47581561640686            226.7201536402543           541.56252868186039           321.27784524354752           382.04916815518163           297.08546472289879           111.31943806398404           50.853452755869405           623.92330681197609          -199.87224128754548          -19.937089215937718            53.39655172101881            219.4095244510377          -15.453210535554518           4.2196928052697942          -179.25051546247369          -370.88001163394165           3603.8970644491333          -21.956180854388762          -47.789546209536404           67.383516490833898          -37.109245955336064
-568.60479045937996          -1460.3881446744701           65.673946276276723          -69.070666380185443           35.780118438610039          -1.8120968270018865         0.065435374283127873          -154.59459970212106           103.11311959843719          -354.18919077695574           205.98032212682952           164.64510279219809           132.45048466821521           49.869748429782597           22.883397891055651          -86.371652875255648           231.01721827366126          -60.609951423609481            84.58023509450237          -14.880174799260047           60.885056797976986          -50.897574266833345          -31.320511429450768           18.462631862401285          -21.956180854383671           1092.2110265727656           13.416725807046017           37.428621959904476          -31.397882301238951
-336.08634017289592          -1623.6099578025573           150.87645997910127          -30.395786010250536           16.010763815996484         -0.81141515857871127         0.029303361748789988          -67.131181422963977           45.843864740347854           84.143753983729084           137.62430612110256           76.216000861395202           59.739100290429008           22.411328474955333           10.249549102507579           144.75621191750315            11.46493766138213          -8.7521516850583136           33.294236695277384           33.665439820118038           18.308436570828789          -6.5945548228205091           -34.59173395847106           44.151874623189634          -47.789546209527543           13.416725807047875           1100.8196489550282           31.698946780794881          -20.671269970743424
-200.21575036730286           570.30376405433617           94.363633865074419           30.635805192122255          -16.147567100552106          0.81836921194756029        -0.029554611656740427           67.626017904461378          -46.224150098588503          -228.53647236057699          -216.75466271924921           -76.96503745235394          -60.267652835125759          -22.606507977374875          -10.337501803803214          -176.41685569459852          -29.379044025516798           1.7231854181604023          -42.476433323592261          -12.587229922449758          -28.950622800833386           3.9221598951099477           44.337719803813371          -69.538427175099315           67.383516490829948           37.428621959904504            31.69894678079568           644.01819230969272           32.636366679708374
-180.60152105169448          -1179.3749440745137           59.732312481612752          -24.303998818832845            12.75688452041063         -0.64641963527121304         0.023344244375596943          -53.830245475307812           36.576620375502898           67.470550526773195           144.44050914552145           60.301624704193983            47.51958162639793            17.84064019040769           8.1648927334744723           86.145159458671117           44.353544225402914          -8.0695208997808763           33.490195206254029           4.3062473819194844           23.559783465563743          -8.2357634048139179          -26.665704157091913           38.937137744343403            -37.1092459553346          -31.397882301240791          -20.671269970745211           32.636366679709624           679.29911519228142
