104
33
-105           5.9833977458887118
-105         -0.02055344388211065
-105       0.00098912850228255857
1417          0.62012872547282516
1417          -5.8056596825987805
1514          0.60771726911402935
1514           3.7164970808850253
1515           1.5814855709365203
1515          0.82391963567175619
1516           2.5179091566853349
1516          -2.0496138271030477
1517            3.484963560483509
1517          -4.9020585542805426
1614           3.4752291553032078
1614           4.6070906843153896
1615           4.3973296127335422
1615           1.7367617702760678
1616           5.3420310944636329
1616          -1.0837960905786275
1617           6.2651280320547658
1617          -3.9491934812017377
1715           7.2688897941525594
1715           2.7029968274447818
1716            8.208674145056051
1716         -0.16442841707533973
1717            9.153293669728706
1717          -3.0373167500065223
1714           6.3325752923332086
1714           5.5977753867090705
1816           11.051169876216116
1816          0.75015043306634321
1815           10.151993275172332
1815           3.5942259420441469
5175.252434700863           770.46946058556534          -257.17632068684645          -1.9732906936957662         -0.18081112508033703           2.4654763354246043          -0.2802271970751673           21.750870879930979          -15.507471951165869          -29.599213341856583          -15.991575159287905          -19.450482006102611          -9.5481363554342451           12.615941811541582          -9.4500266868240033          -46.978736382997141          -23.965942209562058           -1761.380948586291          -529.16158670511686          -739.58420725096801          -74.768570032176797          -890.22543070067491           318.82860533830217          -368.60597275395946           -119.6181397050762          -440.36361662085977          -93.593517910508979          -357.04492717330152           1.6646225695783166          -307.53772260878276          -19.862032748361685          -245.70715187329989          -31.668954345901454
770.46946058559035           78146.064041977646          -11085.585448721331          -291.24510587025907          -26.713172608857008           364.83661476376392          -41.415985060282367           3348.9769030193884          -2320.1582798897989          -4031.8552314683252          -2322.3750562454097          -2392.4422054242477          -1402.3231428972797           2258.6802190578305           -1412.951977514319           7762.6385148871686           -6493.544859976595          -10177.608970556994          -13271.253662647552          -3864.4754228388883            -4075.13133865902           5297.5292146581196          -6705.8542391792926          -71.198823880540203          -10617.490370659872          -1275.3789357547957          -3470.0322785535081           2238.6474334592631          -1714.2243013994871           191.84147325971952          -1564.5253505966539           402.97443510533594          -933.82932321623957
-257.1763206868502            -11085.5854487213           8611.6528954796395           45.591706411073375           4.1816995991071764          -57.111822461623603            6.483289437158863          -524.25862542870163           363.20084855637617           631.13111568391196           363.54411539265629            374.4886254135273           219.52024117534802          -353.59681095006675           221.18544575645072          -1215.9644669842987           1016.6639939519844           1579.0558353148776           2073.9103004287845           351.81316128350318           605.59835737814046          -548.56533697708642            896.6083330099334          -17.475650163089099           1221.6331678402103           47.697532798401937           373.97787518022216          -179.47843314585458           248.05610744011184          -6.0866246536085171           55.150845416318589           46.595696619321473           7.3151202581702819
-1.9732906936960339          -291.24510587026475           45.591706411074298           535.59141002992021          -4.9324192119262156           52.516171572471649          -7.3234830165305835          -16.288696010806433          -97.810728637206282          -100.46452759061484          -112.69366982771804           -29.91148325591049          -39.761064197454559          -4.7054851021382706          -38.855116915047397          -27.123847016640486          -57.188294912948351          0.42445138246654557          -48.518131437832047           35.374599545332593           8.9628895010687089          -31.132693633106353           21.390597392676039          0.74861589014480034           31.821769490003973           9.9305115823908814           11.951337737644273          -15.102845754028744           1.3072224025865216         -0.95568065651212475           5.5267424786249251          -2.5611851438558002           2.9113708631745681
-0.18081112508037095          -26.713172608858308           4.1816995991073735          -4.9324192119262378           599.34540893837323           7.1022813691615836          -1.0732412476480599             9.92202827521362          -19.699941773531826          -5.1971583550134257          -8.5759615436831496          -1.3175450281360486          -3.7907596647017989          0.70715424702918472          -3.7480366291666432          -1.1948060293638232          -5.7274666933304541           1.3766425033879555          -4.2513259132242149           3.2750465423440067          0.81788593682549604          -2.8252618000757455           1.9565800353484342         0.082336917847022587           2.9175862456044515          0.91124122524366491           1.0961369271285757          -1.3848463470686039          0.11989506637807526        -0.087633136043586204          0.50690916488116855         -0.23490330571182227          0.26703313144419916
2.4654763354250404           364.83661476376869          -57.111822461624598           52.516171572471755           7.1022813691615845           1250.0098785673767          -51.064147088366184          -436.51931792039142           510.75171848376692          -8.0974818527442203           72.412815488746631          -9.6540330811425488            50.68948002241504          -41.707747784877725           51.838649732115172           -19.43526586507101           89.880373616835087          -47.473159643086269           55.890801458305596          -45.398673772446287          -11.078090859354603           37.921433295617511          -26.603898159076294          -1.4250163890266689          -39.822365649925544          -12.454312083037363           -14.96952131222829           18.904921630288186          -1.6373823911097021           1.1963608266701891          -6.9229877708727372           3.2079826873547823          -3.6470301681869728
-0.28022719707522814          -41.415985060283816           6.4832894371591081          -7.3234830165305871          -1.0732412476480608          -51.064147088365999           605.89850987243187           23.275351995458628           -37.67585029126964          -5.5768040873572842          -12.036407696761014          -1.1398598831719244          -5.9155045470117056           2.0250837222509204          -5.8826321567624165         -0.82289421313581712          -9.2361572904827085           3.0458251667765421          -6.5272952092781278           5.0947855272046176            1.265682284143268          -4.3632294226286774           3.0304424472535207           0.1353596273525241           4.5227788204918502            1.413014764545562           1.6994194843882877          -2.1468367788539444          0.18588244835926104          -0.1358533738190387          0.78590584124130203         -0.36418735631494403          0.41400726123535136
21.750870879929842           3348.9769030194489          -524.25862542871118           -16.28869601080693           9.9220282752136768          -436.51931792039096           23.275351995458681           10139.151524408813          -5230.7709849446856          -2619.8700638191126          -635.13319350528718          -650.39577511474135           296.05864668331515          -1151.6643670007331           400.81953542541783          -1272.3935417303439           1320.5070908786524          -1020.7844279027553           284.51656941344174          -559.91524149529391          -74.900722917926828           199.44229543102571          -216.26598858101764          -79.884456648706376          -360.02614837701122          -116.32051072290299          -137.18235841370603           171.60303141154338          -15.009931276828773           10.872144527835321          -63.515033466406067           29.397954018883652          -33.479858146784863
-15.507471951167268          -2320.1582798898789           363.20084855638811           -97.81072863720587          -19.699941773531894           510.75171848376692           -37.67585029126974          -5230.7709849446983           7797.0786752978311           762.23727041774862          -47.849580975866104           224.83049650816446          -269.53892740111331           506.69090515360062          -306.40011698169315           438.35960267663927          -703.96385407469586           474.33067781691608          -305.63425850928792           317.29109646535608           65.989601394250286          -212.30207943895579           163.94289445547827           22.077975839440903           252.17547280537275           79.591697732263896           95.153287001559221          -119.84827226219724           10.408899891306742          -7.5868142125804887           44.019780669874535          -20.391370719828885           23.193545074655503
-29.599213341857343          -4031.8552314683579           631.13111568391969          -100.46452759061512          -5.1971583550135456          -8.0974818527444938          -5.5768040873573455          -2619.8700638191081           762.23727041774134           7368.4457938194018           2187.8701213884015          -828.82137112542614          -330.47996975649721           -312.6533293873527          -273.87845286390632          -1005.0241987478354          -127.84710458714255          -483.91619226718865          -930.76047784950413           47.969229531140513          -37.841567413223146          -596.31036414419088           156.76458736849631          -155.03607033529482           347.73743695417062           132.29737614494431           166.04103823550219          -214.08389026351199           18.148985565660698          -13.514258654825259           76.596998726536185          -35.583704648826256           40.297502885312042
-15.991575159286946          -2322.3750562453843           363.54411539265448           -112.6936698277181          -8.5759615436832419           72.412815488746574          -12.036407696761055          -635.13319350528366          -47.849580975869884            2187.870121388401           3670.3691530985097          -294.66575965508883          -227.36621312538719           -34.29699032450678          -214.10409576480743          -246.53174448573023          -322.16222119702707          -57.449057414535986          -403.42247615180065            206.7595498989422           36.568185310723187          -269.55722052422516           144.96196153939161          -13.684420240107976            247.7375411911336           78.603329723041156           95.366059384510436           -120.9925771273942           10.429628625280738          -7.6525262316133595           44.079827598369548          -20.437157768122091           23.214451556086033
-19.450482006102721           -2392.442205424346           374.48862541354129          -29.911483255909715            -1.31754502813597          -9.6540330811423019           -1.139859883171944          -650.39577511474147            224.8304965081619          -828.82137112542136          -294.66575965508576           3183.7952004349872           4.7702746195585775           -31.43154180262411          -86.760647136497141          -411.76063011583165          -62.080507701758108          -283.51364569956218           -563.1005195838294          -32.496449382720158          -72.993409747849469          -255.03014850716562           17.565329063004967          -94.801147666468097           87.817765383369135           74.170950617192574           98.929247427556646          -131.15284991012325            10.80430722521791          -8.2542075807528779           45.523828627011653          -21.220590347597266            23.90689156213557
-9.5481363554351049           -1402.323142897304           219.52024117535296          -39.761064197454331          -3.7907596647017687           50.689480022415466          -5.9155045470117376           296.05864668331293          -269.53892740111212          -330.47996975649551          -227.36621312538546           4.7702746195632244           2923.5926032750826           78.532810614658075          -107.26488825973757           9.7200815503334539          -242.54012272985022           35.539372787311521          -211.45118339635792           115.15257648879304          -5.7388652683875705          -115.33800727235744           49.935859494183973           2.4244052860503693            114.3208259429485           47.706450136241905           57.553911859261582          -72.821199066343681           6.2949602395893596          -4.6073716670924574           26.612644174822776          -12.334540949944582           14.017905109510366
12.615941811544129           2258.6802190578528           -353.5968109500713           -4.705485102138482          0.70715424702923357           -41.70774778487764           2.0250837222510025          -1151.6643670007329           506.69090515359989          -312.65332938735361          -34.296990324508926          -31.431541802620984           78.532810614658587           3328.0233599271805          -102.32408284762434          -712.66994516110162           631.52291310496707          -339.85994964101133           110.35982853721134          -235.58260989798558           64.173316683161389          -21.149373669281701           28.305575978542922          -102.85797445487714          -84.454235672925392          -83.096206710053238          -91.966545822242523           111.22387751037508          -10.074036846133037            7.076750200969057          -42.758286178840081           19.712010367004169          -22.585603916381615
-9.4500266868245113          -1412.9519775143165           221.18544575645089          -38.855116915047674          -3.7480366291666547           51.838649732114881          -5.8826321567624618           400.81953542542152          -306.40011698169474          -273.87845286390461          -214.10409576480572          -86.760647136500182          -107.26488825973922          -102.32408284762953            2860.586062070684            54.45565757957629          -270.27046023389573           61.433363827399333          -196.88273042195485           128.60574562652823          -5.5526725444656719          -105.35879125649501           49.330921505400411           10.396756660843256           116.53325394313352           48.455831617669226            57.94771235598617          -72.999503110972228           6.3389327466078749          -4.6210548663644797           26.807818544497422          -12.418474316979484           14.124608485336353
-46.978736382994981           7762.6385148871586          -1215.9644669843008          -27.123847016638905           -1.194806029363761          -19.435265865074257         -0.82289421313544864          -1272.3935417303496           438.35960267664427          -1005.0241987478291          -246.53174448573151           -411.7606301158213           9.7200815503376248           -712.6699451611089           54.455657579576496           9186.6715646542343          -3525.4444229547225          -2671.3931345090168          -1358.7541360308085          -950.20836749021851           82.129224801734352          -708.90208591736973            323.7341576355405          -640.92773052504447          -35.464449082053733          -348.05224682998892          -131.17206459751748           69.421582726453948           12.953972321759423            13.06695823974988          -143.48629214189305           62.682652954379421          -77.863469494920082
-23.96594220956554          -6493.5448599766505           1016.6639939519953           -57.18829491294963          -5.7274666933303688           89.880373616836295          -9.2361572904828648           1320.5070908786497          -703.96385407469472           -127.8471045871471          -322.16222119702388          -62.080507701767317          -242.54012272984932           631.52291310497094          -270.27046023389676          -3525.4444229547071           7015.6544393121549           926.76419466356901           -180.1244048216472           638.92753000647781          -98.856336406890961         -0.39489459357525902          -29.621762789742434            262.3266747256788           270.47456429024606           245.63343065889859           232.02817465588672          -275.31437605677456           21.938281996635116          -18.812308603587049            122.4551739977378          -55.980960633177574           64.964861878347619
-1761.3809485862937          -10177.608970556757           1579.0558353148497          0.42445138246415581           1.3766425033875933          -47.473159643081885           3.0458251667759519          -1020.7844279027347           474.33067781689806          -483.91619226721275          -57.449057414537947          -283.51364569957707           35.539372787305012          -339.85994964099513           61.433363827396988          -2671.3931345090114           926.76419466355583           12699.819933402872           6185.5000064907099          -1480.7500667455829          -265.72523670578704          -1570.8618736600079           461.45791024764731          -904.23327547149472          -79.569604322170846          -673.57166506079989          -65.066953321939479           -661.1627086573867          -37.374507161614318           -216.0156577010442           101.86015063611467          -173.01418271109299           82.953875156253162
-529.16158670511459          -13271.253662646908           2073.9103004287012          -48.518131437836416          -4.2513259132248855           55.890801458312751          -6.5272952092791456           284.51656941347926          -305.63425850932208          -930.76047784954903          -403.42247615181282          -563.10051958386077          -211.45118339637077           110.35982853724738          -196.88273042196084           -1358.754136030763          -180.12440482170655           6185.5000064906708            12540.71021940955          -500.48750650962342          -344.93147500666794          -1136.3134410886805           175.33819361239151          -496.43519996331497           189.23352660100949          -75.627405831111417           222.43980689127068           -663.4920864910132          -17.340996008272441          -94.787326009052961           244.77870994531258          -140.05538372030117           129.89238162987021
-739.58420725097005          -3864.4754228389052           351.81316128350579           35.374599545332629           3.2750465423439845          -45.398673772446998           5.0947855272046478          -559.91524149529664           317.29109646535369           47.969229531145118           206.75954989894564          -32.496449382722972            115.1525764887935          -235.58260989798353           128.60574562652818          -950.20836749021544           638.92753000647576          -1480.7500667455768          -500.48750650959835           4571.0050454178154           545.82180578512748          -212.05494946863411            43.92370938815386          -229.55210047534825           -149.2089600357873          -185.18922242411003          -79.078349369752075          -13.483550561622081          -3.0363710505991399          -31.649858617742879          -48.975597479476392           1.2286510490273628          -31.776572545515592
-74.768570032177536          -4075.1313386590359           605.59835737814478           8.9628895010689433          0.81788593682545319          -11.078090859355811           1.2656822841433542          -74.900722917924213           65.989601394246904          -37.841567413221867           36.568185310724402          -72.993409747856646          -5.7388652683870305           64.173316683158902          -5.5526725444645422           82.129224801734409          -98.856336406899402          -265.72523670576766          -344.93147500663179            545.8218057851218           3698.3446301680865          -70.588841284629069          -46.016750059134431           -23.84062828599648          -1.2129825840306125            29.71863034906967           41.070876829350183          -80.049940934600187          -3.4690127541341944          -11.015929732287116           44.653467077487221          -24.989651572822197           25.895496068347938
-890.22543070067422           5297.5292146581287          -548.56533697709153          -31.132693633106072          -2.8252618000756691           37.921433295617817          -4.3632294226286792            199.4422954310171          -212.30207943894789          -596.31036414418793          -269.55722052422595          -255.03014850716104          -115.33800727235699           -21.14937366927694           -105.3587912564972          -708.90208591736916         -0.39489459356923362          -1570.8618736600265          -1136.3134410887244          -212.05494946863504          -70.588841284629424           4730.0217246944931          -1340.6608076138086          -218.28762013800332           112.52026097839783          -61.484429280682519           71.658299273186799          -232.99022809387873           6.1406394768615087          -56.329833431507041            48.68182141977195          -51.371861396409059             21.4423732450432
318.82860533829842          -6705.8542391794072           896.60833300995318           21.390597392676327           1.9565800353483755          -26.603898159078057           3.0304424472536589          -216.26598858101397           163.94289445547145           156.76458736849298           144.96196153939371           17.565329063002991           49.935859494187042           28.305575978534193           49.330921505403751           323.73415763553351          -29.621762789743684           461.45791024768801           175.33819361247322           43.923709388159182          -46.016750059130288          -1340.6608076138118           4622.3329696539895           62.776005050458835          -61.942729816440504           60.269511876605179           3.5362211855257897           36.085440845856795          -8.3052467179324694           15.574811267441719           24.695010719340189          -3.0196253253135978           18.315515973753008
-368.60597275396134          -71.198823880584854           -17.47565016308258          0.74861589014493934         0.082336917847051189          -1.4250163890269258          0.13535962735255802          -79.884456648708806           22.077975839442818          -155.03607033529306          -13.684420240107162          -94.801147666467884           2.4244052860513294          -102.85797445487918           10.396756660843561          -640.92773052504708           262.32667472568403          -904.23327547148995          -496.43519996330679          -229.55210047534496          -23.840628285994029          -218.28762013800471           62.776005050463368            2960.376648916917            196.6290064170831          -76.792294194093159           -6.953568492352721            -60.2078608280138           1.5815307405929193          -20.156401167612966          -7.5046217410445308          -7.7617604134306566          -7.1183420859933548
-119.61813970508395          -10617.490370660164           1221.6331678402553           31.821769490003987           2.9175862456043191          -39.822365649927178            4.522778820491844          -360.02614837701589           252.17547280537235           347.73743695418841           247.73754119114949           87.817765383363735           114.32082594294957          -84.454235672932214           116.53325394313845          -35.464449082087242           270.47456429026545          -79.569604322112014           189.23352660113824          -149.20896003576809          -1.2129825840180501           112.52026097837353          -61.942729816424048           196.62900641707716           7216.6518199052161          -53.783540778613656          -59.644232905158844           71.869175671764424          -6.1215406852147538           2.7751370306577812          -29.871497829117288           12.445783644445044          -16.346946665054929
-440.36361662085983          -1275.3789357547837           47.697532798401127           9.9305115823907819          0.91124122524365703          -12.454312083037287           1.4130147645455566          -116.32051072290101            79.59169773226175            132.2973761449434           78.603329723040687           74.170950617190101           47.706450136240797           -83.09620671005473           48.455831617668785          -348.05224682998715           245.63343065889532          -673.57166506079579           -75.62740583109877          -185.18922242411111           29.718630349068569          -61.484429280682768           60.269511876603659          -76.792294194093969          -53.783540778625792            1746.704797691109           143.48352835202274           24.225563775522922          -2.1165624860720822          -16.374308288096984          -44.095724477587282           8.2755857444856034          -27.584236971976566
-93.593517910510343          -3470.0322785534718            373.9778751802188            11.95133773764384           1.0961369271285424          -14.969521312228011           1.6994194843882298          -137.18235841369881           95.153287001553565           166.04103823549883           95.366059384509128           98.929247427548816           57.553911859259941          -91.966545822240192           57.947712355985459          -131.17206459751776           232.02817465588379          -65.066953321929645           222.43980689129688          -79.078349369757916           41.070876829348251           71.658299273189442           3.5362211855183716          -6.9535684923543783           -59.64423290517788           143.48352835202354           1884.0477373945505           93.215774400489266          -11.126657193199968           2.0881270945041202          -29.660335146963689           10.762023862857049          -14.946663255505655
-357.04492717330106           2238.6474334592049          -179.47843314584708          -15.102845754028436          -1.3848463470685139           18.904921630287753          -2.1468367788538325           171.60303141153963          -119.84827226219336          -214.08389026350693           -120.9925771273931           -131.1528499101187           -72.82119906634118           111.22387751036899           -72.99950311097075           69.421582726451604          -275.31437605677098          -661.16270865738454          -663.49208649102184           -13.48355056161715          -80.049940934595995          -232.99022809388677           36.085440845869677          -60.207860828012507           71.869175671775281           24.225563775523479           93.215774400489465           1383.0988637963378           21.501422403217717          -29.978599749533124           51.732036611528883          -35.605896241038195           24.769437425178012
1.6646225695783663          -1714.2243013994573            248.0561074401073           1.3072224025864543          0.11989506637803737           -1.637382391109746          0.18588244835924339          -15.009931276826578             10.4088998913046           18.148985565659331           10.429628625279861           10.804307225213591           6.2949602395868283          -10.074036846132756           6.3389327466083003           12.953972321765058            21.93828199662758          -37.374507161612236          -17.340996008262891          -3.0363710506030941          -3.4690127541375304           6.1406394768625319          -8.3052467179366403           1.5815307405922736          -6.1215406852184628          -2.1165624860733914          -11.126657193202114           21.501422403218513           1588.9185416531777         -0.96244595451194215           10.579090362617649          -6.2816339758748683           7.6460363632779718
-307.53772260878276           191.84147325971193           -6.086624653607414         -0.95568065651206169         -0.08763313604357903           1.1963608266701131         -0.13585337381902596           10.872144527834944          -7.5868142125800695          -13.514258654824665          -7.6525262316132547          -8.2542075807525723          -4.6073716670922398           7.0767502009685774          -4.6210548663644175           13.066958239748928          -18.812308603586249          -216.01565770104378          -94.787326009053174          -31.649858617742321           -11.01592973228658          -56.329833431507332           15.574811267442461           -20.15640116761265           2.7751370306595691          -16.374308288096842           2.0881270945042738          -29.978599749533302         -0.96244595451191883           684.30632908201983           5.5605219179997363          -14.001825815097092           3.8580999559501663
-19.862032748362232          -1564.5253505966468           55.150845416318731            5.526742478624854          0.50690916488115256           -6.922987770872659          0.78590584124128071          -63.515033466405285           44.019780669872958           76.596998726535574           44.079827598369818           45.523828627007966           26.612644174822471          -42.758286178840308           26.807818544497344            -143.486292141891           122.45517399773502           101.86015063612095           244.77870994532714          -48.975597479478722           44.653467077486205            48.68182141977239           24.695010719335688          -7.5046217410455052          -29.871497829120429          -44.095724477587964           -29.66033514696154           51.732036611529203           10.579090362618233           5.5605219179997336           657.99249616712814           31.534720816392213          -37.097041245804121
-245.70715187330029           402.97443510532372           46.595696619322716          -2.5611851438557327         -0.23490330571181361           3.2079826873546882         -0.36418735631492682           29.397954018882565          -20.391370719828014          -35.583704648825524          -20.437157768122056          -21.220590347596705          -12.334540949944181           19.712010367003728          -12.418474316979504           62.682652954378689          -55.980960633176672          -173.01418271109233          -140.05538372030077           1.2286510490279134          -24.989651572821273           -51.37186139640972           -3.019625325312306          -7.7617604134305074           12.445783644448117           8.2755857444857686           10.762023862857415          -35.605896241038252          -6.2816339758750441          -14.001825815097021           31.534720816392706           467.00656252597571           30.262664591792486
-31.66895434590187          -933.82932321625469           7.3151202581724277           2.9113708631745645          0.26703313144418805          -3.6470301681869266          0.41400726123534826          -33.479858146785176           23.193545074655347           40.297502885311729           23.214451556086345           23.906891562134561           14.017905109510099          -22.585603916381039           14.124608485335806          -77.863469494921247           64.964861878348088           82.953875156257425           129.89238162987948          -31.776572545515211           25.895496068348194           21.442373245043022           18.315515973752682          -7.1183420859937687          -16.346946665056674          -27.584236971976363          -14.946663255505086            24.76943742517696           7.6460363632789736           3.8580999559500397          -37.097041245803723            30.26266459179249           462.61204858112512
