159
31
-160           6.1309028301461579
-160         0.042975405407055134
-160         0.020981539975808133
2926          0.74941672713499197
2926            3.923267859424735
3025           4.7434762358255611
3025           2.4845064770501222
3026           2.0063056478833654
3026           1.1952905289195639
3126           3.3273269705122313
3126          -1.5056070924306826
3127          0.57412074401756941
3127          -2.7651507915736864
3227           1.9027714730342427
3227          -5.4875014304761827
3125           6.0170417364318762
3125         -0.20599516346875468
3226           4.6224854967748898
3226          -4.2147059658588741
2925            3.455344769831755
2925           5.2045162954742183
3225           7.3319121474360829
3225          -2.9143480275610987
3024           7.4211292966639606
3024           3.8127912208380672
3124           8.7310588712551116
3124           1.1121785419435783
3224           10.053951054574467
3224          -1.6100426310119602
3123           11.425347296974227
3123           2.4672875381064157
19502.261308630357           4018.2762967873191            505.9808214895354           4.1695018553076295         -0.57798238060516383           28.129525103408604          -38.443217860863172           30.482830073048135          -20.070116587215864          -46.723069743258634          -39.152712940158551           -4.146283932065586         -0.48531579357155374          -9.1054943480207129          -2.7096095449817135          -18963.161040346495          -4177.9934971372895          -35.536617799714449          -22.150254781283223           16.612773237171922          -9.4903223565324737          -5.7010240155306207           3.7064572974914256           -273.6688233442452           64.587028246882724          -170.58705496734771           240.88091461940832          -19.681815819187921           122.51182927079708          -52.851706776628113           53.580560248261236
4018.2762967872441           97505.890190417209          -15801.941190294197           421.48872083071319          -58.400449419373956           5932.2522219475541           -4309.241843806758           3117.1097093162807          -2036.3465468144618          -4279.6505563952123          -3867.1993645149541          -418.69709203960224          -49.021928671916449            -917.722254160592          -273.67320839384206          -12687.238106223745          -42704.101491889305          -2600.3120394889365          -2185.3007873640067           1749.4977599657409          -960.75868734866708          -2824.1505525880502           -4995.461627699774            5352.405691279293          -4258.7467711889485           3133.7295611269906          -8269.1099967588198          -57.473756384723856          -3798.6706867233734           108.96661692328394          -294.13685447240277
505.98082148954688          -15801.941190294241           9250.1093798457914          -72.936340645731605           10.105968615952982          -1016.5529061518864           744.32243361582277          -539.28365118239162           352.35451969360571           742.00499159765673           669.49126295638757           72.454702431781655           8.4831019497249631           158.81572482605938           47.358433883769507            799.1909169890364           7493.2084861440962           453.17881005688093           378.32860729355355          -302.51423998890681           166.24957186751749           166.17833104906993           697.99529392968259          -586.96835397384848           604.24345725449109          -352.78484873612933           981.54394566015935          -81.542294868894032           373.49902987174573            46.38436765114011          -90.254359714516795
4.1695018553067253           421.48872083069415          -72.936340645728052           1363.1059910794559          -65.559107424526616          -28.797248830430096            91.06349381806848          -425.86779623932824           441.92190180671651          -29.653653805774436           113.14193458301662           54.794118118569898           10.503598427280856            19.17712705291985           39.512970176732651          -51.540547430943612           66.216547878964747          -62.408409798840857           46.255983952236861          -10.893458847818518           35.878137530376883           -52.15208916928605          -30.217798607089851           45.622584787656329          -18.974972626336097           16.230712461795086          -44.113098846437431          -9.4585118783361821          -24.526459058059658          0.54902245901324243          -1.1204191747178527
-0.57798238060511398          -58.400449419373551           10.105968615952865          -65.559107424526417           709.16092084578611          -1.1057546931348547          -11.764322322849814           30.064001746544321          -42.350487103000894          -3.6327219153255217          -21.374876740587261          -18.896725794861084          -2.8627306514292195          -6.7453259781290953          -5.9660300839058742           2.9242500950483974          -9.2290315769005513           6.8743714846576829          -4.6768322990471809          -4.2912453288626855           -3.700684906100737           7.1459703094171036           4.2056266109778733          -6.3534990271507672           2.6331809536619613          -2.2716535668890061           6.1160384058987969            1.309054741036028           3.3987596534387343        -0.076074336759289762          0.15524736332188738
28.129525103418086           5932.2522219473922          -1016.5529061518564          -28.797248830430419          -1.1057546931345605           7637.0612226058893          -2012.3411286089959          -1125.3317946756797           395.17084061894758          -1618.2381259849051          -565.02262914732319          -65.448742194097008          -4.8237058939299899          -105.99124183666878          -9.9093432755905546          -1292.9992893585072          -422.37249068049584          -567.60098406709676           42.874607600069425          -436.17855097711674           21.932611351475273          -809.50399653458726           -27.99029552922304          -456.76309802137314           146.58480837859233          -421.43843508666248           17.022952802087843          -244.88944042238865          -167.51740142069821           7.3689329591594657          -15.217104426656988
-38.443217860866376          -4309.2418438067225             744.322433615813           91.063493818067172          -11.764322322849845          -2012.3411286089699           5402.2315114831745            923.7885986930512          -510.35661120549821           52.310957444662961          -416.51690426161844          -77.186902625147766          -9.5290487326051867          -142.95378993707092          -51.805008370654079           345.07114446092669          -516.23282238013405           71.046123278645311          -271.47796466168711           348.43595744151162          -161.12209008024126           435.44155190824443           29.103171555833299          -140.69152453662772           24.147022261999101           4.5391146991367393           222.28207649774697            114.7960578169068           228.79870775937661          -5.5640517280266266           11.379364299748886
30.482830073047687           3117.1097093165522          -539.28365118243494           -425.8677962393246           30.064001746544051          -1125.3317946756431           923.78859869303119           8763.1312602247999          -4201.4439281454343          -2069.6746153438166          -663.19951726541854           -88.05485937981156           5.4341740217076282          -196.38602889144846           103.13757742115033          -842.87441459000161           478.20058808726105          -803.52540338864242           299.72127249645496          -939.13018239856274           266.27697437016275          -488.76084538073701          -193.94308728377337           294.84401244909225           -134.9571460011619           89.896503098229431          -321.15954307952211          -71.927425993852907          -180.81124906567356            4.056147453529519          -8.2796597224910329
-20.070116587219374          -2036.3465468146389           352.35451969363442           441.92190180671457          -42.350487103000766           395.17084061892547           -510.3566112054848          -4201.4439281454452           5900.1804093706287            594.4542062863552          -144.62557481029677          -71.775433351299654          -21.122699093110302          -12.489567440228193          -125.57757935943974           377.50113516985823          -326.38811078781112           371.46573186100966          -229.53917350002305           347.38997140623826          -189.29261774149313           273.97765597162834           140.36735470173824          -211.47745417519496           90.546114159756115          -72.084596791056555           212.05785369714084           46.112461629900601           118.37465399195912          -2.6516340825464439           5.4117637611477676
-46.723069743284128          -4279.6505563954051           742.00499159768401          -29.653653805775377          -3.6327219153255719          -1618.2381259849278           52.310957444677285          -2069.6746153438012           594.45420628634315           8796.1616346404826           3573.7025506210935          -125.86305748049807          -9.3627695851157107          -386.58923149865484          -49.225009770505594          -769.40390122769259          -1082.1023656377506          -1244.7089782945759          -499.82422072986395          -347.94395573468762          -204.18803120178762          -278.20622307189228           -49.26026890546121          -714.59759037796141           74.427517075454332          -447.81547351585613           319.60921728101897           71.437255307892698           256.16975242625949          -5.6260320521077603           11.455647387601402
-39.152712940175434          -3867.1993645151042           669.49126295640895           113.14193458301621           -21.37487674058741          -565.02262914734592          -416.51690426160667          -663.19951726540501          -144.62557481030265           3573.7025506210844           6401.9960184303709          -220.93330842022493          -22.446259204129888          -482.76980334337338          -110.47049028747395          -246.86018376059204          -741.82373558440906          -492.40612629160216          -465.06665967107449          -59.264057945530411          -280.76440194569489           207.66995260773848           130.32547498034168          -482.57423204064571           149.16549850758068          -214.96386520104895           385.30876839167979           81.752302576471052           226.49191975292047           -5.047853728375415           10.296168251334393
-4.146283932061948          -418.69709203956808           72.454702431775928           54.794118118569976          -18.896725794861112          -65.448742194096553          -77.186902625149543          -88.054859379808789          -71.775433351301388          -125.86305748049993          -220.93330842022709           1738.8758122479128           143.85101897822761          -105.29048494387899          -42.984937732887346          -32.061805217275669          -71.054576713932732          -1.2469097703467327          -41.680938526528138           -56.96328461511014          -30.620763482454734           50.484289301131192           30.326759496494169          -45.851126419171557           18.916244651253539          -16.499072098656992           43.884242017840457           9.3712063859632337           24.371167592756933          -0.5454377110178843           1.1130778352683137
-0.4853157935712466          -49.021928671912278           8.4831019497242615           10.503598427280878          -2.8627306514292257          -4.8237058939299589          -9.5290487326054318           5.4341740217079648          -21.122699093110509          -9.3627695851158457          -22.446259204130065           143.85101897822753           522.20503804462055          -9.4422202801260813           -5.261271945940325          -1.0954207262129545           -8.078471765461952           3.9237288072431054          -3.1743899087950482          -6.5705714132456254          -2.6304060889789453           5.9528356389138803           3.5408959921825236          -5.3514777008607277           2.2126255340728762          -1.9197996847575887           5.1360461874807211           1.0979841418006604           2.8531997586936981        -0.063859345583939131          0.13031894777980924
-9.1054943480202368          -917.72225416052663           158.81572482604878           19.177127052919761          -6.7453259781291397           -105.9912418366697          -142.95378993707197          -196.38602889144335           -12.48956744023161          -386.58923149865683          -482.76980334337748          -105.29048494387845          -9.4422202801260333           1459.7720051750587          -36.538417696853074          -50.932000926421317          -161.07044955145534           -81.37021184616016          -122.36340387813956           -19.39649065799043          -88.483699276566213           105.26403650871919           67.469879789112227          -102.60477310312348            41.72710627216977          -37.655048060066022           96.438988999660197           20.442446088920427            53.44639155263485          -1.1957236370156998           2.4400178260131042
-2.7096095449816566          -273.67320839385252           47.358433883770928           39.512970176732608          -5.9660300839058857          -9.9093432755929385          -51.805008370653354           103.13757742115065           -125.5775793594397          -49.225009770504087          -110.47049028747341          -42.984937732887154          -5.2612719459403072          -36.538417696852143           1581.7970973485978           4.5470627614078971          -45.966728401327913           4.2964998891622201          -33.718238766193309          0.62073745696571336          -25.832592549270618           33.149668486137926           19.773726416464214          -29.905937032352561           12.356183887638744          -10.739146854105913           28.676472648255274           6.1282689313504406           15.928880225694201         -0.35650855342915566          0.72753212362405861
-18963.161040346498          -12687.238106223909           799.19091698905731          -51.540547430946106           2.9242500950485208          -1292.9992893585177           345.07114446093533          -842.87441458997591           377.50113516983515          -769.40390122774272          -246.86018376062771          -32.061805217267064          -1.0954207262121027          -50.932000926416322           4.5470627614079149           28399.724432532246           11860.459133171513          -476.68461395825597           10.493641303197251           -208.4712305439428           23.906829704850935          -2078.8563325627665          -656.94464886970491          -1309.0322026962881             206.079457798617          -1020.1876141364206           257.42925354063505          -881.98497585114637          -220.41463881217624           -50.19336706528199          -43.883792387714493
-4177.993497137204          -42704.101491889567           7493.2084861441235            66.21654787895568          -9.2290315769000699          -422.37249068057315          -516.23282238012871           478.20058808738077          -326.38811078788876          -1082.1023656378607          -741.82373558449035          -71.054576713914003          -8.0784717654597671          -161.07044955142987           -45.96672840132851           11860.459133171385            43626.01076077082          -978.92235217693542          -406.47669485127517           246.03546634314216          -161.39470307578199          -1661.5037947485944          -969.07816356738022          -1883.1758813639426           63.021031510148362          -1348.5344156449707           528.34546092452501          -748.25508518534321           224.22804795079355          -71.799586449945991           119.17426177991365
-35.536617799712467          -2600.3120394889129           453.17881005687491          -62.408409798842669           6.8743714846578392          -567.60098406710961           71.046123278658968          -803.52540338864287           371.46573186100784          -1244.7089782945677          -492.40612629159915          -1.2469097703452618           3.9237288072432803          -81.370211846155556           4.2964998891624973          -476.68461395826512          -978.92235217699977           4395.2967295952531           275.90040691067844          -105.97206656259377          -22.609600030707774          -222.09765818444083          -121.89898915619858          -297.65578890501115          -23.660458787725617           -229.1839363660302           48.897192671502381          -10.450248147324103           113.95023885312003          -3.5021880958772797            7.089629682122677
-22.150254781278299          -2185.3007873639795           378.32860729354741           46.255983952235091          -4.6768322990469953           42.874607600056741          -271.47796466167915           299.72127249645143          -229.53917350002226          -499.82422072986344          -465.06665967107801          -41.680938526527527          -3.1743899087949776          -122.36340387813516          -33.718238766192876           10.493641303182955          -406.47669485134588            275.9004069106918           3584.0417385307305           117.84035693517347          -105.16025252841865           134.30731355145767           15.182160585407107          -178.39172971749954           34.017552195264237          -77.270208185950565           143.83637148420934           44.823506568324717           123.91020002220603          -2.8527723612977027           5.8186846501002947
16.612773237175553           1749.4977599656179           -302.5142399888864          -10.893458847818991          -4.2912453288626402          -436.17855097711742           348.43595744152043          -939.13018239856717           347.38997140624059          -347.94395573467818           -59.26405794552241           -56.96328461510987          -6.5705714132456006           -19.39649065799134          0.62073745696645588          -208.47123054393424           246.03546634320423           -105.9720665625955           117.84035693517313           2419.4080657510376           41.178695754863654          -199.38086379777761           16.347249597016194           69.186132638998004          -12.315031562920108           3.2986003618209079           -108.3777622379969           -43.15034676888628          -100.67457749008713           2.2707234861818577           -4.638048751407041
-9.4903223565321433          -960.75868734863934           166.24957186751243           35.878137530376435          -3.7006849061006855           21.932611351474428          -161.12209008024371           266.27697437016485          -189.29261774149452          -204.18803120178956          -280.76440194569653          -30.620763482455455          -2.6304060889790071          -88.483699276566654          -25.832592549271098            23.90682970484788          -161.39470307579066          -22.609600030707266          -105.16025252841912           41.178695754864691           2430.8769511827941           96.406313513582063           33.201567295830202          -94.619098323207311           34.697801798287436          -34.136932848169288           92.574172499861234           21.637560388329476           55.884141693958384           -1.251302368043735           2.5536798176664206
-5.7010240155197991          -2824.1505525879843           166.17833104905844           -52.15208916928691            7.145970309417093          -809.50399653458499           435.44155190823784           -488.7608453807261           273.97765597162186          -278.20622307190325           207.66995260773109           50.484289301130111           5.9528356389138537           105.26403650872047           33.149668486137053           -2078.856332562787          -1661.5037947486296          -222.09765818444208           134.30731355145485          -199.38086379777974           96.406313513581537            4475.959793869476           1128.0228222921016          -145.92865959107618           8.1823723966144755          -183.18610244051632          -92.752687098242831          -174.29576720909711          -115.49138565130579           4.3937274481605328          -10.338180635018944
3.7064572974862777          -4995.4616276998895           697.99529392970317          -30.217798607090486           4.2056266109778466          -27.990295529230501           29.103171555827544          -193.94308728376296           140.36735470173187          -49.260268905469161           130.32547498033864            30.32675949649451           3.5408959921826333           67.469879789114586           19.773726416463333          -656.94464886967853          -969.07816356727221          -121.89898915620421           15.182160585405057           16.347249597011924           33.201567295831147           1128.0228222920935           4212.5945527252334          -69.074834238802254          -32.302510460292062          -68.266250539420952          -18.306158369158922          -30.504872391748286           21.158110617299371          -2.1902188578147133           4.0706147350392712
-273.66882334424793           5352.4056912794458          -586.96835397387099           45.622584787658397          -6.3534990271509102          -456.76309802135791          -140.69152453663105           294.84401244908463          -211.47745417518902          -714.59759037796164          -482.57423204064804          -45.851126419174854          -5.3514777008611096          -102.60477310312777          -29.905937032352529          -1309.0322026962954          -1883.1758813640085          -297.65578890501195          -178.39172971749971           69.186132639009656          -94.619098323208846          -145.92865959108701          -69.074834238805636           3264.5532959301136          -426.92598238001972          -261.36561056777634           181.12311384633574          -57.255162788709136           108.19294450256575          -2.6175842028213623            4.536419308511995
64.587028246888636           -4258.746771188692           604.24345725444709          -18.974972626335173           2.6331809536617747           146.58480837860552           24.147022261990287          -134.95714600114476           90.546114159744604             74.4275170754442           149.16549850757224            18.91624465125409           2.2126255340729268           41.727106272168832           12.356183887636854            206.0794577985921           63.021031510036778          -23.660458787740723           34.017552195253685          -12.315031562920765           34.697801798288381           8.1823723966103614          -32.302510460309335          -426.92598238000721           3053.0371739821508           34.543197504202496           -62.16148366196208           21.271391634106681           6.3462393788245208          -1.8722345374197289            3.979733520067839
-170.58705496734677           3133.7295611269824          -352.78484873612649           16.230712461795747          -2.2716535668890305          -421.43843508665566           4.5391146991369169           89.896503098223405          -72.084596791052377           -447.8154735158497          -214.96386520104483          -16.499072098658317          -1.9197996847577414          -37.655048060069106           -10.73914685410568          -1020.1876141364171          -1348.5344156449457          -229.18393636603241          -77.270208185952839           3.2986003618247111          -34.136932848170247          -183.18610244051979          -68.266250539418863          -261.36561056778214           34.543197504194083           2743.6959793204342          -632.03364349328069          -60.846778537709184           45.198019178568074          -1.3439463147581847           2.1508198949693451
240.88091461940823          -8269.1099967588434           981.54394566016117          -44.113098846438618           6.1160384058988484           17.022952802060544           222.28207649775914          -321.15954307949966           212.05785369712828           319.60921728101016           385.30876839167286           43.884242017844223           5.1360461874811643            96.43898899967094           28.676472648254595           257.42925354062265           528.34546092443384           48.897192671505593           143.83637148421445          -108.37776223801353           92.574172499868084          -92.752687098230012          -18.306158369150538            181.1231138463499          -62.161483661932927          -632.03364349328126           4773.5247125218139          -13.649650083033194          -82.132719249097136           1.5333388821728988          -2.8776504411316637
-19.681815819192376           -57.47375638471356          -81.542294868895439          -9.4585118783361608           1.3090547410360154           -244.8894404223889           114.79605781690755          -71.927425993851728           46.112461629900004           71.437255307893693           81.752302576470996           9.3712063859631591           1.0979841418006477           20.442446088920427            6.128268931350175          -881.98497585113944           -748.2550851853407          -10.450248147327796            44.82350656832179          -43.150346768886202           21.637560388329536          -174.29576720909745          -30.504872391747771          -57.255162788709654           21.271391634107083          -60.846778537708381          -13.649650083038217           1469.5539226442202           80.087055748068934           2.1228380737686567          -4.9097489115249893
122.51182927079644          -3798.6706867233238           373.49902987173141          -24.526459058059899           3.3987596534386544          -167.51740142070145           228.79870775937317          -180.81124906566419           118.37465399195368            256.1697524262492           226.49191975291177           24.371167592757168           2.8531997586937852           53.446391552638104           15.928880225693305            -220.414638812178           224.22804795077417            113.9502388531161           123.91020002220016          -100.67457749009067           55.884141693958597          -115.49138565130598           21.158110617293683           108.19294450257313           6.3462393788354543           45.198019178570156          -82.132719249111773           80.087055748070298           1727.3136352516069           2.6653214423564293          -5.6045761026716718
-52.851706776628106           108.96661692328631           46.384367651139932          0.54902245901327174        -0.076074336759291428           7.3689329591596806          -5.5640517280267936           4.0561474535292206          -2.6516340825462432          -5.6260320521075791          -5.0478537283752694         -0.54543771101793348         -0.06385934558394521          -1.1957236370157618         -0.35650855342915766          -50.193367065282203          -71.799586449947142          -3.5021880958773268          -2.8527723612977529           2.2707234861820509          -1.2513023680437452           4.3937274481604067          -2.1902188578145072          -2.6175842028213969          -1.8722345374200828          -1.3439463147581354           1.5333388821727576           2.1228380737686856           2.6653214423562375           97.177903114866197           5.8916620274952507
53.580560248262202          -294.13685447240863          -90.254359714517051          -1.1204191747179761          0.15524736332190225            -15.2171044266567           11.379364299749781          -8.2796597224902229           5.4117637611469256           11.455647387601447           10.296168251334741           1.1130778352684036          0.13031894777981684           2.4400178260134431          0.72753212362406128          -43.883792387717172           119.17426177991214           7.0896296821233866           5.8186846501008329          -4.6380487514074007           2.5536798176663957          -10.338180635019274           4.0706147350386939           4.5364193085114142           3.9797335200681707           2.1508198949702826          -2.8776504411318791          -4.9097489115248427          -5.6045761026718992           5.8916620274952436            87.22834577981088
