20
33
-21           6.1150418667388999
-21        -0.062223063261326907
-21       -0.0066524287908071196
1319           1.4955030019103202
1319           3.1351685917925667
1320          0.48437590903948446
1320          0.25014118705278127
1419           4.3114784412088252
1419           2.1466735401858532
1420           3.3261583648126907
1420         -0.72657124612758228
1421           2.3471251099851358
1421          -3.5845385276663131
1520            6.166331636735177
1520          -1.6987951438879705
1519           7.1228415194546031
1519           1.1272472829559625
1521           5.2071458356832983
1521          -4.5013050477006828
1318           2.4822208975053384
1318           5.9076820637559413
1418           5.2549982606849186
1418           4.9755949970645625
1518           8.1102552768412099
1518           3.9963449906519899
1620           8.9969106080948151
1620          -2.6457067047407041
1619           9.9762891797414408
1619          0.17549559797655481
1621           8.0379582964268774
1621            -5.49693247198487
1618           11.032390556747965
1618           2.9959352055491695
6794.6378434318294           813.38727181701859          -5.8982114274263608           34.948659987708794          -10.992287642097114           28.549495663325956           -26.24291721935117           85.998685414612567          -109.76300269079809          -182.19631467975461          -209.78286133627046          -39.228638539538011           -21.33272905597498           -3337.183402854449          -1028.1965610447937           -1549.747173996758            1231.997765411274          -177.89206179583374          -64.637443496719357           9.7353837129387948           -4.225415050195453          -29.284874495829936          -47.220084577778273          -476.39881297349598           41.770852889772854          -446.60952445828048          -154.00272081282685          -348.80120323276492           11.443371429206179          -202.84411570602035           11.666709549154987          -138.00437691022353           6.7811094107454437
813.38727181697732           79982.280611020469          -11281.045443975956           1555.0772273005241          -488.49350102487006           1274.2348978947575          -1166.6758389876518            6639.942590417495          -5328.8777396935966          -6502.1796883091592          -8818.8745093330908          -1730.2872028547849          -946.79785293213638          -9698.6134546956382          -11041.370175885237            7773.751723098434          -14742.856028217535          -2879.8383317087382          -2703.2617499055732           437.16036708990634          -187.85596130586202           3063.1037963391655          -2224.9125721756013           2310.0415409329617          -3137.2995302844693          -1703.2155153028193          -4175.1405597507728           261.50607529173192          -4348.4991782548786          -575.99563303981859          -719.93877866288699           102.36242157811739          -378.24262082346831
-5.8982114274222113          -11281.045443975961           8634.7569566386628          -244.63146462486554            76.84577852569322          -200.45078039134941           183.53173233710555          -1043.8397789000942           838.18295131938703           1023.2662488436652           1387.4381620301881           272.19778719055046           148.94275244167869           954.38256430324532           1663.0813808014748          -755.22075926489242           1859.7639071401672           454.26839427329162           425.29634172455769           -68.76934654127615            29.55193435706639          -480.76305269325809           349.97276475060085          -166.85781755160929           385.87167860036118           108.40002698299969            460.6376358146249          -23.235073466316532           426.69294829560965          -66.961096517791532           47.838823022401186           64.707835579666835          -81.697907993562694
34.948659987709476           1555.0772273005432          -244.63146462486736           2942.1890464539579          -464.06213333954884          -2095.5320453907811           831.13858289988082          -215.79275909379197           390.41864562691524          -84.212277495481061           546.37689259468948           3.1765928143229729           150.66224025830735          -280.46145534885147           65.661615372586226           65.728733466898902          -166.40494823551435          -239.95322024117124           18.840719695910138           13.945427940910715           20.861052563082321           139.04781526062729           7.7926367960097309           85.615666122215458          -46.728504236571048          -61.217512312646036          -74.379060634228367           5.7408742637004782          -82.147090842585982          -21.015230091618136          -8.2484436255685729           4.0462478990194413          -6.6843169433795993
-10.992287642097246          -488.49350102487216           76.845778525693419          -464.06213333954764           1345.3697973692028           515.03713211505442          -325.18136726624618           19.585339783885019           -107.7539783251342          -32.911402591074463          -240.83737010454971          -53.121388063560644          -67.367809043674285           68.955021981079028          -5.3838352119279804          -35.180088426054539           62.917546022148969           71.124810406068505          0.29862130743965309          -10.713595702611698          -6.4722740151467368           -48.40572170312646          -1.9223218527182482          -26.943277473407608           14.675288360559872           19.173596033127609           23.356286156173539          -1.8299372918459125           25.804960512736539           6.6008273204969043           2.5911833093474428          -1.2712065385382978           2.0997537980846914
28.549495663322411           1274.2348978946211          -200.45078039132909          -2095.5320453907689           515.03713211505351           21162.220740122306          -17787.397733350739           -955.5642334635254           605.76793445720625          -1021.1708839058335          -233.42704782025683          -1152.5448698368127          -53.836781046949014          -695.34861328426132           -86.82047194889428          -25.486715055806243          -132.88705680890507          -272.73057213835864           14.198558694099553          -27.471863179228084           17.475520727099713           84.267695858520966           9.6658567284074479           69.845883721761354          -38.311150715040839           -50.51715522341717           -60.99838660194311           4.5371388542459012           -67.31000856536339          -17.224011544561847           -6.758075651530735           3.3144627923363572          -5.4770120463308558
-26.24291721934722          -1166.6758389874872           183.53173233708026           831.13858289985251           -325.1813672662409           -17787.39773335055           30420.240883887225           246.11195058175625          -347.48082909210484           156.24377193213002            -485.084624095435           173.07266193705047          -153.47545909333135           278.21401860079425            145.0132693336125          -75.534497219888095           153.48204200427415             181.480137664023           3.1541639138079063          -21.143264277864631           -15.49479558723411          -112.18144304704521          -4.9689634079282072          -64.313428724756392           35.051700739295477           45.833632177841309           55.788149033067342            -4.35117103644221           61.630166492758129           15.765318222348348           6.1884756062691295          -3.0359195617854553           5.0148554256105626
85.998685414617796           6639.9425904174977          -1043.8397789000956          -215.79275909379368           19.585339783885757          -955.56423346349595           246.11195058172098           8121.9449789470091          -2466.6023797619491          -3034.3348442031815          -1407.3576726555104          -294.56999610907656          -20.416909605344685          -1318.8406319950032          -145.70247655828371          -383.93658693395628           321.21753548334527          -535.92749330022377           214.38762118966193          -134.50508089356839           12.049908463099985          -573.11415664301103           224.75398315675997           56.728850681359802          -86.908402211725843          -384.79284715092507          -194.67227011394769          -95.866228398192305          -283.88854272249375          -92.671135244600009            -34.6970030622943           16.522278624375417           -28.44198734943302
-109.76300269080554          -5328.8777396935184           838.18295131937612           390.41864562691939          -107.75397832513539           605.76793445718999          -347.48082909207733          -2466.6023797619564           5501.9325352707474           722.34701411339097          -548.28346775960335          -148.07483260286531          -168.42630384808834           671.66234752602747          -177.57352262100164          -45.694661166314518           28.250136625018811           335.37250014897432          -214.97014168707761           108.27234234755149          -35.657699887676216           45.126738018332276          -166.43552995682029          -237.47376208828985           138.29188654474336           230.87544303701924           230.50233193708249         -0.49958056402160622           274.42622710925173           72.478944240739963           28.182808983113134          -13.746205851800767            22.88989700458842
-182.19631467975216          -6502.1796883090428           1023.2662488436531          -84.212277495475064          -32.911402591075984          -1021.1708839058784           156.24377193219433          -3034.3348442031884           722.34701411340257           11064.353563094553           6477.6873815198605          -1093.9782710274701          -200.05343261880097          -1166.1453380504256          -1054.1504575991994          -1410.8904318935981           318.36679801228581          -1209.9021649856327          -370.79790203867503          -140.65488976102671           -23.08955139688819          -988.94140490630582          -204.81409165011345          -484.30116640160054           185.91054197307682           109.23078181794818           288.91635032429576          -92.788229814930276           344.11326955469917           86.193411710637577           34.786979717901659          -17.348850488247166           28.005344689487174
-209.78286133625681          -8818.8745093327761           1387.4381620301451           546.37689259470346          -240.83737010455309          -233.42704782031282          -485.08462409536742          -1407.3576726554988          -548.28346775960063           6477.6873815198469           13387.399287940327          -1744.7317191331963          -582.63307920477268          -149.94191635566085          -804.06011150670042          -1150.9332661570593           411.04755144097589          -319.13874766118636           -431.0094197426115           -50.13655782099287          -88.725801681083837          -913.42478471951176          -244.23411346173256          -526.18895311887491            262.0327746981344            300.0675596060014           414.80727325657563          -54.656990040178691           466.06306426513152           118.63907434178162           46.872872477076257          -23.084655062134402           37.925046746046064
-39.228638539538636          -1730.2872028546915           272.19778719053704           3.1765928143232713          -53.121388063561206          -1152.5448698368259           173.07266193707687          -294.56999610906257          -148.07483260286887          -1093.9782710274862          -1744.7317191332186           3538.7173822135746           425.75951703634644          -41.755950223817507          -122.01901133473169          -246.98918841942503           109.71476139583908          -7.4833796377466228          -70.786753450038717          -17.998622827076225          -27.303876231119411          -195.13930384859248          -33.660229334472305          -96.465788648175078           51.908623828359865           66.725292428933869           82.556117062970969          -7.0405573156728067           91.408679819211599            23.36709409064072           9.1806221578115625          -4.5062226573026223           7.4379726139418381
-21.33272905597542          -946.79785293211137           148.94275244167494           150.66224025830687          -67.367809043674356          -53.836781046950151          -153.47545909332595          -20.416909605341626          -168.42630384808797          -200.05343261880273          -582.63307920477234           425.75951703633967           2127.4551183656522           77.478468746622781          -35.620945490645681          -82.283275394013657            91.17080975461451           90.198084334700468          -18.466180330323581          -13.383383395503007          -13.955451130929742          -95.707618035479626          -6.9777921916006775          -52.318093680780912           28.436831365062133           37.050695487086401            45.25282809476051          -3.5991968344865271           50.015651478182946           12.792442492502857            5.022457314818034          -2.4641798551099257           4.0697847774636671
-3337.1834028544486          -9698.6134546958656           954.38256430327237          -280.46145534885136           68.955021981079824           -695.3486132842861            278.2140186008221          -1318.8406319949856           671.66234752602054           -1166.145338050402          -149.94191635558309          -41.755950223807815           77.478468746623861           11171.141338629966           4589.7818258445268          -1325.9084302422998            1142.330274693617          -759.60599030309913           97.879321061011524           -77.88060197679809           19.357157949103311          -496.11064974889882           112.87972972069514          -445.95389019623735          -14.661409652683908          -729.21057419683939          -242.83947559494916          -467.33552145426376          -146.87321562545858          -176.33518815125231          -18.721218071493851          -16.453628387640549          -25.023354163453405
-1028.1965610447833          -11041.370175885704           1663.0813808015373           65.661615372579035           -5.383835211925259          -86.820471948912456           145.01326933362208          -145.70247655828223          -177.57352262098834          -1054.1504575991394          -804.06011150657741          -122.01901133471313          -35.620945490640821           4589.7818258445141           9145.7650658272341          -807.10618158419118            463.6911950845921          -485.09143289144822          -172.77128326183919           25.101637126901792          -10.411267655734211          -186.30772192189238          -110.01097889026084          -451.11528298902675           51.791609691764329          -198.27285331971075           31.726741843536786          -253.40575687700317           155.23560496359698           57.687534428211961           38.017152454216273          -30.537594960894978           36.468690546083963
-1549.7471739967609           7773.7517230985768          -755.22075926491289           65.728733466899712          -35.180088426055249          -25.486715055790846          -75.534497219902221          -383.93658693394815          -45.694661166330889          -1410.8904318936211          -1150.9332661571116          -246.98918841944052          -82.283275394018332          -1325.9084302422971          -807.10618158417117           6392.4821015802054          -4020.5048065146279          -355.30311183037668           -96.24408745894138          -25.153961195750504          -9.5251167799931533          -242.23286727795403          -56.488136512279453          -368.83567122858892           55.183298908721802          -188.30409536321278           20.193458538444048          -213.78237196620648           113.41187720772115           5.6580332190895888           24.185333959873361           -27.77867428628943           20.529373422800745
1231.9977654112859          -14742.856028217868           1859.7639071402118          -166.40494823551649           62.917546022150702          -132.88705680892781           153.48204200429245           321.21753548331395           28.250136625056484           318.36679801235198           411.04755144109185           109.71476139586548           91.170809754622439           1142.3302746936126           463.69119508453969          -4020.5048065146466            10918.19442789546           76.907429088302649          -22.704736609307815           29.219005544490386           7.2405894087707239           255.77909683099648          -26.790775724939692           230.89274521204214          -42.428637488696296           206.01268145606946           18.514443367604656           170.92490038556926          -20.209581420118127           58.978089634244839           1.6284017915740492           9.1665060871349624           7.9401484001054996
-177.8920617958353          -2879.8383317087637           454.26839427329378          -239.95322024117104           71.124810406068619          -272.73057213836353             181.480137664029          -535.92749330022446           335.37250014897626           -1209.902164985637          -319.13874766118499          -7.4833796377391053           90.198084334701463          -759.60599030309504          -485.09143289145317          -355.30311183037475           76.907429088298187           3846.5634885136533           228.73517360102318          -25.689853161734234           12.825391997007683          -48.084279870216996          -22.470518663702919          -129.85790542804352          -38.013395423920748          -157.52999176236591          -64.015540669931625          -110.74812445322567           -12.52220980637577           33.316294004748272           16.059085629146054          -8.8413787956923642           12.551584855215424
-64.637443496719783          -2703.2617499055282            425.2963417245528            18.84071969591173           0.2986213074395323           14.198558694100949           3.1541639138034299           214.38762118966878          -214.97014168707858          -370.79790203867719          -431.00941974260502          -70.786753450039839          -18.466180330324796           97.879321061001747          -172.77128326186028          -96.244087458934445           -22.70473660931826           228.73517360102159           3288.9341989698614           41.818197251156505           -9.495777697897406           13.798646819552275           -77.75462031096761          -111.40216455700843           40.633851054029932            62.95603118805613           74.172017140888386          -15.278139589842315               105.4542221176           36.335832565188696           14.363939038079984          -7.0800265157544544           11.625543570164837
9.7353837129388729           437.16036708991555          -68.769346541277258           13.945427940911223          -10.713595702611858          -27.471863179228698          -21.143264277863675          -134.50508089356632           108.27234234754911          -140.65488976102918          -50.136557820995208          -17.998622827077057           -13.38338339550344          -77.880601976799284           25.101637126903015          -25.153961195749591           29.219005544490294          -25.689853161734955           41.818197251155667           481.90321799098365           11.231455285563371          -26.384566274534354           27.522588925244371           23.754015762070416          -13.158343602062248          -17.571909158518405          -20.962318312251391            1.443523540599936          -23.091441385084529          -5.9119139385873822           -2.318048622013503           1.1364075884932738          -1.8789426387622825
-4.2254150501953589           -187.8559613058583           29.551934357065818           20.861052563082371          -6.4722740151467546           17.475520727100438          -15.494795587235494           12.049908463100561          -35.657699887676671          -23.089551396888282          -88.725801681083198          -27.303876231119581          -13.955451130929946             19.3571579491026          -10.411267655735582          -9.5251167799933665           7.2405894087706253           12.825391997007561          -9.4957776978974771           11.231455285563433           596.33264231167902          -13.016626838337379          -3.7479804955676785          -10.355028733666977           5.6440014257948414            7.380737348019716            8.983004483413989         -0.70029246006673773           9.9235710879329559           2.5385099721394422          0.99645535811388886           -0.488836055538445          0.80748237338480067
-29.284874495834686           3063.1037963390986          -480.76305269324939           139.04781526062601          -48.405721703126602           84.267695858522757          -112.18144304704884          -573.11415664301967           45.126738018330286          -988.94140490630218           -913.4247847195079          -195.13930384859569          -95.707618035481445          -496.11064974887023          -186.30772192185353           -242.2328672779677             255.779096831017          -48.084279870214409           13.798646819552843          -26.384566274535608          -13.016626838337938           2834.1355798964573          -15.667499464309827          -106.44816181341685           33.683449682491023          -115.10457456706418           9.3775785930984839          -78.988965699564673           1.9363679318442166          -45.656115683566213          -15.302701731902005           6.7968053780267468          -13.008907539694519
-47.220084577772596          -2224.9125721755122           349.97276475058879           7.7926367960106404          -1.9223218527184613           9.6658567284114874          -4.9689634079330318            224.7539831567691          -166.43552995682302          -204.81409165012116          -244.23411346174316          -33.660229334472454          -6.9777921915998036           112.87972972066859          -110.01097889029381          -56.488136512271666          -26.790775724952454          -22.470518663701398          -77.754620310967908           27.522588925244346           -3.747980495567746          -15.667499464304079           2744.5120063879608          -77.380269204576237           30.062107226897247           59.670249250457353           57.992217274422316          -5.1599597725502209           83.070589122079795           30.180548721950856           11.771201270996912            -5.75580780539957           9.5589632758044445
-476.39881297349444           2310.0415409328411          -166.85781755159098           85.615666122212929          -26.943277473406962           69.845883721763812          -64.313428724761195           56.728850681350025          -237.47376208828439          -484.30116640159252          -526.18895311886922          -96.465788648174552          -52.318093680779391          -445.95389019622002          -451.11528298900305          -368.83567122861371            230.8927452120891          -129.85790542803761          -111.40216455700669           23.754015762070075          -10.355028733666936          -106.44816181341679          -77.380269204578539           2070.8229109339031          -145.36667756573885          -36.303732201523033           81.748351811212871          -108.80811592328342           130.76688438906481             22.2703319252781           16.676107747766103          -12.702975584371742           13.034917875096426
41.770852889774432           -3137.299530284306            385.8716786003356          -46.728504236566806           14.675288360558852          -38.311150715040725           35.051700739297345          -86.908402211716947           138.29188654473904           185.91054197307193           262.03277469812485           51.908623828357605           28.436831365060627          -14.661409652708301           51.791609691724204           55.183298908746593          -42.428637488747441          -38.013395423932621           40.633851054032419          -13.158343602060228           5.6440014257949525           33.683449682493205           30.062107226900437          -145.36667756573866           2101.9000762804171          -31.848421269444955           -59.07827985472332           11.559470539812724          -56.584158638706249          0.10693986166432978          -1.4870362686938563          0.61636038181794106          0.39250932860909415
-446.60952445828207          -1703.2155153027434           108.40002698298906          -61.217512312645454           19.173596033127392          -50.517155223419827           45.833632177845992          -384.79284715092263            230.8754430370164           109.23078181794681           300.06755960599901           66.725292428933926           37.050695487086884          -729.21057419684462          -198.27285331972729          -188.30409536320099             206.012681456042          -157.52999176237262            62.95603118805267          -17.571909158518459           7.3807373480195659          -115.10457456706169           59.670249250457886          -36.303732201525484          -31.848421269444831           2102.8161155980456            304.5360584694792          -91.280599113234402          -85.531863138032037          -47.379972087196457          -10.963970734556957           2.3563695817306396          -11.140411470059234
-154.00272081283168          -4175.1405597506846           460.63763581461239          -74.379060634227585            23.35628615617307          -60.998386601947672           55.788149033073211          -194.67227011394573           230.50233193707942           288.91635032429144           414.80727325658393           82.556117062972675           45.252828094760467          -242.83947559495363           31.726741843517289           20.193458538463801           18.514443367558968          -64.015540669935049           74.172017140875667          -20.962318312252183           8.9830044834141862           9.3775785930990878           57.992217274421307           81.748351811212189          -59.078279854720662           304.53605846947761            2448.240541017949          -9.8838774302181367          -98.154395088891008          -22.349480818105832          -7.3083717322634385           2.2576352718047588           -5.381863091271498
-348.80120323276475           261.50607529174601          -23.235073466318568           5.7408742637005812          -1.8299372918459333           4.5371388542461633          -4.3511710364420555          -95.866228398192874           -0.499580564021187          -92.788229814931782          -54.656990040182798          -7.0405573156733885           -3.599196834486655          -467.33552145426364          -253.40575687700405           -213.7823719662054           170.92490038556633          -110.74812445322559           -15.27813958984278           1.4435235405998679         -0.70029246006674817          -78.988965699563366          -5.1599597725513746          -108.80811592328317           11.559470539811665          -91.280599113235183          -9.8838774302178258            1621.739059502501          -24.184179580742775          -9.6181020896763787           2.3025668471739404          -4.0980791168367405          0.97358499117265751
11.443371429212533          -4348.4991782548414           426.69294829560749          -82.147090842581974           25.804960512735548           -67.31000856536744           61.630166492764261          -283.88854272250592           274.42622710927031            344.1132695547102           466.06306426514465           91.408679819217156            50.01565147818576          -146.87321562548976           155.23560496354196            113.4118772077311          -20.209581420137567          -12.522209806375074           105.45422211761054          -23.091441385084309           9.9235710879332935           1.9363679318475135           83.070589122084868           130.76688438906092          -56.584158638698234          -85.531863138025727          -98.154395088894489          -24.184179580741009           2284.0557723828692          -35.319458612832733          -14.565187120005461           7.5429356156812162          -11.636139623766212
-202.84411570601978          -575.99563303982029          -66.961096517791105           -21.01523009161842           6.6008273204969381          -17.224011544562931           15.765318222350338          -92.671135244599384           72.478944240740134           86.193411710637463           118.63907434178344            23.36709409064115           12.792442492502857          -176.33518815125558           57.687534428205382           5.6580332190897735           58.978089634246587           33.316294004749125           36.335832565189421          -5.9119139385873076           2.5385099721394511          -45.656115683565972           30.180548721951141           22.270331925277357          0.10693986166629271          -47.379972087195512          -22.349480818104176          -9.6181020896761744          -35.319458612833671           424.95893597372401           -27.01150017916251           7.4821643733975076          -15.903375442617858
11.666709549155819           -719.9387786629112           47.838823022405109          -8.2484436255689957           2.5911833093476098          -6.7580756515317004           6.1884756062700994          -34.697003062294698           28.182808983115649           34.786979717903662           46.872872477079056           9.1806221578125946           5.0224573148187748          -18.721218071492544           38.017152454213516           24.185333959870071           1.6284017915826894           16.059085629146253           14.363939038081627          -2.3180486220136518          0.99645535811399866           -15.30270173190295           11.771201270997988           16.676107747765133          -1.4870362686919671          -10.963970734556119          -7.3083717322612278           2.3025668471741279          -14.565187120005616          -27.011500179162315           488.79271751702072            3.114033292073934          -4.9547359516530491
-138.00437691022358           102.36242157811803           64.707835579666749           4.0462478990194146          -1.2712065385383031           3.3144627923367525          -3.0359195617858714           16.522278624374913          -13.746205851800491          -17.348850488247081          -23.084655062134544          -4.5062226573028763          -2.4641798551100145          -16.453628387640315          -30.537594960894097          -27.778674286289476           9.1665060871348025          -8.8413787956922807          -7.0800265157546161           1.1364075884932809         -0.48883605553843534           6.7968053780268516          -5.7558078053998489          -12.702975584371552          0.61636038181731045           2.3563695817305996           2.2576352718047086          -4.0980791168367965            7.542935615681392           7.4821643733975058           3.1140332920739993           191.04741405247086           13.342302995351915
6.7811094107453584          -378.24262082344643          -81.697907993567554          -6.6843169433794856           2.0997537980845902          -5.4770120463315344           5.0148554256113709          -28.441987349433042            22.88989700458724           28.005344689488048           37.925046746045041           7.4379726139412554           4.0697847774636395          -25.023354163454126           36.468690546080232           20.529373422804071           7.9401484001005169           12.551584855215458           11.625543570165178          -1.8789426387620052           0.8074823733846892          -13.008907539694896            9.558963275804329           13.034917875096461          0.39250932860959298          -11.140411470059009          -5.3818630912714394          0.97358499117269326          -11.636139623766621          -15.903375442617836          -4.9547359516531468           13.342302995351886           177.28845165858718
