576
29
-577           5.4576104471995341
-577          -2.1838837217034928
-577         -0.74437282810576888
5836           2.3148995717116616
5836          -4.9883521926385184
5936           2.2942658398857474
5936          -1.9721237434005501
5937           5.2788195193006802
5937          -1.9351265870087162
6036           2.2353776593854504
6036           1.0214834187263475
6037            5.234726837894252
6037           1.0426061729477656
6136            2.187555552530096
6136           3.9994750354310784
6137           5.2077021057650983
6137           4.0343885254862881
5837           5.3193648814055408
5837          -4.9255263209938951
5938           8.2699691914485136
5938          -1.9120844981368432
6038           8.2484464569124967
6038           1.0901497086618233
5838           8.3610024496669233
5838          -4.9291777973351554
5737           5.2833088212669272
5737          -7.8724343772311576
5939           11.288808340374853
5939          -2.0234177759005929
54662.535873492401           55886.699887228897          -12411.112582025657          -3321.7409765566563           320.64540858339797          -3550.6438592724962          -921.93398697590703          -34728.904388513765          -38644.230166253757           255.03185805829349          -580.91375255553544          -342.12259849829832          -1078.7151320793394           233.11564163172812          -150.59760077336256           144.19970779774673          -469.45909253411412          -7041.1044807132957          -924.14225188664659          -1695.2810938328166          -2750.6188619088193          -622.34830839786491          -1237.5553225253097          -2580.4587020934819          -1364.8626384171664          -586.42500938893863          -14.967933205602648           -91.51054347454334          -180.09231684727274
55886.699887229079           78193.341268241231          -15011.854908644964          -3703.6088502464559           350.93623821553683          -3972.2559936195794          -1031.8934503450196          -34759.693293080811          -57922.729530633631           285.63438528549193          -650.20228886607322           -377.0990905265412           -1211.436256210651           260.88997796686505           -168.5365337321777           161.76387928572743          -525.52322503573851            -7375.24802865936          -1137.1673080355527          -1751.5995877776372           -3483.883861267841          -479.04230266274726           -1573.191099443633          -2753.6737151281791          -1625.9136081215277          -572.16483319954204          -113.43294339685356          -28.801998499266446          -271.41454533101205
-12411.1125820257          -15011.854908644978           9905.9531595352892           832.11774061991707          -77.976453431944947           894.24436117417235           232.36367578819284           8178.8338762053572           11503.956478360828          -64.342898854853559           146.41409374333838           84.183392297508476           273.30396416965465           -58.74398474836142           37.948489603138185          -36.472210432671169           118.34728280156821           1264.9062102815296            245.3796244563419           423.17046475915311           330.93871677742641            322.2653498214471            148.5115906880219           425.00303569861114           142.19232181512024          -51.392873965136459           12.955790572311216           12.301675598005362          -90.442462607319612
-3321.7409765568132          -3703.6088502466405           832.11774061995175           6159.8213298837018          -424.36193600444494          -654.02472415302589          -91.623306699964473          -947.10088847367524          -1356.8143608906894          -262.32820322426409           148.25350757098033          -292.63624758112803           130.61847668732889          -27.978718940718416           1.6568262454306737          -58.610567040832358          -17.283464254680833          -16.886149403904291          -13.148043938720392          -152.30559033770351           288.94727883526957          -315.77429578313604           190.68089408770174           65.210805756027654           159.30881685363943            33.10074702376869         -0.54583199201441024       -0.0048273010321366883           13.522079073582972
320.64540858343048           350.93623821557964          -77.976453431953473          -424.36193600444835           4386.4313674341793          -632.66720338418031          -372.66952952082107           -94.67565775729723          -761.73061575461122           293.31189640523399          -376.06432613739673           152.90918232467723          -474.97046228799832            125.6339423351576          -72.842037321033473           57.048562406041597           -138.2633350377416           231.12130353564166          -90.856484085855911           69.886139664023034           14.702953676115786          -3.8678230035772803          -9.6831919397727972           113.15456508571144           33.051936805646662          -2.6499290090430918          0.02071122553837984         0.010840881730005358          -1.2085989786850178
-3550.6438592724335          -3972.2559936194539           894.24436117414689          -654.02472415302964          -632.66720338418111           11126.023872476428           2061.9223975685613          -1625.5160754228007          -2824.9183767846253          -2291.7285180188683           1002.4161392771988          -1145.2952452211121           99.154231179169841          -94.097426292518747          -51.331106337754719          -541.94627261201106          -185.95224556100112           435.72117538750263          -46.991106209565103           -105.9896784550169           727.88752112622819          -672.62566371082698           520.48335955736547           379.48706107118784           318.21783091248824           36.492189455608241          -0.6488120968349288         0.016055206781347309           14.650721531628733
-921.93398697586451           -1031.893450344952            232.3636757881784          -91.623306699965269          -372.66952952082016           2061.9223975685568           3995.4839768714078            -365.811259635059          -966.18319021130867          -202.99945942180216          -219.17108255099012          -81.352704033018242          -442.45030109606665            119.5990671188711          -115.29985094597252           -94.29946906942736          -148.94178775320631           363.64090362130918          -29.167416905694257           73.446345653045739           204.40899096942599          -107.07941100094251           147.44192467134201           109.16063817912541            79.27305294941884            9.514703816674853         -0.17083676777933318        0.0049398590324092329           3.8110712647749097
-34728.904388513693          -34759.693293080636           8178.8338762053172          -947.10088847381348          -94.675657757271438          -1625.5160754227618          -365.81125963502757           38043.422246365306           36001.188565641001          -270.50943598042772           55.170077726044838          -25.252206121826021          -459.81946587007542           13.221463078220808            -34.5459275505753           6.2853917144307196          -159.87917649535552           282.49787322538856          -460.28448753947941           -313.1828578063778           221.53438839306409          -513.30358819407115          -95.988972509443556           349.90750270427384           220.40749940763681           299.93477846470341           14.157142365773646          -7.0198965331850758           137.44735940900864
-38644.230166254165          -57922.729530634089           11503.956478360924          -1356.8143608908504          -761.73061575457814          -2824.9183767844625          -966.18319021122943           36001.188565641234           75042.362726002146           828.04167978465034          -958.88471259981986           1047.5314214652262          -2227.7987683855686           324.59457572293422          -176.87424014882279           376.13118454500631          -576.55910674973336           1912.7340824854123          -1687.5345975908224           282.16110104174527           -2669.847542743295           942.16907264984957          -2104.2859818166326           1002.6550221620876          -729.85932818594767           517.49727030801296          -80.821259898080825           26.145543612971849           164.25328062375047
255.03185805826291            285.6343852854265          -64.342898854840882          -262.32820322426448           293.31189640523519          -2291.7285180188765          -202.99945942180287          -270.50943598038856            828.0416797847613           6878.6360240988606          -4065.8025515042709          -892.80237306633148           1178.5455728588272           -847.5821964871227           229.68662087904147            -717.506490433301           387.83557555344152          -189.21817015625246           176.82921976312096          -56.249404804145939          -30.534262760036661          -9.6626522066661185          -13.265018183981965          -34.230142774560107          -20.656311084255279          -2.6469839665677597         0.048158056638676131       -0.0016591870062526159          -1.0568921378248035
-580.91375255550383          -650.20228886601137           146.41409374332693           148.25350757098039          -376.06432613739747           1002.4161392771994          -219.17108255099069           55.170077726012607          -958.88471259991366          -4065.8025515042596           6397.9204360052654           516.55286003888807           -901.2966488413806           845.90741388664196          -290.80745929830874           353.97908497951391          -258.73507688871314           283.39878996926552          -71.176423639347945           45.997923259305864            111.7105507150865          -59.322156715214746           75.635974183325629           68.841493446081586           49.931597822155346           5.9954662098352571         -0.10765799696028555        0.0031169039176859314           2.4014077360576493
-342.1225984982579          -377.09909052648339           84.183392297496766          -292.63624758112712           152.90918232467746          -1145.2952452211134           -81.35270403301918          -25.252206121852026           1047.5314214651844          -892.80237306633148           516.55286003888978           4674.7968714109657           -1703.561027907916          -112.87349384284603           18.031296193898612          -393.99981110066574           165.91107773439745            -150.971088167299           280.41387721961689          -228.35856052876042           495.69070955529952           -439.2040717684302           469.69679392889822          -49.529291725737842           109.21062192694578           3.0589189699313692        -0.035005464722840343       -0.0073999024780545541           1.3307634618976465
-1078.7151320793137          -1211.4362562106019           273.30396416964368           130.61847668733355           -474.9704622879957           99.154231179171319          -442.45030109606591          -459.81946587010486          -2227.7987683856882           1178.5455728588333           -901.2966488413897          -1703.5610279079165            6214.921124506006           241.09750096970939          -101.79932016548987           463.18735838470019          -365.61406709034873           396.91760277626327          -362.84037778959021           220.64935188798498          -233.91589589162822           217.37160125705773          -292.25708297064648            190.5946538614451           37.053782650720095           11.461648731387015         -0.21967589977603696         0.012214968130309201           4.5173629285469588
233.11564163173449            260.8899779668721          -58.743984748363175          -27.978718940717457           125.63394233515778           -94.09742629251943           119.59906711887017           13.221463078210519           324.59457572291649          -847.58219648712168           845.90741388664287          -112.87349384284678           241.09750096971283           1863.5431167836366          -196.18327315314903          -65.066187989244355            72.18733780460758          -102.82832102453827            3.294761456244625          -12.457947199501112          -47.907303294997433            29.74726420170628          -33.669150304729953          -26.958578574862582          -20.247566088808604          -2.4034549124174163         0.043053405917143801       -0.0012023905421160719         -0.96322640868640974
-150.59760077337143          -168.53653373219052             37.9484896031407           1.6568262454298726          -72.842037321033857          -51.331106337754683          -115.29985094597198          -34.545927550565978          -176.87424014880418           229.68662087904042          -290.80745929830795           18.031296193898651          -101.79932016549081          -196.18327315314778           1365.7515784355576          -1.3812523181059415          -23.080874889353364           62.437349486584225         -0.47570263084319442           7.2874822067848415           31.338576119888888          -19.970151135397369           22.170612066038331           17.331291791091289            13.10702266114005           1.5523688842138625        -0.027794545867625611       0.00077063646735200941          0.62220902899146324
144.19970779778947           161.76387928578404          -36.472210432682544           -58.61056704083105           57.048562406042677           -541.9462726120056          -94.299469069425754           6.2853917143808644           376.13118454492258          -717.50649043330247           353.97908497951511          -393.99981110066608           463.18735838469991          -65.066187989244739          -1.3812523181057152           2005.5573871158515           33.536005002989569          -26.135621050189442           118.42746248128847          -43.706829527471484           79.739127147496092          -63.462230093461898           89.743801318211837          -25.048230205388297           -9.879433272310326          -1.5177804267791686         0.028500466344422236       -0.0013514856355956728         -0.60132426214855172
-469.45909253418836          -525.52322503584469            118.3472828015897          -17.283464254682926          -138.26333503774163          -185.95224556101059          -148.94178775320873          -159.87917649527824          -576.55910674958545           387.83557555344368          -258.73507688871592           165.91107773440118          -365.61406709036095           72.187337804606585            -23.0808748893533           33.536005002987679           2027.8904052225359           106.05045440689966          -82.628476231857732           30.782383634392431           36.340306042759934          -25.438731756650697           7.4314437433811804            57.14651448865019           39.872675136223364           4.8507861553092937          -0.0873404796965985        0.0026287642741578132           1.9416649771471839
-7041.1044807134203           -7375.248028659521           1264.9062102815542          -16.886149403914033           231.12130353563941           435.72117538751866           363.64090362131321           282.49787322545899           1912.7340824854823          -189.21817015624868           283.39878996926973          -150.97108816729073           396.91760277626918          -102.82832102453897           62.437349486583486          -26.135621050191801           106.05045440689744           6734.7899093205006           695.18397043661867          -78.635591024831456           47.336192122224077          -47.530548200092824           52.966520500691331          -86.381206331086986           6.5011072443089972          0.34748540793771099          0.76522598407762055         -0.49793123191714805           1.6609516552216519
-924.14225188653324          -1137.1673080353855           245.37962445630899          -13.148043938725621           -90.85648408585557          -46.991106209571797          -29.167416905696946          -460.28448753955212          -1687.5345975909868           176.82921976312559          -71.176423639350702           280.41387721962053           -362.8403777895993           3.2947614562425045         -0.47570263084251874            118.4274624812834          -82.628476231855061           695.18397043659468           3669.7581052358901           37.407646235863638          -98.753525462112833           53.693501192093308          -112.23512929071558           65.515657628546791          -3.2106337473735529           9.4891842052862216         -0.52044341183332676          0.18664983913230526           3.8576629336462247
-1695.2810938327948          -1751.5995877775931           423.17046475914458          -152.30559033770544           69.886139664024611          -105.98967845501596           73.446345653045697          -313.18285780638826            282.1611010416911          -56.249404804146089           45.997923259305885          -228.35856052875872           220.64935188798336          -12.457947199501486           7.2874822067849285          -43.706829527471449           30.782383634392843          -78.635591024844302           37.407646235862771             2824.97886879711           381.03051485385322          -192.97003656952066           133.23059823570611           5.3941953861709697           91.449995728532159           16.711111758611651          0.18311952307470147          -0.2595870013352175           7.7798611451721627
-2750.618861908622          -3483.8838612675254           330.93871677736797           288.94727883525604           14.702953676117772           727.88752112621819            204.4089909694215           221.53438839296609          -2669.8475427435646          -30.534262760020823            111.7105507150699           495.69070955529827          -233.91589589163985          -47.907303295005192           31.338576119891012           79.739127147493093           36.340306042767772           47.336192122186674          -98.753525462116329           381.03051485383469           5155.5642647307195           477.59266831146454          -451.44458845318695          -17.860087545366106          -248.71204823155648          -28.360060376617412          -1.5948565538831405           1.0594127998328222           -13.49311855706901
-622.34830839781489          -479.04230266267263           322.26534982143221          -315.77429578313922           -3.867823003576472           -672.6256637108263          -107.07941100094259          -513.30358819410628           942.16907264977976          -9.6626522066673566          -59.322156715214923          -439.20407176843077           217.37160125705995           29.747264201705789           -19.97015113539743          -63.462230093460896          -25.438731756652444          -47.530548200101677           53.693501192095951          -192.97003656952293           477.59266831147005           2867.3856912109341          -183.81738573322775           49.284207012453365           230.54635632235809           31.565859832835756          0.51608953392411283         -0.53426639280336319           14.151354235829274
-1237.555322525292          -1573.1910994435987           148.51159068801576           190.68089408770186          -9.6831919397705235           520.48335955735911           147.44192467133934          -95.988972509455721          -2104.2859818166507          -13.265018183980315           75.635974183324535           469.69679392889992          -292.25708297065194          -33.669150304726294           22.170612066038657           89.743801318208824            7.431443743386005           52.966520500692454          -112.23512929072227           133.23059823571074          -451.44458845319451          -183.81738573322323           3301.3984025897194           10.324641262832628          -171.84691420977964          -13.204239675747203         -0.75852776049354576          0.48763097036484071          -6.1342515507990356
-2580.4587020934755          -2753.6737151281582           425.00303569860716           65.210805756029515            113.1545650857129           379.48706107118835           109.16063817912739           349.90750270427452           1002.6550221620439           -34.23014277456096           68.841493446082396          -49.529291725736364           190.59465386144467          -26.958578574862791           17.331291791091079          -25.048230205389498           57.146514488649196          -86.381206331097829           65.515657628551295           5.3941953861713756          -17.860087545353196           49.284207012454232            10.32464126283412           1875.2993702425772           232.10225454464202          -6.0726278646255878          0.14851148515363888        -0.057070224701455619          -2.0911855013544027
-1364.8626384171341           -1625.913608121474           142.19232181510961           159.30881685363801           33.051936805648623           318.21783091248523           79.273052949418869            220.4074994076168          -729.85932818600372          -20.656311084257819           49.931597822157975           109.21062192694851           37.053782650706552          -20.247566088807659           13.107022661140061          -9.8794332723119709           39.872675136224714           6.5011072442984634          -3.2106337473740911            91.44999572853169          -248.71204823154261            230.5463563223604          -171.84691420978311           232.10225454464344           1847.9767651905013          -16.475528517242651          -0.4408888449923537          0.35162879277433845          -7.3140166451105415
-586.42500938890862          -572.16483319953375          -51.392873965137937           33.100747023766345           -2.649929009042495           36.492189455610628           9.5147038166757234            299.9347784647008           517.49727030800318          -2.6469839665691541           5.9954662098362181           3.0589189699318631           11.461648731388383          -2.4034549124172728           1.5523688842138319          -1.5177804267786932           4.8507861553082616          0.34748540793730953           9.4891842052872022            16.71111175861321          -28.360060376614015           31.565859832835812          -13.204239675746351          -6.0726278646250771          -16.475528517241784            170.2812275846336          0.27025310478321618        0.0052141390897416651          -9.0952838421126216
-14.967933205602954          -113.43294339685409           12.955790572311415         -0.54583199201446497         0.020711225538402545           -0.648812096834952          -0.1708367677793837           14.157142365774739          -80.821259898079091         0.048158056638667568         -0.10765799696035261        -0.035005464722667412         -0.21967589977680935          0.04305340591711837         -0.02779454586757496         0.028500466344379402        -0.087340479696658924          0.76522598407698306         -0.52044341183338139           0.1831195230747138          -1.5948565538831474          0.51608953392405876         -0.75852776049363513          0.14851148515362964         -0.44088884499223235          0.27025310478325082           199.67422551457045          0.17298054148375089        -0.056940890544126432
-91.510543474542516          -28.801998499265299           12.301675598005094       -0.0048273010321508991          0.01084088173005382         0.016055206781295794        0.0049398590324337827           -7.019896533185543           26.145543612970837       -0.0016591870062834801        0.0031169039176874858       -0.0073999024780234679         0.012214968130287635       -0.0012023905421171405       0.00077063646734054636       -0.0013514856355654158        0.0026287642741192607         -0.49793123191743571          0.18664983913235195          -0.2595870013352356           1.0594127998328944         -0.53426639280334176          0.48763097036477987        -0.057070224701455147          0.35162879277433268        0.0052141390897517681          0.17298054148374784           99.870733987771402          0.32336149449674778
-180.09231684727987          -271.41454533101688          -90.442462607320508           13.522079073582502          -1.2085989786852309           14.650721531628236           3.8110712647745069           137.44735940900367           164.25328062375712          -1.0568921378243619            2.401407736057747            1.330763461897372            4.517362928546615         -0.96322640868642639          0.62220902899140418         -0.60132426214834755             1.94166497714702           1.6609516552196943            3.857662933647418           7.7798611451715818          -13.493118557068058           14.151354235829357           -6.134251550799803          -2.0911855013547886          -7.3140166451109092          -9.0952838421126359        -0.056940890544077125          0.32336149449673701           85.622397791043099
