310
31
-311           5.4358201133280541
-311           2.2293694821157874
-311          0.76197156555092582
6016           2.8087011379398104
6016           3.9297711483972537
6116           2.9551343241801225
6116          0.94838571985049269
6216           3.0879773040685881
6216          -2.0632587629089683
6217         -0.01050730192467789
6217          -2.0456355806049848
6316           3.1502715563401344
6316          -5.0660390896293368
6317          0.19491522237815262
6317          -5.2868189522129665
6115           5.9380998960516491
6115           1.0677131272189668
6215           6.0506200299612019
6215          -1.9321905041166541
6015           5.8108132634159544
6015             4.05647050136335
6114           8.9629757615842287
6114           1.1708321754886757
6014           8.8235469490085521
6014           4.1817704782087235
6214           9.1250926452014394
6214          -1.7613511962725656
5916           2.6969589228032183
5916           6.9721563929485821
5915           5.6111860419879092
5915           7.0459983915832725
33576.861361088551           -32631.10339886283           6889.7054220685113          -5028.1654229125279          -151.05573684304542          -9754.4597337525029           6844.3744251374128           578.00884279816466           702.43138866915831                            0                            0           261.94379364304007           255.80654574346244                            0                            0          -2275.4652403280411           4768.1762081316738           685.78041145701059           1996.3093950391906          -9145.7373106801679           4161.5309989954621          -1210.0393417604903           2372.5950348034398          -2015.3423086425896           1593.8306921230942          -486.20682411710402           1066.2779467331909          -2100.0360189682974          -206.06568363755858          -2037.8209159477781           293.04426262804776
-32631.103398862848           43278.491219014024          -8167.1275399761262           5756.4192148361417           88.231207682688705           11430.139490836767          -8074.9869580956629           -681.5217232049107           -827.9996864821162                            0                            0          -308.75408449614304          -301.49540818464453                            0                            0           587.99872356299568          -8586.5784193785275          -847.12743218661296          -2377.5551588990056           8635.5015093821003          -4675.3948294753254           904.68134973019801          -3486.5039306913995           1944.0272513007965          -2194.1192761623029           135.35475757521277          -1574.7430584243066           1987.2358909555878          -98.136784336802819           1850.4628620690874          -639.81976383639631
6889.7054220684995          -8167.1275399761043           8433.3834717547725          -1269.4645669051904          -28.131041289160052          -2493.7717281865271           1756.2739550263941           148.26896053275107           180.15863497003832                            0                            0           67.181163989587731           65.604218297406774                            0                            0          -345.40572674679731           1563.1283223980511           180.46609453860577           514.89073178622164           -1523.830265455189           889.85776422445008          -319.14904555790019           396.97926757741681          -321.85170503458158           203.06438784705273          -214.88204620901871           163.41845450308972          -300.09049089291665           78.995192682720344          -228.07296776050504           91.723193913743529
-5028.1654229124088           5756.4192148360098          -1269.4645669051688           9117.2248644127976           323.55899152091087          -2650.9344338723586           833.05548530178896          -317.80210342510122           -172.6808205955237                            0                            0           -86.49516540301839          -18.384001776254554                            0                            0           -453.1548082608773          -379.80801720534748          -251.88209877000571          -70.412834417343788           4.3733958162735496          -14.124404251518177          -190.43618800433535          -212.59735700716118           40.562059736912033          -194.37678083767381          -218.06908574330359          -140.25050665020984           119.45090693668992           99.574628682847589           194.99506716591037          -8.0706260769686189
-151.0557368430394           88.231207682678601          -28.131041289159889           323.55899152090211           4415.9925374044451           694.50574587977189          -1583.2119820453663          -231.38589233125504          -279.84832841311714                            0                            0          -116.64491335686191          -99.432331649347603                            0                            0          -76.848400120058699           -806.2467377643261          -84.545998660445875          -295.13804866820806          -244.19504909613059          -64.450782675290142          -67.354192624926981           29.950872352513464          -100.29458929936105            30.30679036654497          -2.9874025908137538           28.301038786516624          -120.19523492787881          -62.339606719768213          -78.256852975975718          -14.566705216841902
-9754.4597337525483            11430.13949083682          -2493.7717281865371          -2650.9344338723486           694.50574587977371           17922.983577536157          -8317.0422699983537          -1308.1985395940251          -341.76490203824312                            0                            0          -97.995189073756165           103.11545772524255                            0                            0          -1524.0936583676673          -759.23430230358235          -2505.0154426261597          -990.91864077925356           215.24669962536362          -531.67732591855588          -448.69855982259168          -1197.5913546580564           444.91170653573147          -592.64144123286928          -505.12398527343703          -474.31399784961985           691.09210850173554            415.0159384711335           661.73174336002012            23.42827129754923
6844.3744251373619          -8074.9869580956056           1756.2739550263805           833.05548530178521          -1583.2119820453709          -8317.0422699982973            17436.03866740398           81.101432885504622          -660.34085998133696                            0                            0          -309.87332214320799          -371.50617093198446                            0                            0           758.57075033427088          -1677.6006073808337           803.84460243500496          -634.21107319361897          -859.87361277703974          -8.8619364824460085          -39.181919114629032            739.4324835502797          -393.51082742987211           385.09487183080483           299.52782637725534           304.21483113351724          -552.61805943781087          -335.90490303513013          -496.18380037719214          -34.040904684377992
578.00884279814773          -681.52172320489399           148.26896053274803           -317.8021034251027          -231.38589233125694          -1308.1985395940198           81.101432885507293           3890.0381335518523           1511.7932113913996                            0                            0          -499.12404280718562          -148.54221385423384                            0                            0          -273.08964382349558          -631.30101849756795          -524.73826863389411           -511.5269147976648          -183.95765282846804          -211.20520898078857         -0.23360718568073277           58.156083624588845           -32.61993224965898           32.752187595852511           25.707971729089717            25.90569951878523          -46.159273334914218          -28.030914212499138           -41.66306946554262          -2.7423390852237373
702.43138866917161          -827.99968648213303           180.15863497004284          -172.68082059553245           -279.8483284131184          -341.76490203825085          -660.34085998132628           1511.7932113913992           3357.1773338368503                            0                            0          -375.63020302618116          -164.75770148384655                            0                            0          -126.19827085889651          -457.29595530685418          -234.30313737428534          -318.91764804473229          -219.48186171465707          -75.103835120407041           1.0356087617614786            72.86462136431345          -39.305440221232629           39.929736881879975           31.469031059365534           31.600594269816352          -55.815577984665111          -33.879992525126234          -50.499682455451975          -3.2598568929978078
0                            0                            0                            0                            0                            0                            0                            0                            0           784.45362049275161          -3.5156608108220904                            0                            0                            0                            0                            0                            0                            0                            0                            0                            0                            0                            0                            0                            0                            0                            0                            0                            0                            0                            0
0                            0                            0                            0                            0                            0                            0                            0                            0          -3.5156608108220904           100.01805801089611                            0                            0                            0                            0                            0                            0                            0                            0                            0                            0                            0                            0                            0                            0                            0                            0                            0                            0                            0                            0
261.94379364302659          -308.75408449612792           67.181163989583879          -86.495165403016372          -116.64491335686027          -97.995189073752869          -309.87332214321191          -499.12404280718459          -375.63020302618105                            0                            0           1433.1583645089261          -66.185204387536103                            0                            0          -74.567902887007065          -198.02432168162281          -119.59137778379437          -146.11611287458834          -83.716239256650198          -33.570096271295071          0.47575829313179263           27.320951166703999          -14.634564228241617           14.898847330175638           11.750544227042722           11.792222892619451           -20.79518557087421          -12.621640120553549          -18.822894506845554          -1.2106906113980431
255.80654574346326          -301.49540818464413           65.604218297406945          -18.384001776254863          -99.432331649346736           103.11545772524343          -371.50617093198593          -148.54221385423324          -164.75770148384632                            0                            0          -66.185204387536473           1550.2804105488447                            0                            0           -1.899708293062474          -102.83627112345516          -3.2308430485958426          -55.395316638271943          -78.384237426500817            6.858336925940284          0.60820801864509433           26.918754886067045           -14.25509275878048           14.563622852128585           11.499947820624369           11.528819825531983          -20.277499776166582          -12.305804432500656          -18.367539802758166          -1.1744035678036953
0                            0                            0                            0                            0                            0                            0                            0                            0                            0                            0                            0                            0           117.26800928231557          0.63663951796224938                            0                            0                            0                            0                            0                            0                            0                            0                            0                            0                            0                            0                            0                            0                            0                            0
0                            0                            0                            0                            0                            0                            0                            0                            0                            0                            0                            0                            0          0.63663951796224938            100.0234717198262                            0                            0                            0                            0                            0                            0                            0                            0                            0                            0                            0                            0                            0                            0                            0                            0
-2275.4652403280497           587.99872356299954          -345.40572674679788          -453.15480826087355          -76.848400120061115          -1524.0936583676646           758.57075033427054          -273.08964382350069          -126.19827085889911                            0                            0           -74.56790288700725          -1.8997082930617455                            0                            0           6130.3046514165035           1735.9138130255908          -266.66960046552452          -104.77082196596619           -224.9320685990121          -166.61459758070868          -301.65735635889826          -623.80031748941076          -43.213289368807956          -410.67088633166964          -384.93010587941296          -356.22519724540587           33.303465411181769          -43.213327760684308           56.446068647779967          -161.75917423335659
4768.1762081316392          -8586.5784193784857           1563.1283223980558          -379.80801720535499          -806.24673776432405          -759.23430230355177          -1677.6006073808271          -631.30101849757932          -457.29595530686356                            0                            0          -198.02432168161613          -102.83627112344946                            0                            0           1735.9138130255917           15689.912708683223          -1096.8163296387804          -1216.5147049094751          -964.25918776965329          -760.18889738670305          -577.84701540189303          -1181.3961506927783          -426.26884456959044          -544.11446704534035          -525.05424064909744          -547.61826424185028          -398.63045396663853          -438.30316166276589          -403.13273714344041          -370.96833786507801
685.78041145699228          -847.12743218659091            180.4660945386016           -251.8820987700056          -84.545998660444454           -2505.015442626162           803.84460243501451          -524.73826863389047          -234.30313737428602                            0                            0          -119.59137778379383          -3.2308430485957125                            0                            0          -266.66960046552424          -1096.8163296387747           3805.1020514061347           659.92037198831042          -88.785269896754514          -229.82998016358223          -81.853023251949864          -176.34230735103529          -54.654592802978534          -33.108845693454917           -35.15123294855519           -40.15066197586853          -54.721427624708404          -51.542805738645995          -68.533568022602282          -16.483095012731262
1996.3093950392135          -2377.5551588990256           514.89073178622743           -70.41283441736239          -295.13804866820828          -990.91864077927471          -634.21107319359851          -511.52691479766179          -318.91764804473524                            0                            0          -146.11611287458879          -55.395316638273442                            0                            0          -104.77082196596878           -1216.514704909453           659.92037198832395           4025.6186074479979          -228.40658629780441          -231.21838400902223          -47.467681071286286          -32.435013992194804          -117.85702889740985           61.611412221645814           44.169969881031214            38.60051445588482          -155.01217301182135          -107.01851879269249          -155.54159772935563          -17.651873869979823
-9145.737310680197           8635.5015093821257          -1523.8302654551992           4.3733958163394133           -244.1950490961357           215.24669962533758           -859.8736127770336          -183.95765282848319          -219.48186171466662                            0                            0          -83.716239256653466          -78.384237426499055                            0                            0          -224.93206859901255          -964.25918776966159          -88.785269896767744           -228.4065862978147           9506.1538668952562          -2643.7586965348091          -43.112412685192957           -41.80577589974601          -77.746472608467371          0.82188989228944676          -3.6885272037156556          -8.9643800565948695          -97.264813780036292          -77.026139698223517          -97.959727659718467           -34.85142478314107
4161.530998995453           -4675.394829475289            889.8577642244469          -14.124404251537467          -64.450782675285609          -531.67732591852609          -8.8619364824672111          -211.20520898078249             -75.103835120404                            0                            0          -33.570096271291533           6.8583369259385014                            0                            0          -166.61459758071095          -760.18889738674216          -229.82998016357377           -231.2183840090058           -2643.758696534826           5045.3773434477271          -29.752166673257882          -64.897037497203968          -49.401829050502826          -1.5789642274442688          -2.2230793250847087          -11.608181210447245          -59.365580108842735          -52.294388029494932          -63.687347130554684          -21.897993471937021
-1210.0393417604841           904.68134973019039          -319.14904555790054          -190.43618800433251          -67.354192624925844          -448.69855982259259          -39.181919114630851         -0.23360718567977773           1.0356087617630509                            0                            0          0.47575829313122625          0.60820801864536578                            0                            0          -301.65735635889877          -577.84701540189542          -81.853023251950987            -47.4676810712849          -43.112412685199168          -29.752166673258024           2338.7609447382856           25.344555793447544          -9.8188279478459872           -94.72823370824112          -97.989265175683286          -76.760977822327632            14.19605811394867           4.6677686711925332           33.202808174741342          -25.111021392251207
2372.5950348036126          -3486.5039306916074           396.97926757745449          -212.59735700717815           29.950872352508707          -1197.5913546581166           739.43248355033165           58.156083624597997           72.864621364317259                            0                            0           27.320951166701608           26.918754886067926                            0                            0          -623.80031748941383          -1181.3961506927196          -176.34230735103466          -32.435013992186747          -41.805775899808033          -64.897037497168725           25.344555793441089           3357.2775087762016          -11.348146083311001          -179.35848623894302          -168.16132037099041          -155.94162202089814           26.292718285983224          -9.8244265805816564           32.858829486720623          -57.239302484802622
-2015.3423086425455           1944.0272513007419          -321.85170503457186           40.562059736912943          -100.29458929936123           444.91170653571419          -393.51082742986313          -32.619932249657744          -39.305440221229631                            0                            0          -14.634564228242187          -14.255092758780112                            0                            0           -43.21328936880785          -426.26884456958754          -54.654592802977525          -117.85702889740377          -77.746472608486854          -49.401829050495678          -9.8188279478473497          -11.348146083295072            1819.537202007509           -256.8918945599782           16.722989869853983           19.501282070161352          -70.400807465951218          -45.083601874245119           -61.70073265627051          -11.622159232642383
1593.8306921230221          -2194.1192761622124           203.06438784703582          -194.37678083766963           30.306790366543268          -592.64144123283904           385.09487183078181           32.752187595850202           39.929736881877439                            0                            0           14.898847330176602           14.563622852126786                            0                            0          -410.67088633166543          -544.11446704533614          -33.108845693455393           61.611412221635966          0.82188989231017029          -1.5789642274520708          -94.728233708240495          -179.35848623896811          -256.89189455997257           2014.9140587418292          -140.06998748608657           -128.6461500189875           68.747178884185317            26.55152116140793           71.206555767138781          -33.838293439728957
-486.20682411711266           135.35475757522374          -214.88204620902087           -218.0690857433024          -2.9874025908139012          -505.12398527343521           299.52782637725255           25.707971729090545           31.469031059366294                            0                            0           11.750544227042486           11.499947820624442                            0                            0          -384.93010587941433          -525.05424064910028          -35.151232948556043           44.169969881031385          -3.6885272037104291          -2.2230793250883374          -97.989265175682931          -168.16132037098853           16.722989869854732          -140.06998748608663           1597.4886360137734          -80.964069272706155           56.104519468376203           26.045281890355007           70.609275392703864          -30.341082236626168
1066.277946733203          -1574.7430584243159            163.4184545030929           -140.2505066502186           28.301038786513882           -474.3139978496265           304.21483113352588            25.90569951878539           31.600594269816394                            0                            0           11.792222892620872           11.528819825531167                            0                            0          -356.22519724540399           -547.6182642418529          -40.150661975864359           38.600514455891371          -8.9643800565824705          -11.608181210452031          -76.760977822327632           -155.9416220208943           19.501282070159348           -128.6461500189852           -80.96406927270516           1619.9511099590727           53.336728616298331            13.74864122151784           48.134365399863263          -32.079522862103133
-2100.0360189683565           1987.2358909556538          -300.09049089293052           119.45090693670889          -120.19523492787829           691.09210850174691          -552.61805943782713          -46.159273334912498          -55.815577984662269                            0                            0          -20.795185570875546          -20.277499776167854                            0                            0           33.303465411184192             -398.63045396664          -54.721427624710159          -155.01217301182842          -97.264813780021726          -59.365580108858396           14.196058113949881           26.292718285984204          -70.400807465944055           68.747178884177842           56.104519468376033            53.33672861629752           1492.7802343838916          -58.439177334713349          -100.66420644979158          -7.2150765332668554
-206.0656836375517          -98.136784336808788           78.995192682720884           99.574628682844832          -62.339606719768419           415.01593847113401          -335.90490303513252          -28.030914212498523          -33.879992525124948                            0                            0           -12.62164012055319          -12.305804432500548                            0                            0          -43.213327760684507          -438.30316166276953          -51.542805738645619          -107.01851879269073          -77.026139698225393           -52.29438802949516           4.6677686711924604          -9.8244265805782742          -45.083601874245169           26.551521161408285           26.045281890354477           13.748641221517373          -58.439177334715026           1553.8254231476469          -73.716553597624326          -14.434677301386056
-2037.8209159477326           1850.4628620690485          -228.07296776049787           194.99506716591119          -78.256852975975931             661.731743360005          -496.18380037718828           -41.66306946554166          -50.499682455448855                            0                            0          -18.822894506846588          -18.367539802758337                            0                            0           56.446068647779541          -403.13273714343296          -68.533568022601301          -155.54159772934787          -97.959727659731882          -63.687347130545888           33.202808174740582           32.858829486729469          -61.700732656272649           71.206555767139207           70.609275392703552           48.134365399864329          -100.66420644979647          -73.716553597624326           1334.8664717947702           -21.86659631394139
293.04426262803736          -639.81976383638039           91.723193913741028          -8.0706260769671587          -14.566705216842053           23.428271297551646           -34.04090468437721          -2.7423390852227092          -3.2598568929977105                            0                            0           -1.210690611397748          -1.1744035678041307                            0                            0          -161.75917423335744          -370.96833786508944          -16.483095012729603          -17.651873869978836          -34.851424783136586          -21.897993471938719           -25.11102139225099          -57.239302484805641          -11.622159232642526          -33.838293439727558          -30.341082236626249          -32.079522862102976          -7.2150765332650337          -14.434677301385896           -21.86659631394275           1281.9523321919949
