152
29
-153           5.9983015744326424
-153        -0.032476516295691649
-153        0.0025578595442305244
2338           2.6743431528653376
2338           4.8463700287051612
2438           3.9098038524256822
2438           2.1207418659000492
2439           1.1770189619409075
2439          0.85369066903232949
2538           5.1667961912491105
2538          -0.6005100683084631
2539           2.4461896224676329
2539          -1.8404063549374623
2639           3.7352201720571374
2639          -4.5665626980133558
2640          0.96806786066352779
2640          -5.7761922552876186
2638           6.4361586287691939
2638          -3.3323279593017046
2437           6.6199075552473436
2437           3.3757839822772437
2537           7.8739971899722034
2537          0.68736781294745319
2637           9.1717361258242516
2637          -2.0183372010797291
2536           10.614473556342535
2536           1.9397103623069725
2436           9.3682558701803416
2436           4.7058748541672673
5225.4868595354919          -451.73538436076007          -118.93635616758587          -11.958149001703564           5.5119383625087082          -60.851973674272742           32.892879657261595          -17.655131728454297           10.175785032238053          -2105.6855765042519          -344.00202737236833           23.167272759476372            16.10079516113564           13.324879128020207           11.544004805675733           3.8740652216992917          0.56728191210287482          -851.43109249915472          -83.595469592866166          -842.59350514096036           193.54349032589548          -499.76092801646394           559.85190199932913          -400.98152019601963          -93.837743329197849          -310.54892635174997           14.397129725243133          -168.38109289307477          -22.262334923999134
-451.73538436076001           73621.885780340002          -10180.664034519763           1424.0810581393544          -672.21868595922615           5436.4859894823767          -3685.8657518016316           2135.2335158466608          -1238.2285458383849          -7519.0029933283413          -16533.407748551137          -2999.5932774782832          -1995.5209789049381           -2046.449684574101          -1425.0651216777974            -474.640431885103          -69.407036865410348          -4269.5296717655747          -4727.1084130492472           6207.2508064497297          -5083.3443933139433           3354.8370603955445          -12228.735890667915          -1170.1241157721031          -4994.3808983713425           565.31463595862863          -1992.6474911396945           299.07133005917512          -523.96542834891443
-118.93635616758613          -10180.664034519796           8248.1767122364545          -221.05085682971855           104.34259559391262          -844.04753463290933           572.15564009624939          -331.43523590825657           192.19959445862617           1141.0422375699566           2560.6787576927868           465.58384742055097            309.7441250004303           317.61213232595412            221.1986851271356           73.674053117794003           10.773422699666527           324.18124168525975           667.37628327480411          -659.37399648289102           713.35781370107497          -342.14467333213395           1380.1501733736461           26.928566927079459           517.07946854713441          -8.6171299178235969           102.60352762266757           100.33961043974642          -35.130851308497768
-11.958149001703358           1424.0810581393159          -221.05085682971213           2399.1848611437949          -28.597284259116144          -497.87697284905954           468.52979935113109          -961.64644591164313           408.39747562575252          -115.61876487007483           364.72660396433923          -185.03710414957459           46.333311377496656          -54.838747078783172           131.42895974450471           20.320223056991836           6.3978321391077646          -222.54191278384351           40.628814142048945           75.117896912526021           9.8725261718419119          -3.7470638206410003          -124.16810746820261           -61.27460830053441          -105.96799434219047           16.024046618117904          -37.911990583177726           10.172835116224121          -7.7244622936592577
5.5119383625091061          -672.21868595923411           104.34259559391327          -28.597284259116432             2173.13315017594           60.862980995467595          -172.15380956484398           296.30662997799715          -185.84858538053825           -9.285049227692177          -206.81817518034916          -188.31425464316584          -184.55067126199316          -34.995876283275479          -87.347277316072109          -59.147080716009029          -9.7674025073338999           92.449214919236852           8.0828710753174171          -88.180843874360022            23.06492655724006          -24.293664854596098           86.076219073447533           27.762912299076419           50.531634177140347          -7.5924208882613264           17.915008649589367          -4.8044474616660651            3.645859245303825
-60.85197367427125           5436.4859894824294          -844.04753463291627          -497.87697284905511           60.862980995467609           7496.7288251571099          -2405.8546568414704          -1133.5055077169216           408.02368414304374          -1447.5752576122422          -280.47309544511245          -1242.1765041846204          -270.09542531459226          -450.71483643780959           113.55751981340752          -29.096452378896466          0.29256931407904219          -955.38288825277527           91.172785270028356          -491.58861145871606             278.551720294863          -453.28171852002959            -24.0773737638375          -314.13164950520166          -235.66790941607331           57.910988277644748          -142.53713499997684           38.549519452330713          -29.530962953317157
32.892879657260664          -3685.8657518015921           572.15564009624438           468.52979935112967          -172.15380956484498          -2405.8546568414713           5204.3606255211625           1059.2606686310019          -505.86012664968518           286.38011400493855          -741.08921719124965           11.450267416486497          -306.62276260253032           14.501310390549065          -278.34082306976052          -106.73117946024303          -18.384572877601762           523.21583433193325          -69.714075025814978          -107.65028513151321          -56.463435622551657           55.670951569290601           230.53081973388637           170.57784498731729           254.51591079758344          -41.057382641978677           97.845140629670823          -26.293252102298055           19.998207254510589
-17.655131728456141            2135.233515846644          -331.43523590825248          -961.64644591164608           296.30662997799828          -1133.5055077169336           1059.2606686310044            9738.270454634956           -5143.760414734048          -582.19232356656153           583.99543200517007          -1847.1434116750386           -490.1120786410745          -550.91702001062129           293.46450700052844          -19.783416842398641           50.964882917103132           -466.0565650244132          -101.38089192623411           258.43441374738205           -110.8501612204654           50.257368822785118          -299.42958267915662          -89.471879413473289          -159.94279220915035           24.084999692111701          -56.883968843691719           15.258070090270436          -11.581108170420748
10.175785032239769          -1238.2285458383694           192.19959445862287           408.39747562575542          -185.84858538053933           408.02368414305727          -505.86012664969059          -5143.7604147340608           5907.6690920320571            219.6466553221253          -364.28035736200223           524.97220589444453          -19.038598992033634           197.36030321656452          -196.72675269163139          -71.771153117555542          -48.488724830571357           234.78501403228813           66.696804020485132          -173.04025101684317            67.75606866761342          -42.092894713191143           175.54044583375901           51.338587353666171           92.991747441748117          -13.980371262873796           32.996205098707037          -8.8493764426018728           6.7157458148087699
-2105.6855765042528          -7519.0029933283049           1141.0422375699507           -115.6187648700793          -9.2850492276922978          -1447.5752576122331           286.38011400493576          -582.19232356657426           219.64665532213593           13412.685862736473           6907.3760701590791          -781.71219781014133          -240.07421154461701          -609.51923347940829          -71.123183739089711          -34.869311060228512          -1.7938235772089541          -2344.9853085873101          -719.42431034713729          -2112.9979530031574           314.42444921865223           -1361.802892116156           448.23384783597277          -1042.7005607083988          -167.87194676650893            -380.768308076506            99.31825850589621          -93.628096128455979           34.046782749642716
-344.00202737237566          -16533.407748551363             2560.67875769281           364.72660396432366          -206.81817518034597          -280.47309544512478          -741.08921719123032           583.99543200515348           -364.2803573619837           6907.3760701591273           19153.625261814857          -1336.3343908126553          -697.91993383618467          -1119.5417881905944          -465.85400595615255          -151.32767515390199          -21.870513427345433           -873.9229181273314          -821.02510823594957           -1814.055591376904          -73.505742000392445          -1094.8356584044893           496.80499077395314          -299.89089628585123           391.12104849751603          -270.54708203302806           452.05524769180556          -127.10780906079094           88.272441041697675
23.167272759478927          -2999.5932774783132           465.58384742055375          -185.03710414957285           -188.3142546431686          -1242.1765041846206           11.450267416489567           -1847.143411675037             524.972205894441          -781.71219781013644           -1336.334390812649           7397.5311207431532           2526.9932782475316          -945.22612133100665          -399.87930807356116          -232.28276924933505          -20.894183040389535          -120.16367862782094          -76.791837641895853          -675.63411970513073           40.193629861616245          -351.67768842145512           310.68509262834004           111.39344880654363           230.97959599774666           -34.18554614249129           80.146933271779744          -21.465383337425976           16.264661318754179
16.100795161135991          -1995.5209789049277           309.74412500042808           46.333311377497779          -184.55067126199344          -270.09542531458936          -306.62276260252509          -490.11207864106478          -19.038598992038423          -240.07421154461278          -697.91993383618467           2526.9932782475071           3971.3872100375556          -330.93004696139894          -283.56483940186894          -231.22243834275184          -28.979159493128936           173.44737074170098           35.327109221667548          -349.55759830095036           84.635889574108802          -125.17552552924897           270.59341775522114           80.126941861711799           151.01325713186725          -22.594702822803093           53.219526079372372          -14.267205412258619           10.822216989062667
13.324879128021578          -2046.4496845740155           317.61213232594184          -54.838747078783484          -34.995876283275948          -450.71483643779766           14.501310390544631          -550.91702001062413            197.3603032165658          -609.51923347942989          -1119.5417881906387          -945.22612133100438          -330.93004696140247            3681.845258316263           116.71779578930561          -50.067865827237135           -3.571354418888284          -128.40953528589012          -121.26710703440813          -312.28347362171417          -38.662549153348252          -202.54232466091659           63.816807351779374           42.390029724655477           133.43248219713007          -23.855081417356089           55.037565448089026          -14.691217214480645           11.089501964737451
11.544004805675232          -1425.0651216777849            221.1986851271335           131.42895974450502           -87.34727731607245           113.55751981341096          -278.34082306976137           293.46450700052856          -196.72675269163116           -71.12318373909109          -465.85400595615351          -399.87930807356526           -283.5648394018732           116.71779578930972           3143.8594526655379          -76.531362793242977          -11.778258970636506           127.69961103160978          -22.889491239950615           -155.9536963828391           7.6020869460199059           -53.89286673473854           123.15589578581402           56.971483760111724           105.89485831770426           -16.12574640308765           37.999134483080866          -10.187803157710889           7.7286184516765388
3.8740652216993201          -474.64043188512898           73.674053117797413           20.320223056991246           -59.14708071600905          -29.096452378897563          -106.73117946024205          -19.783416842400236           -71.77115311755486          -34.869311060227751          -151.32767515389895          -232.28276924933189          -231.22243834275096          -50.067865827236446          -76.531362793242465           775.96067847575273           -15.86261115917771           74.718781267467335           28.619081642557504          -76.169915991614815           27.443530728525847          -21.634961850268176           68.095435023622613           19.447120829434404           35.747917356187052          -5.3646798362726038           12.652005459684034           -3.392660778016765           2.5742199088919904
0.56728191210285317          -69.407036865415677           10.773422699667332            6.397832139107642          -9.7674025073338662          0.29256931407855724          -18.384572877601531           50.964882917103026          -48.488724830571222          -1.7938235772079292          -21.870513427343159          -20.894183040389116          -28.979159493128861          -3.5713544188880459          -11.778258970636326          -15.862611159177844           896.83030767556954           11.377179751101842           4.1034731306537653          -10.851350536130891           3.9702701754073808          -3.0032201041098108           9.9341102822001783           2.8505397955743663            5.224465809766512         -0.78431513626221128           1.8500008001369963         -0.49609685246869306          0.37643233113014674
-851.43109249915494          -4269.5296717656774           324.18124168526833          -222.54191278384707           92.449214919238301          -955.38288825277436           523.21583433194019          -466.05656502441411           234.78501403228833          -2344.9853085872955          -873.92291812733083          -120.16367862782354           173.44737074170314          -128.40953528588142            127.6996110316138            74.71878126746509           11.377179751101815           5623.9781777502576           1109.8718752843572          -234.39776425040054           87.333756088039124          -218.93089668111296          -40.810194460344263          -226.56014309681032          -122.28908786647787          -12.394976643100513          -77.005484500734383           13.492615211732186          -21.719078030621858
-83.595469592861008          -4727.1084130493673           667.37628327481866           40.628814142041676           8.0828710753178825           91.172785270030033          -69.714075025808029          -101.38089192623411           66.696804020483953           -719.4243103471199          -821.02510823594025          -76.791837641891078           35.327109221670696          -121.26710703439596           -22.88949123994766           28.619081642555017           4.1034731306536951           1109.8718752843411           4384.6661022191502          -92.734077177245794          -65.123698373547128          -67.656598938681952           3.8736579240623072           12.832484445331275           47.778084376971123          -29.823098913120031           53.016819691482397          -21.767683995585713           14.797616104670396
-842.59350514095968           6207.2508064497833          -659.37399648289579           75.117896912530966          -88.180843874358885          -491.58861145872197          -107.65028513151753           258.43441374738529          -173.04025101684465          -2112.9979530031624          -1814.0555913768883          -675.63411970513016          -349.55759830095326           -312.2834736217294          -155.95369638284191          -76.169915991613323          -10.851350536130365          -234.39776425039071          -92.734077177241531            4951.936111903633          -910.11904495957697           -297.1386066036369           224.86517017229198          -78.255950154709325           98.027701458114265          -59.004807526418276           38.822001754567736          -21.257979304662911           5.1302259849153415
193.54349032589641           -5083.344393313997           713.35781370108316           9.8725261718360002           23.064926557239318           278.55172029486118          -56.463435622548332          -110.85016122046454           67.756068667611459           314.42444921866223          -73.505742000383862           40.193629861616841           84.635889574109839          -38.662549153340592           7.6020869460204636            27.44353072852557           3.9702701754070224           87.333756088032544          -65.123698373550042           -910.1190449595756           4005.5445161540329            41.59148100817842           -65.54606273616487           67.761871942664939           30.395239877261446          -12.200472030631168           51.505199775739584          -18.083855214041762           15.926210538414125
-499.76092801646615           3354.8370603954954          -342.14467333212463          -3.7470638206413298          -24.293664854595619          -453.28171852003516           55.670951569289628           50.257368822784542          -42.092894713190915          -1361.8028921161524          -1094.8356584044648          -351.67768842145256          -125.17552552924992          -202.54232466091679          -53.892866734738064          -21.634961850266286          -3.0032201041095292          -218.93089668110571          -67.656598938670967          -297.13860660364099           41.591481008184957           3497.8870738673299          -1301.7317434950116          -67.059104164710149           30.869011376756767          -31.952765946944552           17.330871957106183          -13.242085282026466           3.5815967958894817
559.85190199932629          -12228.735890667618           1380.1501733735968          -124.16810746819954           86.076219073443724          -24.077373763814649           230.53081973388907          -299.42958267914508           175.54044583375193           448.23384783594474           496.80499077386094           310.68509262832282           270.59341775521955           63.816807351768148           123.15589578581563           68.095435023614584           9.9341102821995797          -40.810194460368507           3.8736579240091373           224.86517017232794            -65.5460627361972           -1301.731743495001           8351.7476869660331           2.6540312796565217          -71.483741723816166           30.532936890885807          -20.780416688267906           10.572973062724714          -1.6550512377798441
-400.98152019601906          -1170.1241157721054           26.928566927079729          -61.274608300534872           27.762912299075971          -314.13164950520235           170.57784498731914          -89.471879413473147           51.338587353666178          -1042.7005607083986          -299.89089628585225           111.39344880654434           80.126941861712453           42.390029724655413           56.971483760112001           19.447120829434187           2.8505397955743619           -226.5601430968108           12.832484445330568          -78.255950154708756           67.761871942664015          -67.059104164711272           2.6540312796613712           2077.2985457239515           300.09174481849749         -0.98428881865582873          -47.512463109217947           10.890915765399058            -13.5666457534237
-93.83774332919802           -4994.380898371327           517.07946854712986          -105.96799434219275           50.531634177139551          -235.66790941606774           254.51591079758447          -159.94279220915209           92.991747441748529          -167.87194676651237           391.12104849748482           230.97959599774782           151.01325713186824            133.4324821971347           105.89485831770385           35.747917356186022           5.2244658097663716          -122.28908786648552           47.778084376964557           98.027701458119168            30.39523987726777           30.869011376753562          -71.483741723804769           300.09174481849919           2593.1420832610943           11.545205388865904          -38.207014947555308           7.8333878285972105          -7.3366647560669662
-310.54892635175059           565.31463595864284          -8.6171299178254088            16.02404661811839           -7.592420888261433           57.910988277644918          -41.057382641979004           24.084999692112746          -13.980371262874504          -380.76830807650668           -270.5470820330288            -34.1855461424921          -22.594702822803747          -23.855081417357479          -16.125746403088026          -5.3646798362724972         -0.78431513626214855          -12.394976643100673          -29.823098913119853          -59.004807526417594          -12.200472030631659          -31.952765946943185           30.532936890880144         -0.98428881865589979           11.545205388865009           780.88951636074091           9.1516151035479538          -14.295248085270552           6.6653641525660419
14.397129725243644          -1992.6474911397067           102.60352762267094          -37.911990583179019           17.915008649588785          -142.53713499997633           97.845140629672557          -56.883968843691477           32.996205098707001           99.318258505902321           452.05524769181324           80.146933271777741           53.219526079371491           55.037565448090298           37.999134483080532            12.65200545968335           1.8500008001368022          -77.005484500738191           53.016819691479334           38.822001754567431           51.505199775736635           17.330871957103867          -20.780416688259443          -47.512463109218366          -38.207014947555351           9.1516151035482309           777.89339961803307           21.899197549103803           -16.48187964969361
-168.38109289307474           299.07133005918178           100.33961043974551           10.172835116224487          -4.8044474616662285           38.549519452331182          -26.293252102298705           15.258070090270916          -8.8493764426022068           -93.62809612845561           -127.1078090607899          -21.465383337426317          -14.267205412258928          -14.691217214481643          -10.187803157711109          -3.3926607780167219          -0.4960968524686778           13.492615211731518          -21.767683995586054          -21.257979304663145          -18.083855214041641          -13.242085282025737           10.572973062721566           10.890915765398923            7.833387828596619          -14.295248085270558           21.899197549103661           265.50109581170693           24.368254840178224
-22.262334923998761           -523.9654283489175          -35.130851308497419          -7.7244622936597054           3.6458592453038641          -29.530962953316759           19.998207254510653          -11.581108170420864           6.7157458148089937           34.046782749642063           88.272441041693156           16.264661318755088           10.822216989063257           11.089501964738387           7.7286184516767422           2.5742199088919211           0.3764323311301051          -21.719078030622967           14.797616104669922           5.1302259849161018            15.92621053841393           3.5815967958890864          -1.6550512377759552          -13.566645753423382          -7.3366647560672211           6.6653641525661591           -16.48187964969361           24.368254840178274           281.08034591982863
