52
33
-53           5.9786917699518058
-53         -0.46746364416729208
-53        -0.082315646649064864
2713           5.4305227993925058
2713          -1.4358949474217204
2812           1.6938430909939775
2812          -3.5620366940198895
2813           2.5095328028755906
2813         -0.66190431035347719
2814           3.2768303653902562
2814           2.2108425642095484
2914          0.39591665059217229
2914           3.0077340788200444
2915           1.2224173430380405
2915            5.895778406253628
2712            4.641804177779786
2712          -4.3247303610408281
2714           6.1691732670923685
2714           1.4460512096588547
2815           4.0687955065363202
2815           5.1249198634719741
2613            8.295971920527565
2613          -2.1977782391174405
2715           6.9372892978224101
2715           4.4046710278146053
2614           9.1166999654782561
2614          0.65298613853632548
2612           7.5698233112751927
2612          -5.0923398522413823
2615           9.8722255503410015
2615           3.6200964235453341
2513           10.992574170954001
2513          -2.9830873308756032
6375.0981274106771           5199.0520573483809          -1233.6786009289697          -2703.1286690102775          -1263.0226603589913          -87.951579466709262           -30.52693240453528          -365.51760641078232          -458.76170125802219           278.16491793117575          -178.06881937978511           13.302197564934982           -1.208938892529321           18.282121076846046          -4.1230535400436814          -263.03663639020209          -175.88584180443175          -1460.6562974365966          -97.274165704006009           126.96908736273866          -77.723299040555034          -737.90236310714238           -808.7864476583652          -118.00641256544831          -158.21423228465954          -229.34972867858875          -337.82544977121961          -580.31158106663315          -189.68648980776558          -124.06631896626374          -110.24301811834229          -93.806491559873166          -32.389011558871061
5199.0520573484191           78239.462152585213          -11381.655759670659           -11905.83352621359          -13156.767351948949          -1373.8520492221612          -477.14224218478057          -5571.5926239318924           -7141.916377270898           4397.6607976921568          -2792.8235864533081           207.92627786738032          -18.896291025276465            285.7792417946082          -64.443986113107457           -3327.689420495049          -2776.2725355006646           10511.419552743973          -11131.196849182321           2027.9901397809858          -1217.9749022899714          -2590.5180376674925          -7031.4751663228817           3047.3181816758761          -2935.7550928492255           1398.0918778190974          -6124.1269284727387          -1890.5057299214227           -2426.152000104094           392.32633902821772          -806.27528430462394          -56.413034462828364          -205.19383467831358
-1233.6786009289758          -11381.655759670673           8685.6228448578859           1861.3023360963225           2086.6516939649414           218.58296404644435           75.914687110447105           886.32250150340974            1136.272151996171           -699.7274707771827           444.35521557866133            -33.0816715116541           3.0064539279306803          -45.468314252629085           10.253221206793988           528.70057734024795           441.73863871036394          -1175.8080939448816           1676.1177503843051          -322.70003952127661           193.78623978160118           205.46828691861759           825.29007641226906          -289.55662212571474           416.58718847535789          -131.95351777352286           684.98412299602842           101.73870988047639           307.50453151522703           60.988920549455599          -1.5469952795673976          -50.641301437042102           -90.66377135483981
-2703.1286690102875          -11905.833526213697           1861.3023360963398           14359.903907791968           6959.0654501726694           -76.12029036593583            23.20319401483431          -1504.1987398756162          -406.19619278837126           -665.5432104932753           320.57654802227546          -29.683553004295703            2.111961645652435          -42.779973826272531           5.3175986346930939          -1338.1971427938154           56.993292761277758           -3644.717332460958           1887.3608392240099          -251.19301862982297           66.391496690040427          -1069.5770441920743          -326.68588252310815          -876.43154083099489           58.626306319716875          -847.44069469192846           140.17544785492282          -744.86552395138074          -8.1669658826977454          -133.68084618168314           66.408514110815076           4.7912489884899969           22.759086460046092
-1263.022660358989          -13156.767351948847           2086.6516939649237           6959.0654501726331           12485.557961785977           -173.4209684597331          -65.588577482807153          -1533.4785524176921          -1194.3718265257219           414.04890222770041          -359.59077740840553            38.79595499154987          -3.1929979319394239           51.848211116630829          -9.7684581792341518          -1006.1292413524479          -365.64456327787599          -1974.1926264302501           456.71896027928199           134.41686899804981          -152.97029901728476          -319.10519661919648           59.324026784418152          -780.04424243184849          -2.0199565093813145          -556.40316014830546           332.66257543643678           5.4546210686472705           92.109945300355548          -116.93021936486684           104.46088591367112           12.766786874863101           27.299538579803993
-87.95157946670767          -1373.8520492221178           218.58296404643841          -76.120290365948179          -173.42096845974692           3453.0031403568628           309.59556444076935          -1627.7557064471544          -2153.5144759471682          -230.13083281615417          -54.241193541549698           8.3297196461005285          -1.7419571306478736            6.792494912876232          -9.3799890074210435          -76.979082109663324          -105.85695229731095          -290.52681555706943          -14.513326275101733          -105.25681595805024          -65.125097022936103            69.08714701819396           110.49425300179333          -109.65789449545318           28.179648315122343          -31.628215106014803           101.57171244693336           69.165595126962501           27.749581610879467          -11.155468638029042           11.417146048987426           1.5216591881580257           2.9016070673447985
-30.52693240453614          -477.14224218479086           75.914687110448511           23.203194014833652          -65.588577482805945           309.59556444077066           1779.9109012891245          -148.91305419718441          -416.34195243122468           33.391090374842477           -102.9558489215886           33.633184940645727          -3.1250877624014333           34.922432468321183          -9.0714845981015042           33.197362393985266          -36.627390664948933           -62.06959666381178          -4.7848224543095501          -31.307273339540565          -16.453065902233178            24.60214238769424           38.394089779528976          -37.753666566348159           9.7648312374059696          -10.718001197897882            35.22613009350772           24.067337018992305           9.6217328372908639          -3.8737966491558282           3.9653460356968218          0.52855649904613244           1.0077562220697018
-365.5176064108           -5571.592623932117           886.32250150344021          -1504.1987398755762          -1533.4785524176341          -1627.7557064471505          -148.91305419718316           12634.535020956488           7609.6759069163891          -3017.4509512327431           673.10632278414357           13.852129411448688          -2.6903505123339015           8.0836627465064375          -14.341537879969119          -1504.8526407353875          -508.10482031817298          -1913.2466865187175           280.81343617767754          -844.66556333272831           -189.0162648842317          -9.9447630564763401           423.59581898196507          -599.38131954511016           124.44151731338691          -253.04544354544319           435.25767202139832           258.98499073413973           119.91791309752385          -45.486454599076353           46.234875158648549           6.1333464247763914           11.757569368287477
-458.76170125804629            -7141.91637727119           1136.2721519962115          -406.19619278833602          -1194.3718265256634          -2153.5144759471618          -416.34195243122326           7609.6759069163891           15717.855569500227          -1026.7469627016421          -465.11242018706992           153.46393756696466          -14.902361307055521           186.45129783297682          -52.924032004329071          -505.00982594140913          -631.98676565006815          -1396.2543193300594           -117.0993661511429          -518.92426373626404          -335.89005152052607           308.74136685942904           571.40685713737287          -597.18563351445391           148.28502527710219          -186.29561408044839            532.1133453221064           355.78290875224087           145.54915810255662          -58.034394784468134           59.339872880386025           7.9036813321756654           15.082179791620547
278.16491793117984           4397.6607976921732          -699.72747077718441           -665.5432104932728           414.04890222770041          -230.13083281615781            33.39109037484279          -3017.4509512327327          -1026.7469627016212           6079.7606316005586          -1819.2019347217529          -55.682713256324803            3.477811436666479          -90.069315781637727           8.1583335876660961          -396.55831569722443            323.7488384716122          -137.70798000416093           467.40005891242481          -524.92314940568997           234.65152968356205          -284.04651309884673          -252.09324984748162           284.76728693297639          -80.435893534135033           53.378923232819105          -313.96866720336266          -229.59256588308605          -86.013488730121793           35.614623962265398          -36.571414131806279          -4.8851388695820788          -9.2916796806862294
-178.06881937979006          -2792.8235864533085           444.35521557866184           320.57654802228018          -359.59077740839439          -54.241193541546366          -102.95584892158857           673.10632278413107          -465.11242018708532          -1819.2019347217465           3914.1754436131423            82.52589552407251          -6.5063285835913964           111.13045142873136          -18.159209626808323           218.44162882217492          -238.07123940859748           -58.48723143907344          -217.57298329463339           180.16018636434148          -152.98327040275822           155.48642522775921           204.88228231791496          -209.19443019920035           55.593549207546538            -54.0383375028958           204.23882446712696           142.36284116780223           55.806569444106877          -22.657174915445992            23.21471705926669            3.096374353225599           5.8993062731435657
13.302197564934588           207.92627786737515          -33.081671511653198          -29.683553004293906           38.795954991551952           8.3297196461004042           33.633184940645734           13.852129411450019           153.46393756696671          -55.682713256325052            82.52589552407278           982.91549247467469          -63.038115656366934          -32.849316537529653           8.7783724319684673          -47.262945746829089           1.5161850284142462            21.40456765075897          -20.540281666843221            16.89363634458018           3.6802975678656153          -10.741965706515707          -16.731764966749122           16.440645206442866          -4.2544998984707041           4.6614196014317724          -15.348911771402058           -10.48951203771216          -4.1923582393320737           1.6880824757570325          -1.7280004195110905         -0.23033406437570392         -0.43915487974545897
-1.2089388925293481          -18.896291025276589           3.0064539279306954           2.1119616456524657          -3.1929979319393791          -1.7419571306478419          -3.1250877624014253          -2.6903505123339437          -14.902361307055585           3.4778114366664279          -6.5063285835913787          -63.038115656366884           306.51101867913229           2.0863606984449339         -0.70297610194972338           3.9928847472104265        -0.034057289110346112          -2.3879929116197607           2.0392493217721523          -1.6980378102687443         -0.30681905312843905          0.97499311879946537           1.5205412520223691          -1.4947936997853695          0.38669269619890956         -0.42417000006728228           1.3950069719866409          0.95319106080030624          0.38103254217526922         -0.15341360366879031          0.15703998014306114         0.020932541965614337         0.039910249408041665
18.282121076845574           285.77924179459825          -45.468314252627749          -42.779973826269512           51.848211116632726           6.7924949128761476           34.922432468321361           8.0836627465065654           186.45129783297625          -90.069315781637897           111.13045142873133          -32.849316537529724           2.0863606984449414           405.71812985175887           13.937917701230891          -42.217443853164987           28.488595228558363           12.172003265449725           11.396198817017492           19.805167842254157           5.7093593357936481          -14.788593868896871          -22.997317659569848           22.583079988828164          -5.8466039652307575           6.3960043451235205          -21.093920767480768          -14.418912908674459          -5.7614482725643263           2.3201228839841423           -2.375014135342254         -0.31658033339078884         -0.60358664164377274
-4.1230535400437578          -64.443986113107982           10.253221206794098            5.317598634693681          -9.7684581792333045          -9.3799890074209564          -9.0714845981014918          -14.341537879969334          -52.924032004329248           8.1583335876661387          -18.159209626808384           8.7783724319684637         -0.70297610194972304           13.937917701230916           497.20657794598878           8.7055493793718561          -3.6613063001838331          -7.6894607289436916           1.7573337821998229          -6.1254923087651898         -0.99777967995451389           3.3224300987440696           5.1855779832315472           -5.099314672300352           1.3188758577308444          -1.4477709688456017           4.7577585708459225           3.2505631749243094           1.2995446864607922         -0.52320469026472427          0.53556914137934974         0.071388068228424473          0.13610998110474526
-263.03663639020732          -3327.6894204950295           528.70057734024408          -1338.1971427938456          -1006.1292413524682          -76.979082109665541           33.197362393982758            -1504.85264073539          -505.00982594140646          -396.55831569722977           218.44162882218109          -47.262945746828379           3.9928847472103861          -42.217443853165747               8.705549379372           5119.7296123980441           403.53267991819826          -643.46182677730917           240.32777685008924          -92.996488367936252           15.455499021658188           -208.8696680322997          -59.727249804799598          -194.64219046916793          -27.220899606132232          -184.86102373700336           18.665656572450189          -48.543879716767862           1.6373295678685871          -28.397375909669151           27.259922466690071           3.4723648953662405           6.9726833575562068
-175.88584180442467          -2776.2725355005282             441.738638710342           56.993292761250537          -365.64456327789952          -105.85695229731294          -36.627390664950838          -508.10482031819015           -631.9867656501001            323.7488384716151          -238.07123940859734           1.5161850284145855        -0.034057289110362099           28.488595228558061          -3.6613063001838024            403.5326799181878           3819.6134245264066          -161.03966892417637          -151.90045293359509           103.60259822887289          -88.160378400749551           78.150623251827326           99.429274276819513          -150.49229931949185           12.683355743786779          -53.552266085897955           129.18112337733714           121.26894331268812             43.1746364578295          -22.492065849925766           23.086260371670903           3.0828371030696644           5.8655994789237411
-1460.6562974365845           10511.419552744082          -1175.8080939448964          -3644.7173324609489           -1974.192626430269          -290.52681555707994          -62.069596663811055          -1913.2466865186884          -1396.2543193300403          -137.70798000415516          -58.487231439083075           21.404567650759976          -2.3879929116197696            12.17200326545267          -7.6894607289433861          -643.46182677734441          -161.03966892421087           10232.809339089699          -4114.3573206274332          -70.938183660459373          -63.375466258027814          -414.45550726781079          -15.304683237783593          -602.02049185545593           60.597927026352174          -456.49993686260325           250.22463989116386          -173.18529273046397           67.580118116848794          -68.794819101868569           14.476493874617347          -6.0772558770381693           5.2539498462556367
-97.274165704015786          -11131.196849182497           1676.1177503843255           1887.3608392240153           456.71896027930939          -14.513326275094414          -4.7848224543090794           280.81343617765577          -117.09936615115953           467.40005891242595          -217.57298329462515           -20.54028166684445           2.0392493217722243           11.396198817012227           1.7573337821994661           240.32777685013303            -151.900452933564          -4114.3573206274577           8592.6109275349645           218.13164743146277          -84.535112989411886           380.05904515128475           115.13547925292698           127.77589464258369          -56.728399924572606           179.96539818592362           44.080791720445632           303.97772966033244           10.665483806808339           -42.90966005966834           62.416118381277613           12.065852421781756            18.32006007826385
126.96908736274705           2027.9901397810595           -322.7000395212857          -251.19301862982923           134.41686899803057          -105.25681595805068          -31.307273339540636          -844.66556333273002          -518.92426373627029          -524.92314940568986           180.16018636434336           16.893636344580464           -1.698037810268755            19.80516784225442          -6.1254923087652617          -92.996488367935171           103.60259822886539          -70.938183660461348           218.13164743146456           2046.5125970990941           60.355078593577232          -111.34816696364601          -48.464422407374116           60.129651769807907           3.2277044019408887           0.9975645152396595           -84.48142810005379           -108.8843311198047          -38.440207942891838           16.387357598278065          -16.874869873135907          -2.2583660190289834          -4.2863213662849375
-77.723299040553215          -1217.9749022899337            193.7862397815959           66.391496690036035          -152.97029901727944          -65.125097022936828          -16.453065902233735           -189.0162648842375          -335.89005152053585           234.65152968356756          -152.98327040276126           3.6802975678656957         -0.30681905312844204           5.7093593357939936         -0.99777967995449335           15.455499021656216          -88.160378400750972          -63.375466258022357          -84.535112989417087           60.355078593575797            2142.957643849033            54.53053306167493           66.970064030952202          -81.795707148230093           16.235082102602593          -23.208053448075088           79.048842931016793           61.903672800863035           24.376602218102935          -9.8828285619105571           10.123643388726698           1.3500749460445149           2.5726664458666164
-737.90236310714022          -2590.5180376674466           205.46828691860958          -1069.5770441920831          -319.10519661920199           69.087147018196504           24.602142387693554          -9.9447630564834846           308.74136685941289           -284.0465130988448           155.48642522776021          -10.741965706515643          0.97499311879945383          -14.788593868896665            3.322430098744134          -208.86966803231027           78.150623251827326           -414.4555072678005           380.05904515127435            -111.348166963642            54.53053306167611           3079.8993754216631           952.37034480655734          -63.922971626895574           11.242827295966654          -106.70367213718278           -44.43010721343876          -161.60728453183742          -12.509087942489231           12.056021878475214          -23.642547845362586          -5.0746347054934517          -6.3520366087032016
-808.78644765835838          -7031.4751663226953           825.29007641224371          -326.68588252313123            59.32402678440701           110.49425300179922           38.394089779526851           423.59581898193591           571.40685713732353          -252.09324984747602           204.88228231791177          -16.731764966748415           1.5205412520222819          -22.997317659569788           5.1855779832316387          -59.727249804818051           99.429274276816912          -15.304683237755057           115.13547925288147          -48.464422407358327           66.970064030956166           952.37034480655393           4422.1732972696655           79.503430099964476          -28.610081276937912            6.041599917908826          -92.256652293067418          -83.918888998122924          -25.332669455346387           4.0271390881649722            -8.85915064888448          -1.7419174243120779          -1.8116509751794183
-118.00641256544947           3047.3181816758206           -289.5566221257061          -876.43154083098102          -780.04424243184394          -109.65789449545426          -37.753666566347675          -599.38131954509799          -597.18563351443538           284.76728693297338           -209.1944301991978           16.440645206443179          -1.4947936997853644           22.583079988828029           -5.099314672300328          -194.64219046916259          -150.49229931949225          -602.02049185547105           127.77589464260645           60.129651769802585          -81.795707148230264          -63.922971626898203           79.503430099949128           2401.5376820123543           -52.96779757990064          -167.07769557023994           169.52406076555121           30.634994251239789            48.52219991394729            -25.9277997954025             16.4555290413549           0.8402998850032759           4.5029600036496049
-158.21423228466176          -2935.7550928492624           416.58718847536306           58.626306319715368          -2.0199565093759588           28.179648315122122           9.7648312374054882           124.44151731338386           148.28502527709534          -80.435893534135516           55.593549207546559           -4.254499898470991          0.38669269619892438           -5.846603965231008           1.3188758577309361          -27.220899606133134            12.68335574379374           60.597927026349709          -56.728399924565636           3.2277044019457577           16.235082102605837           11.242827295969203          -28.610081276924454          -52.967797579899624           2400.3728197654159           16.788912354536663          -35.784249677666594           17.500837622078464           -7.705287231844494          -9.0311060931858691           10.645101749592015           1.9640278238346127            3.357718095588325
-229.3497286785873           1398.0918778191231          -131.95351777352664          -847.44069469193062          -556.40316014831183          -31.628215106015276          -10.718001197897669          -253.04544354544373          -186.29561408044768           53.378923232822451          -54.038337502896496           4.6614196014319216         -0.42417000006727601           6.3960043451237638           -1.447770968845596          -184.86102373700319           -53.55226608590138          -456.49993686260154           179.96539818592348          0.99756451523852618          -23.208053448075795           -106.7036721371842           6.0415999179082291          -167.07769557023715            16.78891235453565             2276.64130135295          -294.55201454045886           -33.43990771403196            19.74857523789909           -14.54410701043129           5.9952238614472968          -0.2649621151670658           2.0688269802426476
-337.82544977123302           -6124.126928472856           684.98412299604388           140.17544785494795           332.66257543648953           101.57171244693419           35.226130093507699            435.2576720213907           532.11334532209162          -313.96866720336453           204.23882446713102          -15.348911771402824           1.3950069719866711          -21.093920767480661            4.757758570846037           18.665656572444131             129.181123377348           250.22463989115184           44.080791720460411           -84.48142810004866           79.048842931026115          -44.430107213435988          -92.256652293055964           169.52406076553302          -35.784249677665436          -294.55201454045539           3474.5539414181571          -75.602761025655937           -39.91531584220153           17.405936174491558          -13.449187984370752          -1.0429811296420439          -3.3870441720491726
-580.31158106662974          -1890.5057299213672           101.73870988046667           -744.8655239513962           5.4546210686336849           69.165595126962941            24.06733701899207           258.98499073412739           355.78290875222513          -229.59256588307798           142.36284116779814          -10.489512037712498          0.95319106080031768          -14.418912908674605             3.25056317492428          -48.543879716769204            121.2689433126918          -173.18529273045328           303.97772966032352          -108.88433111980196           61.903672800862481          -161.60728453183677          -83.918888998114824            30.63499425123937            17.50083762207846          -33.439907714029118          -75.602761025670588           1694.4754458594764           44.301082140229227           19.451605072540218          -28.809916288235939           -5.203045954065658          -7.3683608814901618
-189.68648980776669          -2426.1520001040726           307.50453151522356          -8.1669658827059539           92.109945300354951           27.749581610880668           9.6217328372907041           119.91791309751451           145.54915810254269          -86.013488730118553           55.806569444103779          -4.1923582393317416          0.38103254217523519          -5.7614482725644454           1.2995446864608926           1.6373295678669173           43.174636457832541           67.580118116853001            10.66548380680387          -38.440207942889913           24.376602218103443          -12.509087942488417          -25.332669455340518            48.52219991395198          -7.7052872318493648           19.748575237900013          -39.915315842205018           44.301082140231216           1713.0638143037979           -0.229643916041681          0.39882920796075183          0.37499795753984699          0.68316483967555541
-124.06631896626396           392.32633902821385           60.988920549455941          -133.68084618168149          -116.93021936486676           -11.15546863802909           -3.873796649155699          -45.486454599074982          -58.034394784466947            35.61462396226478          -22.657174915445687           1.6880824757570649         -0.15341360366878815           2.3201228839841219         -0.52320469026471317          -28.397375909668497          -22.492065849926554          -68.794819101869464          -42.909660059667104            16.38735759827776          -9.8828285619102285           12.056021878474661           4.0271390881638336          -25.927799795402763          -9.0311060931860823          -14.544107010431309           17.405936174493092           19.451605072539742         -0.22964391604190681           368.21743113633596           28.692433598542692           2.4171059402532791           6.0976322052074465
-110.24301811834097          -806.27528430460166          -1.5469952795721156           66.408514110810415           104.46088591366734            11.41714604898684           3.9653460356964567           46.234875158644797           59.339872880381726          -36.571414131804879           23.214717059265453          -1.7280004195111136          0.15703998014305753          -2.3750141353423362          0.53556914137934963           27.259922466690377           23.086260371672118           14.476493874621063           62.416118381273144          -16.874869873133957           10.123643388726414          -23.642547845362998          -8.8591506488830998           16.455529041354811           10.645101749590236           5.9952238614481494          -13.449187984374817          -28.809916288235929          0.39882920796000443           28.692433598542703           370.22655012266739          -2.9377745554404271          -5.6420724449705517
-93.806491559875781          -56.413034462835583          -50.641301437043765           4.7912489884936766           12.766786874865495           1.5216591881576362          0.52855649904615776           6.1333464247774572           7.9036813321758554          -4.8851388695824376           3.0963743532254719         -0.23033406437573062         0.020932541965614462         -0.31658033339078978         0.071388068228434368           3.4723648953663044           3.0828371030699002          -6.0772558770364666           12.065852421779676          -2.2583660190290846             1.35007494604455          -5.0746347054935237          -1.7419174243116837          0.84029988500325492           1.9640278238345203         -0.26496211516731782           -1.042981129642456          -5.2030459540656153          0.37499795754011866           2.4171059402532422          -2.9377745554403898           98.108787834155578          -3.1706366427394315
-32.389011558870088          -205.19383467831796          -90.663771354836058           22.759086460047989           27.299538579801737           2.9016070673452088           1.0077562220695446           11.757569368286811           15.082179791620066          -9.2916796806855828           5.8993062731436838         -0.43915487974549089          0.03991024940804528         -0.60358664164388509           0.1361099811047517           6.9726833575568206           5.8655994789246018           5.2539498462537022            18.32006007826574          -4.2863213662848292           2.5726664458667052          -6.3520366087027451          -1.8116509751782552           4.5029600036489787           3.3577180955891759           2.0688269802425676           -3.387044172048121          -7.3683608814900516          0.68316483967544528           6.0976322052072796          -5.6420724449704496          -3.1706366427393888           93.670686471655074
