357
33
-358           6.1416257914222321
-358        -0.025410163508163598
-358        0.0088399658144759502
3476           3.5397556475061029
3476          -2.4453691865420875
3477           3.7711734025474555
3477          0.53791616417942967
3478           4.0118908087152585
3478           3.5199771665517465
3575          0.40065186459312147
3575          -5.2968756717754983
3576          0.51609394671720632
3576          -2.1548386915314897
3577          0.77100862008614945
3577          0.80444852919481247
3578           1.0354407203634446
3578           3.7559693388517079
3475           3.2853821422567093
3475          -5.4179438872852987
3377            6.764512920856208
3377          0.32039823662006262
3376           6.5471717472811921
3376           -2.694426796652623
3378           6.9767386162983795
3378            3.314619773753432
3277           9.8067490399157666
3277          0.12089992460656492
3276           9.5359319723530209
3276          -2.8668064599146716
3375           6.3235828072521976
3375          -5.6242272558737874
3278           9.9738050873548403
3278           3.0869070789585584
6052.0616571315541          -3216.0419962760984           268.51480153811877          -21.092825542777661          -7.2109524190548768          -165.10992499587286           23.159323753033277           -4.891256866129325          -4.6114356326060175         -0.25177700278949988        -0.018246795159284845           -1.700578993854748         -0.14209045292781708           2.7169267212451587          -1.2255166779176179           1.4768303166363026         -0.30360511357668329          -4.7564980956164504          -1.7809004688119501          -1759.2969051086468           3432.4279275660683          -1507.4707546108784          -365.09831622837561          -930.50735557587859           204.48659673013893          -413.36893824491398           15.547231954040754          -458.41424692817441          -70.615268523590942          -408.83250357920031           4.0730082253619608          -379.12358863879876           26.909437845839875
-3216.0419962760197           95872.772256664743          -12204.128304353459          -5579.5129429375729          -3119.3990068724725           5839.5919638717396          -11696.120276796591           2945.9800712653646           -2252.574578415265          -127.20166430261557          -9.2340972497646749          -854.19032867859846          -71.663262999786042           1450.0730576402348          -634.72398286291798           755.66256237525045          -153.67054819655891           -1821.593949131227          -898.70020299118607           7821.9649748285829          -33037.706374676767           -7483.942437420088          -7418.2499321750092           3687.5491194495339            -5227.36522820558          -157.12080805831175          -4966.0101656330917            -1321.77406732892          -2954.3656693728863           -1717.948888660188          -1587.8992502178389           489.23259592931174          -1807.1162287366606
268.51480153810826          -12204.128304353449           8610.1945398058997           823.19010356751664           460.28433426076515          -863.78772498730484           1726.4232859169174          -434.83458121070731           332.38674742336417           18.769801900303015           1.3625782615580533           126.04369970326442           10.574585552615687          -213.97374046277181           93.659859851060148          -111.50534276859076           22.675541356131291           268.77963211282224           132.61164278789434          -634.72291423069692           3707.3849740339606           735.04241917559614           1011.3025180733482          -284.91900127871463           689.10679298468585           27.795655832794907           468.99626985506751           54.639391516767603           261.63924142983086           74.984009167250008           219.07131643915181           41.109672808133269           109.85590332770516
-21.092825542779565          -5579.5129429375693            823.1901035675163           6753.7951397265888           1728.5889433477664          -2438.8958226697914           1016.5347421453076          -549.81262165896567          -157.04405041114867          -14.579529687726604         -0.72920661949981591          -179.83435429468247          -10.522188797040801          -829.05676579533815           172.78701047076768          -7.7712680868825075          -13.556912232401304          -755.45514485676551          -127.56018555910228          -686.41052671198463           167.93383336113735          -297.35962220817459          -276.70610629805924          -610.39833566066284          -49.476429811216249          -43.691264349223154           339.73172989454031           132.28250888256338           196.63131425863079           230.48631056276869           17.307406140872786          -102.68574255284709           121.33096240837358
-7.2109524190576053          -3119.3990068723992           460.28433426075588           1728.5889433477575           4163.9189207598311          -237.14195433919332           -823.1585206205076          -194.48770589160114          -263.91746392349631          -34.265805701025016          -2.3883250851771338          -256.44881323018228          -19.975854545464603           -30.93922289125149           -73.53432668636745           150.42593419910276          -38.181754904717245          -316.34991875301688          -155.12767653499589          -296.42768792965876           160.50002797563758           65.880095498764149          -57.860289181704104          -366.47571851209449           65.737289816997844          -14.879878474106937           192.29401978532246            78.27452899664118           109.68829022072715           132.75618911654641           9.4985436848357061           -55.97767302275313           67.778097161867663
-165.10992499587172           5839.5919638717114          -863.78772498729859          -2438.8958226697946          -237.14195433919861           12349.062401700805          -6816.3674293832046           -2698.486410239841           646.25738028917942           4.2773524808239696          0.55020576019850109          -20.799045365586579           0.9298140186433832          -805.10611864685848           208.44574541450652          -121.42780966943759           11.335911434869878          -310.49157512511078           130.08720606027407          -1179.7478717014508           452.13598783719783          -2095.5951475536176          -320.50843246680034          -1138.3399153471098           359.86254121082362          -346.92249125838919          -368.87716540383855          -314.58575798739059          -195.32346590196036          -399.86614538106437          -10.683351291928973            48.96825217786418          -124.70950781541342
23.159323753021454          -11696.120276796408           1726.4232859168876           1016.5347421452951           -823.1585206204993          -6816.3674293831755            16997.51117260554           2128.5425190296837          -1292.5960809483211            -63.8077391099024          -4.7763437082013116          -395.36932081697455          -34.916504957611608           1253.4277930596882          -437.31735808866176           448.68035267268613           -80.47468432994917          -113.40263118597943          -471.99691466282025           380.36940379240963           174.53309752357288           1694.4684485961784          -108.55409727280681          -123.89438593146735          -66.650699500767047           49.205992137370387           734.05778185682652           340.75371635207341            408.5205862766424           540.36714228571941           33.641450713706575          -194.19842655198602           253.52195249175656
-4.8912568661303339           2945.9800712653628          -434.83458121070549          -549.81262165896453          -194.48770589160426          -2698.4864102398424           2128.5425190296905           5403.0970657253647          -780.60090678291215          -10.055294613342095         -0.49071890671199386          -110.73270018671073          -7.0369438477733848          -621.95727934941613              136.29833539344          -42.246592074496959          -4.5883500692506249          -135.98421772514291           23.319439313846196           -183.9996757049442           41.122906736115326          -324.64172300235469           89.613985634271927           -78.71243298107629           89.084901017773277          -11.511176588471471          -121.69796691606086          -84.550343321545199          -102.25860553069769          -134.55710047517061          -8.2666666366950583           49.208103291221164          -63.867105408427506
-4.6114356326130235          -2252.5745784151945           332.38674742335564          -157.04405041114615          -263.91746392349495           646.25738028917362          -1292.5960809483081          -780.60090678291567            3683.037952395397          -20.967245332141331          -1.5854105435315684          -126.14671038864221           -11.35148750890021           356.80281304713554          -135.39264688832901           129.99295882834068          -24.858522567355379          -63.006402438717402          -99.599284060686983           -51.54201585116158           87.506452538330308           180.47708616736011          -39.759856577167739          -168.15402132083528           30.391008216985888          -9.3992836715247012           135.52821891194725           57.068495486329681           79.147153270059874           96.340734980048381           6.8257301900407059          -40.236286990829527           48.936521140292598
-0.25177700278900339          -127.20166430263038           18.769801900304948          -14.579529687725744          -34.265805701024689           4.2773524808228105          -63.807739109900112          -10.055294613342472          -20.967245332140887           317.97950392380432          0.66599582918553546          -82.459941012998215          -11.230553209219794           45.140051558330811          -53.808306372270245           24.456223626734403          -10.685442731066646           11.726085058023447          -4.1889115127658769          -9.0571573279819333           25.206857134510386           16.223774805747453           10.434759847782823          -16.645011532952388           7.7679402228997603         -0.51860747937309182           7.8604482879092474           3.2316757426378802           4.4705564213738018           5.4494051658217693          0.38568331587703569          -2.2694254856490379           2.7633153220718327
-0.018246795159299278           -9.234097249764428           1.3625782615580271         -0.72920661949979848          -2.3883250851771298          0.55020576019851086          -4.7763437082013436         -0.49071890671200913          -1.5854105435315575          0.66599582918553779            300.0106657969028          -5.2494493531682096         -0.81369173177371168           7.7740155302097298          -6.1506417785408374           2.1456213595727189         -0.83818893751642232          0.92987916128812653         -0.29817622917654246         -0.60397172449743985           1.8334860362809258           1.2084662131217732          0.75698356718642779          -1.2024918172129901          0.56433625949067545        -0.037583716636103201          0.57063545125428972          0.23462973159492811          0.32453460482251273          0.39562108157659021         0.027997155698862991         -0.16473741528341718           0.2006001650287752
-1.7005789938559417          -854.19032867860676           126.04369970326539          -179.83435429468034          -256.44881323018086          -20.799045365590196          -395.36932081696767          -110.73270018671161           -126.1467103886398          -82.459941012998314          -5.2494493531682087           2858.3366239445086           267.01890147348098          -499.88684060560564           42.351981987330177           107.93719727693579          -53.737040476162406           51.368206099857289          -31.074027937207426          -77.888623508824125           167.48054599014864           99.115915078103257           70.227688654489825          -113.64312174982453           52.026317766767377          -3.5030992006195758            52.78072302774229           21.692228566765582           30.021411636269971           36.585733946372137           2.5903413074684374          -15.242821731454665           18.556458769593235
-0.14209045292792055          -71.663262999786795           10.574585552615781          -10.522188797040592          -19.975854545464465          0.92981401864302349          -34.916504957610911           -7.036943847773462          -11.351487508900007          -11.230553209219808         -0.81369173177371157           267.01890147348098           546.04182921059237         -0.74887046138906455          -16.162701421187098           11.791618950440414          -5.4640972734043425           5.9373882103469615          -2.4285902056256856          -5.5255460003730077           14.159376152652042           8.8967664053848523           5.8826653231831116          -9.4237727986829043           4.3729256742056029         -0.29268291338934999           4.4283415770336862           1.8204419148076778           2.5186488958821651           3.0698956207611285          0.21729694144790665          -1.2786319982263865           1.5568080070179775
2.7169267212496209           1450.0730576402518          -213.97374046277525          -829.05676579534679          -30.939222891254772          -805.10611864684574           1253.4277930596677          -621.95727934941488           356.80281304712969           45.140051558330825           7.7740155302097236          -499.88684060560615         -0.74887046138910984           11347.257692595422          -4812.7854758658241          -1109.0386462145098           148.60630504502163          -409.19385097334396           73.500871989123482          -166.49568798218331           -272.1562409220877          -337.82096305372141          -115.82565717943493            160.6391915188878            -90.6928410762863           5.5921585200867607          -89.671601735963776          -36.984852901535895          -50.955166064034245          -62.252346763984185          -4.3907359866452644           25.823081533172466          -31.499367349416275
-1.2255166779197708          -634.72398286292719           93.659859851061896           172.78701047077217          -73.534326686365631           208.44574541450081          -437.31735808865176           136.29833539343943           -135.3926468883266          -53.808306372270316          -6.1506417785408409           42.351981987330433           -16.16270142118708          -4812.7854758658259           4066.0154282725243           365.67599326018961          -69.756312814258976           126.88865550541477          -19.934275735274888            8.733588209421784           126.42038651118123           111.72893841581413            51.49945462737594          -77.202561096452825           39.191629815528721          -2.5234736695584399           39.235765229693584           16.154790833195264           22.305981034619734           27.218196141987519           1.9233207023396126          -11.314578806883507           13.788300837149166
1.4768303166356844           755.66256237526488          -111.50534276859241          -7.7712680868808448            150.4259341991017          -121.42780966943734           448.68035267268601          -42.246592074498807           129.99295882834167           24.456223626734598           2.1456213595727243           107.93719727693531           11.791618950440364          -1109.0386462145086           365.67599326018905           1766.3767950742963          -116.88985535490136          -45.069619247637135           51.808920765438025           17.465196509970578          -102.09480074425657          -114.44386018557898          -60.013196109287932           95.294334419546544          -46.410406735535673           3.0414488017517645          -46.704195245170538           -19.21610435263413          -26.557062255107653          -32.389146931480695          -2.2904791555298574           13.475993320711225          -16.415702723272091
-0.30360511357671527          -153.67054819655766           22.675541356131106          -13.556912232401496          -38.181754904717224           11.335911434869956          -80.474684329949412           -4.588350069250362          -24.858522567355351          -10.685442731066694         -0.83818893751642232          -53.737040476162392          -5.4640972734043416           148.60630504502149          -69.756312814258791          -116.88985535490116           919.13076406220182           9.9332046460006502          -7.5080204316745096          -9.6903549328124505           27.320897636484123           20.123224714305898           12.516664967872469          -20.001649105831341           9.3921976189710072         -0.62534724788654705            9.496332908807517           3.9046727394132841           5.4007861969992685           6.5838285189383123          0.46591665618942557          -2.7414851176002486            3.338315669252367
-4.7564980956188379          -1821.5939491312176            268.7796321128202           -755.4551448567637           -316.3499187530175          -310.49157512510999          -113.40263118597716          -135.98421772514405          -63.006402438715824           11.726085058023177          0.92987916128813408           51.368206099857467           5.9373882103469837          -409.19385097334515           126.88865550541558          -45.069619247635842            9.933204646000604           1992.8491992929398          -57.416750808067732          -205.62863467199077           10.203023425352054          -74.515037000439676          -109.09480960811501          -180.06630783569963          -23.322622529376787          -9.8277617449465566           112.06262972409408           45.194900140203679            64.08263321002984           77.060267254265383           5.5680063978083663          -32.859065455676273           39.586110219172269
-1.7809004688130301           -898.7002029911722           132.61164278789218          -127.56018555910153          -155.12767653499623           130.08720606027657          -471.99691466282616           23.319439313845791           -99.59928406068579          -4.1889115127659835         -0.29817622917653913          -31.074027937207134          -2.4285902056256563           73.500871989123169          -19.934275735274522           51.808920765437904          -7.5080204316744936          -57.416750808071654           2140.9376115647533          -40.911099129889749           31.665030706658225            63.99587861560061          -16.330984396336056          -92.253275891993553            25.42588863675423          -3.6683109448097491           55.533718312513528           22.830369550527084           31.585306118691918           38.499172107805705           2.7249931932583835          -16.034498237121781           19.523291885506865
-1759.2969051086461           7821.9649748287402          -634.72291423071954          -686.41052671198577          -296.42768792966791          -1179.7478717014508           380.36940379239741          -183.99967570494442           -51.54201585117741          -9.0571573279807716         -0.60397172449748171          -77.888623508826441          -5.5255460003731862          -166.49568798217138           8.7335882094164816           17.465196509968976          -9.6903549328125962          -205.62863467199554          -40.911099129891902           6169.9747505521191          -6554.3281131643198          -652.36175962189691          -305.80561286520253          -587.75654798224264           55.664038118820059          -213.43415219323688           105.39661201003128          -115.44786769045183           63.570381729281507          -63.971147782569062          -5.5576194039743747          -180.51436563222634            75.32335127398801
3432.4279275660642          -33037.706374677378           3707.3849740340515           167.93383336114994           160.50002797567549           452.13598783718135           174.53309752364021           41.122906736118239           87.506452538391841           25.206857134505363           1.8334860362811032            167.4805459901566           14.159376152652705          -272.15624092212084           126.42038651119537          -102.09480074424988           27.320897636484723           10.203023425369224           31.665030706665618          -6554.3281131643116           28394.445391482681           846.66071837640857           273.31991045779125           664.94441270627237          -148.61415709389416             290.163216100498           -51.64998052019223           255.89098815009743          -5.2048309216201005           215.14470097613366          -1.5983713862655549           221.94051061456844          -32.627153236673621
-1507.4707546108873          -7483.9424374200207            735.0424191755892          -297.35962220818152            65.88009549876665           -2095.595147553614            1694.468448596195          -324.64172300235106           180.47708616735866           16.223774805746089           1.2084662131217905           99.115915078101636           8.8967664053847013          -337.82096305371772           111.72893841581231          -114.44386018557699           20.123224714306041          -74.515037000439776           63.995878615599899          -652.36175962188156           846.66071837634559           6847.4076674058442           1875.0167912828817           -539.6596822106161           127.50876267944355          -307.14717927129027          -69.509690543108746          -318.49540073465693          -69.317093852695251           -321.0315116183109           4.6890442853297252          -131.40430627236012          -40.548649212072633
-365.09831622837521           -7418.249932175082           1011.3025180733609          -276.70610629805691          -57.860289181698477          -320.50843246681353          -108.55409727275787           89.613985634273376           -39.75985657716268           10.434759847781386          0.75698356718646143           70.227688654491587           5.8826653231832893          -115.82565717943167           51.499454627374789          -60.013196109285737           12.516664967872622          -109.09480960811067          -16.330984396336135          -305.80561286519281           273.31991045775885           1875.0167912828817           5448.9274560189251          -298.57860759310017          -19.255876994478257          -120.91065172199247           91.159952466418218          -31.510415459663136           69.088958961935532            10.42832321356542          -3.3510172079663931          -110.50741487314113            68.20030652272817
-930.50735557586245           3687.5491194493516          -284.91900127869371          -610.39833566065454          -366.47571851209028          -1138.3399153471162          -123.89438593147645          -78.712432981076205          -168.15402132083079          -16.645011532951518          -1.2024918172129717          -113.64312174982312          -9.4237727986827942           160.63919151888228          -77.202561096450751           95.294334419544526          -20.001649105831135          -180.06630783569449          -92.253275891992828          -587.75654798227197           664.94441270638629          -539.65968221060552          -298.57860759308096           4572.5158913684772          -921.69440452772676          -223.68223213238133           153.71644362424857          -103.78151836305754             92.0192912046233          -40.040337743989198           6.5938471796339044          -166.23562289715713           75.806531965924933
204.48659673011821          -5227.3652282053063           689.10679298465197          -49.476429811220328           65.737289816996736           359.86254121081896          -66.650699500751443           89.084901017778094             30.3910082169823           7.7679402228988135          0.56433625949064514           52.026317766763313           4.3729256742052645          -90.692841076279095           39.191629815525616          -46.410406735533364           9.3921976189706768          -23.322622529381732           25.425888636751424           55.664038118857832          -148.61415709405867           127.50876267943639          -19.255876994509549          -921.69440452772324           3986.3454217820195           46.364318078714376           21.307350998731323           69.590818425950673           29.071481555662388            78.28381849169611          -6.0794636419405101          -2.0064906362343091           30.994472204413796
-413.36893824491455          -157.12080805831724           27.795655832795862          -43.691264349223189          -14.879878474107057          -346.92249125839027           49.205992137372526          -11.511176588471482          -9.3992836715243868         -0.51860747937312734        -0.037583716636104013          -3.5030992006195771         -0.29268291338934915           5.5921585200865653          -2.5234736695583475           3.0414488017517396         -0.62534724788655682          -9.8277617449466774          -3.6683109448096927          -213.43415219323597           290.16321610049835          -307.14717927128891          -120.91065172199282          -223.68223213238144           46.364318078715897           1787.3864296938671          -12.400628549528149          -86.384580629024711           6.6849571764389619          -73.535561654402727           2.1683661251533475          -59.529630653550178           8.7442680138644278
15.547231954031417          -4966.0101656329671           468.99626985504875           339.73172989453815           192.29401978532405          -368.87716540382951            734.0577818568072          -121.69796691606507           135.52821891195151           7.8604482879088344           0.5706354512543097           52.780723027739597           4.4283415770334402          -89.671601735960365           39.235765229691999          -46.704195245169799           9.4963329088075259           112.06262972409175            55.53371831251421           105.39661201005016          -51.649980520278085          -69.509690543110878           91.159952466405699           153.71644362424317           21.307350998740461          -12.400628549529129           2648.8326231750234          -62.112946892731145          -89.277597384331614          -106.08304888901932          -7.3072081859809828           46.055077679679243          -56.494488407234712
-458.41424692817475          -1321.7740673289368           54.639391516769209           132.28250888256449           78.274528996642545          -314.58575798738968           340.75371635207557          -84.550343321546677           57.068495486330235           3.2316757426376301          0.23462973159493547           21.692228566765593             1.82044191480768          -36.984852901535334           16.154790833195026          -19.216104352634314           3.9046727394133454           45.194900140203771           22.830369550527628          -115.44786769045231           255.89098815010175          -318.49540073465704          -31.510415459666838          -103.78151836305973           69.590818425956613          -86.384580629024441          -62.112946892728871           1490.8891826386018           104.03838419713634          -156.68296549939438         -0.37335704606415732          -16.773882242812789          -43.975100402504381
-70.615268523587417          -2954.3656693729408           261.63924142983882           196.63131425863421            109.6882902207295           -195.3234659019657           408.52058627665048          -102.25860553069749           79.147153270062091           4.4705564213734119           0.3245346048225134           30.021411636269704             2.51864889588215          -50.955166064030571           22.305981034618078          -26.557062255108438           5.4007861969993902             64.0826332100294           31.585306118692124           63.570381729273393          -5.2048309215880657          -69.317093852690647           69.088958961937038           92.019291204625361           29.071481555667091           6.6849571764392586          -89.277597384331557           104.03838419713475           1646.3883307293527          -107.17073110014503          -7.9075423991296461           35.697954729803357           -51.52171829160352
-408.83250357920713          -1717.9488886601152           74.984009167240217           230.48631056276713           132.75618911654738          -399.86614538106573           540.36714228572134          -134.55710047517024           96.340734980046761           5.4494051658213891          0.39562108157658532           36.585733946371427           3.0698956207610677           -62.25234676398177           27.218196141986326          -32.389146931479942           6.5838285189382617              77.060267254265           38.499172107805705          -63.971147782556372           215.14470097607833          -321.03151161831352           10.428323213560716          -40.040337743988943           78.283818491694888          -73.535561654403168          -106.08304888901768          -156.68296549939598          -107.17073110014503           1307.1373273303996          -8.4807862690831737           6.0184350895162355          -67.935414615975219
4.0730082253632816          -1587.8992502178855           219.07131643915741           17.307406140875997           9.4985436848370455          -10.683351291930862           33.641450713711265          -8.2666666366966197           6.8257301900444318          0.38568331587693727         0.027997155698864795            2.590341307468826          0.21729694144794287          -4.3907359866459466           1.9233207023398489          -2.2904791555299795          0.46591665618954536           5.5680063978092491           2.7249931932590066          -5.5576194039770357          -1.5983713862530138           4.6890442853327841          -3.3510172079664713           6.5938471796299041          -6.0794636419322856           2.1683661251533821          -7.3072081859758669         -0.37335704606304887           -7.907542399129639          -8.4807862690822304           1492.3452447738471          -5.4889033819649296           5.7201559786280995
-379.12358863879831           489.23259592930367           41.109672808134391          -102.68574255284794          -55.977673022754097            48.96825217786548          -194.19842655198897           49.208103291222045          -40.236286990828972          -2.2694254856489353         -0.16473741528341723          -15.242821731454537          -1.2786319982263747           25.823081533171866          -11.314578806883254           13.475993320711051          -2.7414851176002686          -32.859065455676486          -16.034498237121948          -180.51436563222879           221.94051061458015          -131.40430627235892          -110.50741487314168          -166.23562289715653          -2.0064906362339174          -59.529630653550008            46.05507767967773          -16.773882242813215           35.697954729802483           6.0184350895159717          -5.4889033819649828           955.83462511791004           4.4902659425612228
26.909437845838056          -1807.1162287366508           109.85590332770546           121.33096240837352           67.778097161868203          -124.70950781541895           253.52195249176378          -63.867105408426895           48.936521140291418           2.7633153220716498          0.20060016502877945           18.556458769592894           1.5568080070179622          -31.499367349415078           13.788300837148483          -16.415702723272233           3.3383156692524332           39.586110219173094           19.523291885507046           75.323351273993694           -32.62715323668931          -40.548649212068646           68.200306522729363           75.806531965920826           30.994472204418216            8.744268013864362          -56.494488407232808          -43.975100402503749          -51.521718291604536          -67.935414615974253           5.7201559786283598           4.4902659425599527           998.89928074649174
