783
6
784           4.1124099999999997
784        -0.071493200000000007
784                    0.0186389
784        0.0062497146811328428
784        -0.011976108393556787
784        0.0018657200199719856
1                            0                            0                            0                            0                            0
0                            1                            0                            0                            0                            0
0                            0                            1                            0                            0                            0
0                            0                            0                            4                            0                            0
0                            0                            0                            0                            4                            0
0                            0                            0                            0                            0                            4
