49
6
50           4.0760699999999996
50         -0.38842100000000002
50       8.5635200000000002e-07
50         -0.15383810809118048
50          0.04518758906963749
50       -0.0080761923654085188
1                            0                            0                            0                            0                            0
0                            1                            0                            0                            0                            0
0                            0                            1                            0                            0                            0
0                            0                            0                            4                            0                            0
0                            0                            0                            0                            4                            0
0                            0                            0                            0                            0                            4
