50
6
51           4.2643500000000003
51         -0.37364599999999998
51        -0.043177800000000002
51         -0.15143804142017944
51         0.056717690267613273
51       -0.0001033059892114765
1                            0                            0                            0                            0                            0
0                            1                            0                            0                            0                            0
0                            0                            1                            0                            0                            0
0                            0                            0                            4                            0                            0
0                            0                            0                            0                            4                            0
0                            0                            0                            0                            0                            4
