1135
6
1136           4.0591400000000002
1136         -0.57603700000000002
1136        -0.024196100000000002
1136         -0.20592897851552311
1136         0.040849368234833691
1136        0.0052264619445289151
1                            0                            0                            0                            0                            0
0                            1                            0                            0                            0                            0
0                            0                            1                            0                            0                            0
0                            0                            0                            4                            0                            0
0                            0                            0                            0                            4                            0
0                            0                            0                            0                            0                            4
