1650
6
1651                      4.08575
1651        -0.092597899999999997
1651         0.015568500000000001
1651         0.012789710593007144
1651         0.012888003385003547
1651         0.010632804135098588
1                            0                            0                            0                            0                            0
0                            1                            0                            0                            0                            0
0                            0                            1                            0                            0                            0
0                            0                            0                            4                            0                            0
0                            0                            0                            0                            4                            0
0                            0                            0                            0                            0                            4
