726
6
727           3.9443999999999999
727                    -0.100254
727         0.017269400000000001
727        -0.010791603481198092
727         0.015019103902253153
727       -0.0030303691310106027
1                            0                            0                            0                            0                            0
0                            1                            0                            0                            0                            0
0                            0                            1                            0                            0                            0
0                            0                            0                            4                            0                            0
0                            0                            0                            0                            4                            0
0                            0                            0                            0                            0                            4
