1343
6
1344                      4.38422
1344        -0.069837099999999999
1344                  -0.00374509
1344         0.010735101781000175
1344          0.01501739826751811
1344        -0.004004846562649828
1                            0                            0                            0                            0                            0
0                            1                            0                            0                            0                            0
0                            0                            1                            0                            0                            0
0                            0                            0                            4                            0                            0
0                            0                            0                            0                            4                            0
0                            0                            0                            0                            0                            4
