730
6
731           3.9999600000000002
731        -0.095348299999999997
731         0.013639999999999999
731       -0.0017353414044612582
731         0.012223007537520161
731        0.0014062398664533684
1                            0                            0                            0                            0                            0
0                            1                            0                            0                            0                            0
0                            0                            1                            0                            0                            0
0                            0                            0                            4                            0                            0
0                            0                            0                            0                            4                            0
0                            0                            0                            0                            0                            4
