935
6
936                       4.1189
936                     -0.16713
936        -0.030670300000000001
936       -0.0097498969139286438
936         0.026917724737804245
936       -0.0028815951010344822
1                            0                            0                            0                            0                            0
0                            1                            0                            0                            0                            0
0                            0                            1                            0                            0                            0
0                            0                            0                            4                            0                            0
0                            0                            0                            0                            4                            0
0                            0                            0                            0                            0                            4
