999
6
1000                      4.16988
1000                   -0.0934421
1000         0.014903700000000001
1000       -0.0082067840429875197
1000         0.018534000879468569
1000        0.0023457703219389044
1                            0                            0                            0                            0                            0
0                            1                            0                            0                            0                            0
0                            0                            1                            0                            0                            0
0                            0                            0                            4                            0                            0
0                            0                            0                            0                            4                            0
0                            0                            0                            0                            0                            4
