1108
6
1109                      4.09375
1109        -0.093512399999999996
1109                    0.0376417
1109      -0.00068936700459977616
1109         0.011088611183282589
1109        -0.004634058180013184
1                            0                            0                            0                            0                            0
0                            1                            0                            0                            0                            0
0                            0                            1                            0                            0                            0
0                            0                            0                            4                            0                            0
0                            0                            0                            0                            4                            0
0                            0                            0                            0                            0                            4
