1188
6
1189           4.4075199999999999
1189         -0.25450600000000001
1189        0.0067673300000000002
1189         -0.10861303843716386
1189       -0.0032073834980234331
1189        -0.010347003064887131
1                            0                            0                            0                            0                            0
0                            1                            0                            0                            0                            0
0                            0                            1                            0                            0                            0
0                            0                            0                            4                            0                            0
0                            0                            0                            0                            4                            0
0                            0                            0                            0                            0                            4
