1312
6
1313           4.2372199999999998
1313         -0.77171599999999996
1313                    0.0111117
1313         -0.33953569811232764
1313       -0.0051123557518638384
1313        0.0089503095767858136
1                            0                            0                            0                            0                            0
0                            1                            0                            0                            0                            0
0                            0                            1                            0                            0                            0
0                            0                            0                            4                            0                            0
0                            0                            0                            0                            4                            0
0                            0                            0                            0                            0                            4
