882
6
883           4.2784599999999999
883          0.31544499999999998
883       -0.0043562799999999997
883          0.14241099168141302
883        0.0018644298299267379
883       -0.0091265600378808241
1                            0                            0                            0                            0                            0
0                            1                            0                            0                            0                            0
0                            0                            1                            0                            0                            0
0                            0                            0                            4                            0                            0
0                            0                            0                            0                            4                            0
0                            0                            0                            0                            0                            4
