1046
12
1047                      6.25197
1047       -0.0035376399999999999
1047         -0.21145700000000001
1047         0.086578044140837515
1047          0.13251704408072798
1047           0.0179816016468228
1096                    -0.148981
1096          -3.0887099999999998
1096        -0.048391400000000001
1096        -0.023606958940818233
1096         0.018698701773338409
1096         0.085083778964772441
10                            0                            0                            0                            0                            0                            0                            0                            0                            0                            0                            0
0                           10                            0                            0                            0                            0                            0                            0                            0                            0                            0                            0
0                            0                           10                            0                            0                            0                            0                            0                            0                            0                            0                            0
0                            0                            0                          100                            0                            0                            0                            0                            0                            0                            0                            0
0                            0                            0                            0                          100                            0                            0                            0                            0                            0                            0                            0
0                            0                            0                            0                            0                          100                            0                            0                            0                            0                            0                            0
0                            0                            0                            0                            0                            0                           10                            0                            0                            0                            0                            0
0                            0                            0                            0                            0                            0                            0                           10                            0                            0                            0                            0
0                            0                            0                            0                            0                            0                            0                            0                           10                            0                            0                            0
0                            0                            0                            0                            0                            0                            0                            0                            0                          100                            0                            0
0                            0                            0                            0                            0                            0                            0                            0                            0                            0                          100                            0
0                            0                            0                            0                            0                            0                            0                            0                            0                            0                            0                          100
