1195
12
1196           6.2505800000000002
1196         -0.19920599999999999
1196         -0.36981599999999998
1196         0.071741615694511027
1196          0.13079901597110327
1196       -0.0054009530857124909
1245        -0.047761199999999997
1245          -2.9837899999999999
1245         -0.22403699999999999
1245         0.027659995951967855
1245        0.0027496446528340302
1245         0.044427153987406744
10                            0                            0                            0                            0                            0                            0                            0                            0                            0                            0                            0
0                           10                            0                            0                            0                            0                            0                            0                            0                            0                            0                            0
0                            0                           10                            0                            0                            0                            0                            0                            0                            0                            0                            0
0                            0                            0                          100                            0                            0                            0                            0                            0                            0                            0                            0
0                            0                            0                            0                          100                            0                            0                            0                            0                            0                            0                            0
0                            0                            0                            0                            0                          100                            0                            0                            0                            0                            0                            0
0                            0                            0                            0                            0                            0                           10                            0                            0                            0                            0                            0
0                            0                            0                            0                            0                            0                            0                           10                            0                            0                            0                            0
0                            0                            0                            0                            0                            0                            0                            0                           10                            0                            0                            0
0                            0                            0                            0                            0                            0                            0                            0                            0                          100                            0                            0
0                            0                            0                            0                            0                            0                            0                            0                            0                            0                          100                            0
0                            0                            0                            0                            0                            0                            0                            0                            0                            0                            0                          100
