1458
12
1459           5.8917200000000003
1459        -0.072509699999999996
1459         -0.29682900000000001
1459        -0.063911243613914065
1459          0.13541995644561594
1459        -0.002317255205640772
1508         0.081597600000000006
1508          -3.0830799999999998
1508         -0.10288600000000001
1508      -0.00039266492196009912
1508        0.0045684625542281639
1508           0.0394647803140738
10                            0                            0                            0                            0                            0                            0                            0                            0                            0                            0                            0
0                           10                            0                            0                            0                            0                            0                            0                            0                            0                            0                            0
0                            0                           10                            0                            0                            0                            0                            0                            0                            0                            0                            0
0                            0                            0                          100                            0                            0                            0                            0                            0                            0                            0                            0
0                            0                            0                            0                          100                            0                            0                            0                            0                            0                            0                            0
0                            0                            0                            0                            0                          100                            0                            0                            0                            0                            0                            0
0                            0                            0                            0                            0                            0                           10                            0                            0                            0                            0                            0
0                            0                            0                            0                            0                            0                            0                           10                            0                            0                            0                            0
0                            0                            0                            0                            0                            0                            0                            0                           10                            0                            0                            0
0                            0                            0                            0                            0                            0                            0                            0                            0                          100                            0                            0
0                            0                            0                            0                            0                            0                            0                            0                            0                            0                          100                            0
0                            0                            0                            0                            0                            0                            0                            0                            0                            0                            0                          100
