978
12
979           5.9137300000000002
979        -0.046454200000000001
979         -0.42472900000000002
979         0.055450996445657826
979          0.11914199258492442
979       -0.0017524510639341307
1028                    -0.155117
1028                     -2.95919
1028       -0.0033605200000000001
1028        -0.014922192200952389
1028       -0.0042162857932269869
1028         0.053516820248844098
10                            0                            0                            0                            0                            0                            0                            0                            0                            0                            0                            0
0                           10                            0                            0                            0                            0                            0                            0                            0                            0                            0                            0
0                            0                           10                            0                            0                            0                            0                            0                            0                            0                            0                            0
0                            0                            0                          100                            0                            0                            0                            0                            0                            0                            0                            0
0                            0                            0                            0                          100                            0                            0                            0                            0                            0                            0                            0
0                            0                            0                            0                            0                          100                            0                            0                            0                            0                            0                            0
0                            0                            0                            0                            0                            0                           10                            0                            0                            0                            0                            0
0                            0                            0                            0                            0                            0                            0                           10                            0                            0                            0                            0
0                            0                            0                            0                            0                            0                            0                            0                           10                            0                            0                            0
0                            0                            0                            0                            0                            0                            0                            0                            0                          100                            0                            0
0                            0                            0                            0                            0                            0                            0                            0                            0                            0                          100                            0
0                            0                            0                            0                            0                            0                            0                            0                            0                            0                            0                          100
