683
12
684           4.9745299999999997
684          0.15650800000000001
684         -0.31760500000000003
684          0.16366492252131176
684         0.097810816344442733
684        0.0053585998004517365
733                    -0.159021
733          -3.0530200000000001
733         0.057075800000000003
733        -0.051226301506365562
733        -0.009188073351631942
733         0.079661325120651896
10                            0                            0                            0                            0                            0                            0                            0                            0                            0                            0                            0
0                           10                            0                            0                            0                            0                            0                            0                            0                            0                            0                            0
0                            0                           10                            0                            0                            0                            0                            0                            0                            0                            0                            0
0                            0                            0                          100                            0                            0                            0                            0                            0                            0                            0                            0
0                            0                            0                            0                          100                            0                            0                            0                            0                            0                            0                            0
0                            0                            0                            0                            0                          100                            0                            0                            0                            0                            0                            0
0                            0                            0                            0                            0                            0                           10                            0                            0                            0                            0                            0
0                            0                            0                            0                            0                            0                            0                           10                            0                            0                            0                            0
0                            0                            0                            0                            0                            0                            0                            0                           10                            0                            0                            0
0                            0                            0                            0                            0                            0                            0                            0                            0                          100                            0                            0
0                            0                            0                            0                            0                            0                            0                            0                            0                            0                          100                            0
0                            0                            0                            0                            0                            0                            0                            0                            0                            0                            0                          100
