6
35
-7           12.735967917131168
-7          0.80464715452645141
-7         -0.05732534924614522
106           49.549309326492256
106          -3.3971569296847823
103           49.800256790133297
103          -26.292655267858819
90           14.832300021021316
90          -20.684368477233065
101           38.930695945555208
101           1.6761884750565645
96           41.552899959081891
96          -22.795882865446227
85           24.299117145936069
85          -16.569130890971493
83           26.427368960122923
83           16.391793218413397
87           33.204317032791771
87          -19.549307098551587
97           38.833319949317797
97          -7.1858678550537443
91           32.436930512825512
91          -27.784909450552703
104           50.861909321389071
104           5.0544094418476506
84           26.186751402678478
84          -25.822404674293168
102           55.130553533778098
102           2.7967001608854791
93           27.725223731838454
93           6.4005780764430567
80           16.047152682640579
80           -12.99763213877759
82           10.281957240703905
82          -3.8540708424798718
61.222669917374425           -3.194715460125102            32.61291832877388         -0.59794853074267784          0.12680330491169575       0.00029396198741238165       0.00024264087218853764        0.0012085383966888253       -0.0026573952413833199          -9.0037938173046577          0.47822506185404068          -3.0175295240177888           1.2693195321577591           -7.236971184877266          0.30078052230907876          -12.044099400248598          -1.8908804986822192          -4.4557611226430858            1.277429122629274          -3.1341142820525523          0.60558439560111943          -1.8615414495423297          0.63647245002956077          -2.4282108560531381         0.062588758298969441          -1.9478321819629314          0.35401056673949827         -0.51416145739796038         0.078182050731882918          -14.908086401464733          0.19585826404186943        -0.071871720572693351         -0.29379816158344441       -0.0022487626053026861       -0.0034382634762454966
-3.1947154601251047           51.784378813264389           167.96205423248838        -0.035294715089582637          0.11231238916595514        0.0010444952465585697       0.00062742381927035609        0.0038588081010434015       -0.0080748535422998594          -2.0892667490348793          -2.2373389634072089           3.4966095092019782          -1.8467439500661036           6.1732271810672454          -11.417830659703307          -10.480207747244224           -11.52375003538352           4.7484348025796725          -4.7016311704186711          0.71548636821506095         -0.66430405752140143           2.9408365236323926          -3.0229487824464103         -0.50339417042704782         -0.24644095711088324           2.3811808053155095          -3.6588286636058474         -0.19376482272960302          0.16330002358377951          -4.1273745767502081          -11.668062067732393          0.16984100382738876          -1.0543905309995774       -0.0064961179266000719        -0.010253416755410829
32.61291832877361           167.96205423248847           10683.984568221855          0.42676641143515481          -2.0218163605436952       -0.0052097420017779795       -0.0031768401844675938         -0.01933479766759633         0.040551601616242598           15.897354567064074          -45.514629143352856          -30.695313923659924          -20.400559992445423          -66.354593758271193           7.9801603162116646           96.261736445812744        -0.092372589012150716          -43.830822235939081          -15.425297902600976          -4.0753746933697688          -8.5397218996991349          -31.073815300529539          -6.6294990435494272           5.5208962440645326          -24.150600640731778          -32.334846618431293          -3.3853579303296764           1.2880274972155124          -2.0235269820987587           57.114308750039157          -53.101792593410948         -0.76542577702215076           5.2539444285204215         0.032702774953936711         0.051538088326828983
-0.59794853074268028        -0.035294715089583248          0.42676641143517297           4.8686382252174258         -0.29881480746412276       3.1795235010733811e-05       3.4896815457110405e-05       0.00014676507423891936      -0.00033783228896759723         -0.69838054917828751         0.029701099782712837           -0.266141708431544          0.10204981040220994         -0.62362668347726058         0.072083721172397267          -0.9054444375187457         -0.11906734701376435         -0.39009103636409576          0.11519900259847252         -0.44061348251747257           0.0690285457643319         -0.17959488921432099         0.062840497333872855        -0.035087544189683045        0.0033382978703175629        -0.092309072995665944         0.024805249720107659         -0.11591684032673831       -0.0023574180778934794         -0.49986292590988013        0.0086659605613303194        -0.023500553104480421        -0.031429808729001307      -0.00029830812782636527      -0.00044426261977686189
0.12680330491169611           0.1123123891659612          -2.0218163605435451          -0.2988148074641227           2.6041941209701287      -3.0900077144220874e-05       -2.203041640967633e-05       -0.0001205842145531349       0.00025906878037150157          0.17452058693861208         -0.50632362143864929         -0.13796471886254286         -0.27103764937038971         -0.33188656565556224         -0.32169358873502862          0.68432798368146674         -0.37838650847174421         -0.20186057454658501         -0.32077719745571565        -0.009599525664901614         -0.37933051496599268         -0.17767440746843716         -0.18169374543151998          0.01138514702079115         -0.01280005042926287        -0.063378843895639428        -0.035675286823772849          0.02876876190196204         -0.16887955389224679          0.19461338279381432         -0.17110076110467473        0.0006973542003904929         0.030621943720308867       0.00021423970079240666        0.0003323199872745917
0.00029396198741291936        0.0010444952465586462       -0.0052097420017024236       3.1795235010739794e-05      -3.0900077144227684e-05           2.4001509242841075         -0.74716695674372313        -0.095709587351571243         0.073632848134352058         -0.18029917197756384        -0.076328385420981276         -0.23344895894671211        0.0052813143248810731         -0.44286006034965897          0.15404340478129613         0.047167718839349115         0.066384335626996249         -0.33101410743951232          0.05710386685096229         -0.13795996446187045         -0.04050293423489626        -0.012887555649863925        0.0072521950432394592       -0.0024289694410835009       -0.0032640024899485585         -0.11573873495151395         0.014899726046148868        -0.046686710595919133        -0.051429153937572317         -0.03469300821521934         0.013183963812860525         -0.81083462855252741          0.45899586890978017       -0.0031144270159083878         0.066767691648402974
0.00024264087218723858       0.00062742381926792108       -0.0031768401843392533       3.4896815457090294e-05       -2.203041640953495e-05         -0.74716695674372369           1.8618712785554592        -0.015708513789061015       -0.0089739232299600839           0.2108238305889808         -0.28270115539066426        -0.015429725973524655         -0.19134231237263682        -0.046330387403063646          -0.2578459984387324          0.50180320033106518         -0.23295549498152393        -0.020346571652501904         -0.23536384594720938         0.044728781716022438         -0.18511929981487063      -0.00084982317029042844       -0.0011567776984468226        0.0098478593167894892       -0.0050674362329486203        -0.058692063322421134        -0.097952010164130465         0.046109691861586699         -0.11187840138902093         0.082710843299972456         -0.05143008006164302        -0.038967317691288667         -0.23841486495349287         0.047169197372529607         0.037646919990039586
0.001208538396663128        0.0038588081010657582        -0.019334797667792829       0.00014676507423763349      -0.00012058421455241053        -0.095709587351570605        -0.015708513789061906           60.904529090063662          -8.0174472829381784         -0.55805602793752018          -1.6177500510831846          -3.0677998143781569          -1.2536563832436598          -8.5593594900460435         -0.59713054904413232            6.802058372265039          -3.3259450430435287          -7.1829873014712158          -2.3204561119638356          -1.6601232128109646          -1.8534189310035851         -0.59508165230442855          -0.1525874949445552          0.01183617252074055        -0.011982914297150371         -0.18956430963310256         0.083388449004750703         -0.10274108546413263         -0.25246851627395728          0.18162219774068999          -2.5397049968589775          -15.138873522641525           3.4583796003180884          -27.087678290910159           12.183109986048978
-0.0026573952413713187       -0.0080748535422081602         0.040551601616103883      -0.00033783228896763773       0.00025906878037310066         0.073632848134353612       -0.0089739232299608507           -8.017447282938198           88.478114849739853         -0.52803856690137962         -0.78539800537271187            1.506039949617983          -1.2616885967653682           3.5156513713541662          -6.6749408354828645          -3.2470104954605716          -8.0046371439052102           3.2706359961271696          -3.9357969119332985          0.74639180086781642         -0.95912879747367263          0.22239167041355795         -0.33650619601910048        -0.046591943104362002         0.025321770844411132          0.15932690778609171         -0.19155535369329055        -0.082827534419436563         -0.01323529798971057        -0.039166018660252488          -3.2337246629753933           4.5252561894611283          -14.781377856183807          -3.9267161015649963          -42.303524058555986
-9.0037938173046381          -2.0892667490348886           15.897354567063756         -0.69838054917828307           0.1745205869386105         -0.18029917197756432          0.21082383058898285         -0.55805602793750086         -0.52803856690138784           134.84693132686638           4.7840412407644148          -5.7672002630632111           4.7599660981205334          -12.553151819258419          0.91966441139595256           -39.50290850205117          -6.0534410530056997          -8.6051333070184093           4.8087079206596712          -9.0566246826258556           2.8060952640413044          -1.4706991829703886          0.79751799576513394          -2.5515928634353808          0.59472474817514709          -1.0058442739514719         0.061068605226797815          -1.6163011672030088          0.45833601367834464          -10.723274261075471         -0.16308834766959968          -18.636531674196426          -6.9628481409633265          -12.914041385094187          -4.5685343485085932
0.47822506185404645          -2.2373389634072298          -45.514629143352892          0.02970109978271511         -0.50632362143865572        -0.076328385420980929         -0.28270115539066648          -1.6177500510831773         -0.78539800537276017           4.7840412407644664            83.95594944840613          -2.8577398333705961           -8.811089709915219          -6.8636815068420756          -13.241475333115098           16.261409676334342          -15.843345009375001          -4.4190714735385477          -11.862367188663994          0.20867372316123117          -6.5862462337998009          -1.7137500235594922          -2.8475925626458722          0.49184800469355605          -1.5592445471795995          -1.1797685382911294          -1.5724826622097494          0.28932395624023532           -1.061524030612276           3.0040551139801166          -6.4649011070385951          -7.8958961629202689          -9.9908146633988668           1.0737069162523281         -0.31374377230039574
-3.0175295240177871           3.4966095092019058          -30.695313923657707         -0.26614170843154139         -0.13796471886253972         -0.23344895894671175        -0.015429725973526993          -3.0677998143781018           1.5060399496179955          -5.7672002630631836          -2.8577398333704127           78.241863447136097           -24.99922086417639          -15.719719186506161           5.2640051950024018            2.433027684129379           1.8090547377626618          -12.081338194515265           1.3866953604613514          -5.1353444676470792          -1.0198953647646858          -3.2361909513821052          0.79757301570546779         -0.52625375608501879         -0.61512410536013695          -1.9696832832275732          0.75388287346914451         -0.37544416205014092         -0.37088741649831214          -1.6994878013874235         -0.10228218648027393          -18.701578315660953           9.5385517559903814          -8.5460993500402598           4.8225426830983338
1.2693195321578024          -1.8467439500659952          -20.400559992445544          0.10204981040221248         -0.27103764937039521        0.0052813143248833638          -0.1913423123726414          -1.2536563832436423          -1.2616885967653484           4.7599660981205352           -8.811089709915338          -24.999220864176472           69.153165750361396          -1.0083826061399468          -10.232110894594582           13.803921450438406          -11.663345017148421         -0.50185810059434954          -9.3086131060803261           1.6766493564307612          -5.1793189901243695         -0.37834374762714279          -2.0045757811518272          0.58629763674750768          -1.0615269615452672         -0.26209893963945663          -1.0899652129647777          0.33127625450839882         -0.60910723129033617           3.2802852441158197          -4.7421408111110246          -1.3745492871680243          -9.1326380026205261           3.5084140206036403          -2.1291217468948069
-7.2369711848773113            6.173227181067281           -66.35459375826963         -0.62362668347726746         -0.33188656565555941         -0.44286006034965775        -0.046330387403064804           -8.559359490046127           3.5156513713541693          -12.553151819258458          -6.8636815068421111          -15.719719186506099          -1.0083826061400945           165.53636620106624          -27.683878476102567           3.2915677649975232        -0.014669949345909483          -24.981109666534145            1.119584639383959          -11.124194937588024          -2.9313589580591284          -6.6287574355937355           1.1214078082542864          -1.1678426605246275          -1.2825799596060037          -4.1323398748311648           1.1836020001927896         -0.86935366802709468         -0.80838191294825124          -4.2142682658931854          -1.5423963506842702           -35.70379876642405           15.224501509147027           -32.36272467564369           12.094800778146739
0.30078052230906538          -11.417830659703407           7.9801603162126789         0.072083721172399751         -0.32169358873503101           0.1540434047812923         -0.25784599843873346         -0.59713054904411167          -6.6749408354826993          0.91966441139605393          -13.241475333115108           5.2640051950023539          -10.232110894594861          -27.683878476102702            190.5826637793111          -2.9318743482749081          -34.751981392232494           7.2664245611701066          -19.685053341954983           2.8377217057252468          -8.4185779773684146           2.2919040115287643          -5.1911379261996204         -0.15034449505624034          -1.0619310416403411            1.302867329726888          -3.6295192259104927         0.036735872968983563         -0.59811856204067548           1.1415751306730659           -11.95048671270566           4.7142561658865478           -35.73351567974516           3.7507382862057188          -26.057824667726184
-12.044099400248543          -10.480207747244197           96.261736445809262         -0.90544443751874515          0.68432798368146919         0.047167718839346728          0.50180320033105996           6.8020583722650283          -3.2470104954604722          -39.502908502050907           16.261409676334409           2.4330276841292671           13.803921450438503           3.2915677649972448          -2.9318743482745724            171.3481014916207           36.489109984082802           4.1440329982103696           14.658343199777093          -13.032180349885477           12.398753460054827           3.4654893042983055           1.0151339631438243          -5.0446103970010707           2.7510530657261247           1.8026823699695864          -1.1356049402641135          -2.7400437645341409           1.7690875761365994          -26.409465017358084            3.329579508445192          -8.0665734031132992           -30.39529526040894          -71.923423903718259          -47.739228640861548
-1.8908804986822552          -11.523750035383696        -0.092372589010888712         -0.11906734701376677         -0.37838650847173694         0.066384335626995916          -0.2329554949815244          -3.3259450430435749          -8.0046371439052226          -6.0534410530056393          -15.843345009374408           1.8090547377628541          -11.663345017148611        -0.014669949346113542          -34.751981392233127           36.489109984083385           234.00066027053236           1.4488514744351135          -22.526389062756973         -0.78463817382245638          -10.128738488418101           1.1313635767303609          -5.6966396893765792         -0.92798080343242895          -1.3525683498552581          0.60863703515836765          -3.7507898143659082         -0.46619460645942584         -0.64637030277567731          -1.6013387332399738          -14.442247237420045          -8.0030686831116604          -46.316868484363397          -17.506726665418483          -40.119272480331283
-4.4557611226430343           4.7484348025797152            -43.8308222359383         -0.39009103636409576         -0.20186057454659029         -0.33101410743950921         -0.02034657165250061          -7.1829873014711589           3.2706359961271589          -8.6051333070183613          -4.4190714735385823          -12.081338194515245          -0.5018581005942524          -24.981109666534358           7.2664245611699103           4.1440329982105348           1.4488514744353811           131.83735690274787          -37.592975907761151          -8.1171373617335529          -2.0520001683282301          -4.8594139397647726           1.0320065685527671          -0.7957410207927551         -0.87683055850380542          -2.8040085901294796           1.0146105425108827         -0.55367386703666643         -0.52823112828992036          -2.6643048837246841          -0.7193129538086831          -30.332202097667182           14.166707498212201          -27.312000206422923           12.527642890942559
1.2774291226292356          -4.7016311704187812          -15.425297902599224          0.11519900259847055         -0.32077719745570482         0.057103866850960375         -0.23536384594720744          -2.3204561119639013          -3.9357969119333358           4.8087079206595762           -11.86236718866409           1.3866953604613559          -9.3086131060803528           1.1195846393840514          -19.685053341954784           14.658343199777411           -22.52638906275741          -37.592975907761179           130.42423868800375           2.6011377141109655          -8.0491740312515585          0.26046879315527549          -3.4612374320025627          0.48574833278264817          -1.2183239185005872           0.1669643847621991          -1.9411796816927434          0.30878815285057049         -0.67763295822382108           4.2767588907602745          -8.5540110276164967         -0.23483850252846128          -21.083346262066854           7.9086913140109107          -13.280017716848242
-3.1341142820526069          0.71548636821504341          -4.0753746933701258         -0.44061348251747257       -0.0095995256649012636         -0.13795996446187345         0.044728781716023326          -1.6601232128109868          0.74639180086780399          -9.0566246826258681          0.20867372316120153          -5.1353444676471396           1.6766493564307554          -11.124194937587955           2.8377217057251207          -13.032180349885575         -0.78463817382247014          -8.1171373617335583           2.6011377141109935           89.681443376545019          -10.433543841252668          -2.0868110060943392          0.75817677466039102          -1.0831680531986718       -0.0006272975961025733          -1.2043329613386655          0.39050290927202136         -0.69787394953313142        -0.045053906387174589          -5.0882706538141322          0.11805375586084554          -11.329775724090343           1.6255294283400401          -15.636485476058843         -0.65773623205565812
0.60558439560110888         -0.66430405752136557          -8.5397218996981703         0.069028545764331012         -0.37933051496599463        -0.040502934234896079         -0.18511929981486708          -1.8534189310035902         -0.95912879747365909           2.8060952640412644          -6.5862462337996002          -1.0198953647646953          -5.1793189901242718          -2.9313589580590933          -8.4185779773682938           12.398753460054936          -10.128738488418215          -2.0520001683282523          -8.0491740312516278          -10.433543841252678           56.837833298305753         -0.79986089086520562          -1.8702279031460038          0.40794416744098533         -0.87592584482254454         -0.40778793741498182         -0.86858722454927373          0.21990123056452551         -0.72456533367272824           3.0222514920501631          -4.9023423854617372          -2.7715959146593563          -5.2523396337809585           2.2928743289184865          -2.4435987400118409
-1.8615414495423264           2.9408365236323988           -31.07381530052924         -0.17959488921432101          -0.1776744074684358        -0.012887555649863785      -0.00084982317029032393         -0.59508165230443977          0.22239167041355284          -1.4706991829703875          -1.7137500235594887          -3.2361909513821141         -0.37834374762713829          -6.6287574355937435           2.2919040115288407            3.465489304298309            1.131363576730319          -4.8594139397646954          0.26046879315522609          -2.0868110060943486         -0.79986089086520173           24.557446748075403          -8.0481123513571422        -0.076380218425640536         -0.31771749509003272          -1.3786669675518177          0.38183707320544763        -0.078610087504347725         -0.19189412100145345         -0.17400301557902115         0.042892966119918524          -3.7568801808702292           2.9745702623822226          -1.6336673517396669           1.3494598156994904
0.63647245002955444          -3.0229487824464183          -6.6294990435489503         0.062840497333872453         -0.18169374543151848        0.0072521950432389475        -0.001156777698448009         -0.15258749494454749         -0.33650619601909887           0.7975179957651175          -2.8475925626458025          0.79757301570547168          -2.0045757811518166           1.1214078082543135          -5.1911379261996835           1.0151339631438629          -5.6966396893764681           1.0320065685528204          -3.4612374320025583          0.75817677466039735          -1.8702279031460045          -8.0481123513571138           32.678410806131012          0.06738552698620838         -0.22706827363232251          0.12471567966046695         -0.95540805031912857         0.036347214566472899         -0.13183302343317968          0.48955172012480386          -2.1814728352859953          0.60583918610067378          -3.2156109346385184          0.64402932869744411          -1.3591178067214642
-2.4282108560531372         -0.50339417042704893           5.5208962440645539        -0.035087544189683052         0.011385147020790872       -0.0024289694410835365        0.0098478593167897494         0.011836172520742511        -0.046591943104361974          -2.5515928634353844          0.49184800469354634         -0.52625375608502112          0.58629763674750068          -1.1678426605246264         -0.15034449505626227          -5.0446103970011107          -0.9279808034324265          -0.7957410207927581          0.48574833278266233           -1.083168053198678          0.40794416744098955         -0.07638021842563926          0.06738552698621067           17.056580122737198           1.0168311451289433        -0.036430944278547317        -0.029238223534983791        -0.072244177103567855         0.026830226096382626         -0.94952464449694007        -0.045069364633120612           -2.242451365282812          -1.3312718504858079        -0.056413125130059465        -0.070086269093607018
0.062588758298965305          -0.2464409571108922          -24.150600640731589        0.0033382978703176218        -0.012800050429261382       -0.0032640024899486496         -0.00506743623294772        -0.011982914297145543          0.02532177084440769           0.5947247481751391          -1.5592445471796212         -0.61512410536014606          -1.0615269615452607          -1.2825799596060106          -1.0619310416403418           2.7510530657261461          -1.3525683498552874         -0.87683055850380687           -1.218323918500593      -0.00062729759610350236         -0.87592584482253866           -0.317717495090031         -0.22706827363232451           1.0168311451289427           8.7148979815919372         -0.19829884908838058         -0.09229388082874726         0.019259875121479548        -0.022395313384180122          0.35473606527708851         -0.62763309775651976          -1.5197064469036445          -0.4116596068539542         0.023582245986064114         0.034590107034630703
-1.9478321819629374           2.3811808053155281           -32.33484661843233        -0.092309072995665972        -0.063378843895639733         -0.11573873495151374        -0.058692063322421759         -0.18956430963309218          0.15932690778608963          -1.0058442739514748          -1.1797685382911138          -1.9696832832275866         -0.26209893963945996          -4.1323398748311684           1.3028673297268565           1.8026823699697119          0.60863703515830525          -2.8040085901295044           0.1669643847622542          -1.2043329613386617         -0.40778793741498887          -1.3786669675518102            0.124715679660463         -0.03643094427854747         -0.19829884908837381           15.125121181926861          -3.6745403550255218        -0.099788544715854605         -0.20508605423746468         -0.28323316373488189         -0.29437807562278345          -1.7032344599489604            1.429414904758572         0.035121330635542493          0.17058206331101347
0.35401056673949505          -3.6588286636058505           -3.385357930329453         0.024805249720107767        -0.035675286823773092         0.014899726046148478        -0.097952010164130715         0.083388449004757559         -0.19155535369329318          0.06106860522679481          -1.5724826622097094          0.75388287346913285          -1.0899652129648076              1.1836020001928          -3.6295192259104994          -1.1356049402641211          -3.7507898143658527           1.0146105425108689          -1.9411796816927656          0.39050290927202785         -0.86858722454927384          0.38183707320544258          -0.9554080503191239        -0.029238223534983152        -0.092293880828749661          -3.6745403550255182           22.462234564336608         0.022281450819340524         -0.12347378780312834         0.081577316389090673          -2.1815469941514163          0.52544476530792605          -2.1107536581263413        -0.052449851461045013         -0.16190290694382398
-0.51416145739796015         -0.19376482272960618           1.2880274972149277         -0.11591684032673845         0.028768761901962085        -0.046686710595919154         0.046109691861586956         -0.10274108546413184        -0.082827534419437951          -1.6163011672030152          0.28932395624022961          -0.3754441620501428           0.3312762545084022         -0.86935366802709069         0.036735872968989267          -2.7400437645341751         -0.46619460645942523         -0.55367386703666688          0.30878815285057915         -0.69787394953313064           0.2199012305645312        -0.078610087504347864         0.036347214566474453        -0.072244177103568827         0.019259875121480793        -0.099788544715855132         0.022281450819341152           10.386851694180672          0.27240388593913251         -0.97107221205169136        -0.020890083855686664          -1.2132176736750031         -0.59691487541308985         -0.31958924359484653          -0.2500965192162013
0.078182050731909175           0.1633000235837434           -2.023526982104134        -0.002357418077893361         -0.16887955389224751        -0.051429153937572795          -0.1118784013890216         -0.25246851627394779        -0.013235297989717822          0.45833601367837334          -1.0615240306122433         -0.37088741649832102          -0.6091072312903385         -0.80838191294824324         -0.59811856204069769            1.769087576136358         -0.64637030277571217         -0.52823112828993635         -0.67763295822376535        -0.045053906387189493         -0.72456533367272602         -0.19189412100145095         -0.13183302343318609         0.026830226096382543        -0.022395313384182866         -0.20508605423747148         -0.12347378780312898          0.27240388593913467           4.9449166729747791          0.39422650494345846         -0.42749455714248463         -0.68902315367914102          0.01261491627161556          0.14564467293080852          0.19527368133424838
-14.908086401464772          -4.1273745767502446           57.114308750039626         -0.49986292590987874          0.19461338279381185          -0.0346930082152202         0.082710843299973941          0.18162219774069588        -0.039166018660253599          -10.723274261075474           3.0040551139800789          -1.6994878013874333           3.2802852441158357          -4.2142682658931152           1.1415751306730089           -26.40946501735792          -1.6013387332400963          -2.6643048837246872           4.2767588907602754          -5.0882706538141003           3.0222514920501591         -0.17400301557902653          0.48955172012484721         -0.94952464449693474          0.35473606527709567         -0.28323316373488328         0.081577316389095517         -0.97107221205168526           0.3942265049434539           119.18532729607352           8.0434664318866531          -4.9529191158473225          -1.9060983637448388          -31.812541885453236          -13.821620527528635
0.19585826404185591          -11.668062067732336          -53.101792593411446        0.0086659605613286506         -0.17110076110467975         0.013183963812860369        -0.051430080061644873          -2.5397049968589713          -3.2337246629753746         -0.16308834766963654          -6.4649011070389237         -0.10228218648022747          -4.7421408111110477          -1.5423963506841876           -11.95048671270569            3.329579508445387          -14.442247237419998         -0.71931295380862614          -8.5540110276169123          0.11805375586084461          -4.9023423854617301         0.042892966119913292          -2.1814728352859736        -0.045069364633120598           -0.627633097756506         -0.29437807562280605          -2.1815469941514061        -0.020890083855686026         -0.42749455714248952           8.0434664318866496            100.3519019999588          -3.0059194121198241          -9.3702676888628211          -3.4847995453634182           -13.18946634015338
-0.071871720572744047          0.16984100382740275         -0.76542577702202808        -0.023500553104474249       0.00069735420039885448         -0.81083462855252941        -0.038967317691288042          -15.138873522641671           4.5252561894611194          -18.636531674196572          -7.8958961629202697          -18.701578315661266          -1.3745492871679401          -35.703798766423461           4.7142561658865176          -8.0665734031135727          -8.0030686831113016          -30.332202097667171         -0.23483850252868166          -11.329775724090366          -2.7715959146593141          -3.7568801808701946          0.60583918610072918          -2.2424513652828222          -1.5197064469036377          -1.7032344599489535          0.52544476530790551          -1.2132176736750035         -0.68902315367913869          -4.9529191158473562          -3.0059194121198147           231.21373520466742          -2.3340250831737532          -59.267652199076473           8.8909674111524044
-0.29379816158344463          -1.0543905309994965           5.2539444285204713        -0.031429808729001266         0.030621943720305023          0.45899586890978511         -0.23841486495348779           3.4583796003181444          -14.781377856183852          -6.9628481409633061          -9.9908146633988437           9.5385517559903139           -9.132638002620471           15.224501509146995          -35.733515679745189          -30.395295260409135          -46.316868484363098           14.166707498212224          -21.083346262066829           1.6255294283400117          -5.2523396337807817           2.9745702623822581           -3.215610934638593          -1.3312718504857983         -0.41165960685394409           1.4294149047585734          -2.1107536581263626         -0.59691487541308585         0.012614916271604493          -1.9060983637448294          -9.3702676888629775          -2.3340250831737532           242.67126747957371          -9.3560589874243192          -65.121549254119444
-0.002248762605277066       -0.0064961179265736746          0.03270277495376811      -0.00029830812782953575       0.00021423970079140209       -0.0031144270159085552         0.047169197372529198          -27.087678290910151          -3.9267161015650114          -12.914041385094022            1.073706916252247          -8.5460993500401461           3.5084140206035164          -32.362724675643683           3.7507382862058503            -71.9234239037186          -17.506726665418768          -27.312000206423068           7.9086913140111932          -15.636485476059134            2.292874328918606          -1.6336673517395797          0.64402932869745566        -0.056413125130062393         0.023582245986066362         0.035121330635555559        -0.052449851461011235         -0.31958924359482471          0.14564467293078343          -31.812541885453346          -3.4847995453635043          -59.267652199076828          -9.3560589874243618           360.05732713547496           32.470219234963658
-0.0034382634762337716        -0.010253416755375611         0.051538088326160914      -0.00044426261977692505       0.00033231998727178969         0.066767691648403682         0.037646919990042438           12.183109986048938             -42.303524058556          -4.5685343485086012          -0.3137437723005192           4.8225426830983444           -2.129121746894949           12.094800778146958          -26.057824667726024          -47.739228640861683          -40.119272480331233           12.527642890942513           -13.28001771684827         -0.65773623205570275          -2.4435987400118258           1.3494598156994759          -1.3591178067214136        -0.070086269093601938         0.034590107034636941          0.17058206331099512         -0.16190290694379317          -0.2500965192162013          0.19527368133422662          -13.821620527528632          -13.189466340153356           8.8909674111523795          -65.121549254119429           32.470219234963722           290.97408341412773
