178
41
-179           20.769841966315827
-179          -1.1400114165879371
-179         0.019642449925612846
540            73.55200234295971
540          -2.6156937676705314
558           61.675288444529102
558          -5.7220587408058421
666           43.505226630004842
666          -26.820888539429266
596           15.505384360592593
596          -20.269496083156756
577           23.518474590243549
577           19.672591480751734
566           37.579173362539571
566           -15.97570606163201
593           9.5618127050172639
593          -25.754539067042597
583           21.334055018759738
583            32.10483192671645
564           50.894686307547161
564          -12.155697053582653
572           27.488530092736937
572           17.435496422115499
562           46.384851221194474
562           -7.783289915394378
556           45.962246595981199
556           1.5156097970927693
565           39.162008076265906
565          -12.602491128061247
571           31.512316856222423
571          -11.221430411509445
582           26.994723506545299
582          -13.714931807574928
590           8.8688116462415607
590           6.1000715321853711
585           21.234286415546418
585           -10.38963695026624
587           15.981657576976257
587           5.4217005563558498
579           20.187154783988746
579           2.0846817350550157
53.040603760029718         -0.40673134616579087          -9.5689309398304054         -0.17105748766791593        -0.032356966285537275          -3.1360340454923774         0.016103626155549521      -0.00027314099715669733      -8.6250262800393815e-05      -1.0501697527372233e-05       1.1470729865216411e-05       5.2861435009722221e-05       2.5051922670195348e-05      -9.3454152534522966e-06       -2.911687807452025e-06      -2.4151811390297432e-06       3.2371488147761585e-06       2.7035100945440281e-06       1.7153897169490395e-06      -2.4565473559405929e-05      -2.8007693508975973e-05          -11.589391352866128         -0.80663124911644568          -10.694541885700479          0.64008946854700954           -11.68002902701712         -0.80515319245485406          -9.5233533779620423           1.1213553108000192          -5.4174894062566512        -0.001429294653064947       -0.0020670728433831026       0.00035986706687897788       1.2528450692695335e-06       4.5273109080812279e-06      -0.00020384642821565015       0.00019945760443468991       9.6301389525921093e-05       0.00014252157542673019         -0.82626960145254502           0.2741203346743476
-0.40673134616578771           41.999199357651207           162.57093403160081         0.047977850021560395          0.13979253105306405          0.63028613299154956        -0.015157959251183351        0.0036273190672424099        0.0011738653871121024        0.0001554179244820722      -0.00017045804818816013      -0.00079144585794982403      -0.00037364745670387389       0.00013632277192162159       4.3714395956302721e-05       3.5860372946099756e-05      -4.8132698745928515e-05      -4.0248459264202729e-05      -2.5525591503844369e-05       0.00033084879099526399       0.00041015217284606775          -11.026980120318802          -20.052572086061542           3.9541409617441845          -3.3894710112679043          -1.1454570040501677          -3.4702812255182307           5.1536738855626893          -6.8738501098814977           2.3832810824720148          -5.1412962974039935          0.02452314856392647       -0.0076665348631953512      -1.8741627642078137e-05      -6.7299848025226261e-05        0.0028816472698164966       -0.0029741995242946739       -0.0015296086470081294       -0.0020998940298610491          0.38050092831700089          -3.1845261411540111
-9.5689309398304605           162.57093403160064           9123.9448114555344         -0.29791922986944669         -0.96561209891668798          -5.8203065115900978          -32.574078642713928        -0.018421113594930594       -0.0059604953029790408       -0.0007887074660714033       0.00086500992836047175        0.0040160985403507876        0.0018960753094283689      -0.00069186794715715705      -0.00022181972925416904      -0.00018197874268803538       0.00024425429700736245       0.00020424330938803581       0.00012953159200479458       -0.0016800255059371549       -0.0020815609651738676           129.84075178205904           39.329219824647772           -34.27890964023613          -63.373066780126528           11.454067214744834          -70.325265276307931          -60.254802257935275          -49.810774179470016          -28.743790003113173          -1.0572253196310748         -0.12464451788345554         0.038828453639481619        9.510268556850443e-05       0.00034152046814472925        -0.014627984316331638         0.015092606618085647        0.0077590339901921213         0.010656740888560279          -2.1812133661149975           16.145879717131127
-0.17105748766791593         0.047977850021561193         -0.29791922986946173           2.5692708576002774        -0.058667317555143081         -0.16825856795560676        -0.017909503624637474      -9.1472185486452797e-05       -2.892026366079414e-05      -3.5373405606405235e-06       3.8646393790975342e-06       1.7817275699809169e-05        8.442073879511014e-06      -3.1453263439771488e-06      -9.8155649495812979e-07      -8.1366800763836133e-07        1.090673507278192e-06       9.1094219883134167e-07       5.7798138981780475e-07      -8.2326609942124339e-06      -9.4284133338329995e-06         -0.46855081647490443        0.0081881189100080701         -0.56121439221444536        -0.011453472782947016         -0.56267894772210192        -0.087954146184167678         -0.29742489348221879         0.022845061557666645        -0.075527210989318749        0.0053450538681914916      -0.00068849315059383437       0.00012422139100271706       4.2225864928252402e-07       1.5253396491174756e-06      -6.8489686232580012e-05       6.7212952842763546e-05       3.2571313422173967e-05       4.7994337361245698e-05         -0.26374614399577562         0.091411870725103789
-0.032356966285539135          0.13979253105306141         -0.96561209891659372        -0.058667317555143143           1.1048027510032439        -0.053140258327320701           -0.243268630142774      -0.00026160892868398733      -8.4488982662202228e-05       -1.108299229302806e-05       1.2150598436878879e-05       5.6374469289903473e-05       2.6624755479348616e-05      -9.7352515714020302e-06      -3.1129310307381752e-06      -2.5564099258965252e-06       3.4308023630393036e-06       2.8684769449354233e-06       1.8192750236767016e-06      -2.3823278788803748e-05      -2.9279288320662594e-05          0.72079956709864546        -0.062064348827311495          -0.2550895815642798         -0.50465620745717832        -0.013922350732955911           -0.561140101995522          -0.2070002217645914        -0.098123538065707158        -0.047395976431889836         0.010156689296373009       -0.0017918447461780437       0.00052924358378359654       1.3350726287140102e-06       4.7971110045813559e-06      -0.00020644391688051308       0.00021193488361496982       0.00010834337932702671       0.00014981072561507172        -0.051088926234990534          0.21367513778485969
-3.1360340454923672          0.63028613299155323          -5.8203065115901857         -0.16825856795560634        -0.053140258327320972           15.255883842267382          -1.1360321280808401      -0.00079723410486975954      -0.00025342385303297327      -3.1576609855603691e-05       3.4530842282373686e-05       0.00015947384640065121        7.549429824932341e-05      -2.7984911155055046e-05      -8.7910417228605903e-06      -7.2687950997615824e-06       9.7465444643951571e-06        8.142762340934348e-06       5.1659106575854818e-06      -7.1967521516370925e-05      -8.3962265908107958e-05          -1.8799877870819768          0.35663573058501608          -2.9246757065985132         -0.17533411174297509          -2.7712334363541533            -0.56977706570288          -2.0024580701122749          0.12755201127175253         -0.60323095464417442         0.055436980997384297       -0.0058636724703950704        0.0012171983115027429       3.7786856823679438e-06       1.3630086390582774e-05      -0.00060509185626411548       0.00060102747959268898       0.00029561432639408497       0.00042799433266742237          -1.7630680702135118          0.76232618055734247
0.016103626155552258        -0.015157959251174857          -32.574078642713729        -0.017909503624637269           -0.243268630142773          -1.1360321280808392           7.3712387961208234       -0.0010712880967200973      -0.00034523755794018188      -4.4662817680627201e-05       4.8936785177922104e-05       0.00022681077829400653       0.00010717641747054474      -3.9311975131479243e-05       -1.251943392979564e-05      -1.0297198779964968e-05       1.3816504457211942e-05       1.1549879662333014e-05       7.3257770937702749e-06      -9.7330081274649843e-05      -0.00011817147554733787           3.2853972720290314         -0.98321895894901479         -0.86882251788167963           -2.552796029105854          0.13345137193317574          -2.7985310524193934          -1.0472291125259963          -1.3258507604065806         -0.28904427336342758         -0.14832207531909924       -0.0074707461271565044        0.0020275570118821473       5.3720263893919894e-06        1.931954247543638e-05      -0.00083741689709504116       0.00085315354114944009       0.00043237933017645051       0.00060409052912402394        -0.067020622054207862          0.69268999885798221
-0.00027314099715614049        0.0036273190672448941        -0.018421113594935951      -9.1472185486433932e-05      -0.00026160892868354324      -0.00079723410486973179       -0.0010712880967203575           6.0617537108398123          -2.0978663858364541        -0.074481115950280022         0.065674151516524504          0.21361279525438273         0.078356393958587844          -0.1140812424823745         -0.03372934905541887         -0.01459549308174184         0.018180783240485165         0.014192535033502637        0.0092212979221060476        -0.040057841229734298        -0.032549824919747561           0.8412341221743781         -0.15847121281667031         -0.74147100647704578         -0.80164618844484636         -0.17128446772216077          -0.5510642308336966         -0.52295705790900104         -0.30818274139331348         -0.23015889311768042        -0.070810745289519139          -1.0497598081708615         -0.13212403334500691        0.0047578819314039351         0.025756095637509802          -1.7776757373845928          0.19315493937482597        -0.080523198123209946          0.37452191720100603          -2.3180771897251526           3.4045530490240425
-8.6250262800836169e-05         0.001173865387113171       -0.0059604953030447105      -2.8920263660763348e-05      -8.4488982663222245e-05      -0.00025342385303328552      -0.00034523755794085842          -2.0978663858364532           5.6731668691060584        -0.010813725678783088         0.012933433652863258          0.17342380646873418        -0.051911050605175202        -0.014413903860936496         -0.06885121718183411        -0.002910586184307366        0.0043437220257125098        0.0040397883829843273        0.0024033820701706149       -0.0045093707961244567        -0.012311488784741864          0.72202624721236797          -0.4992163547094236         -0.06396141387737167         -0.68670427454479743         0.063878352275290678           -0.351228708115364         -0.13156696988177435         -0.29912977385510975        -0.038650117549637167        -0.097365636490128832          -0.3395291524802494         -0.38822533491673306        0.0024898608352499508        0.0059739143058978872         -0.38425688935338354         -0.81624806833599406          0.44538228312993766         -0.22528635255358545           1.6772235301945739          -2.2066391697785797
-1.0501697532215581e-05       0.00015541792447337777      -0.00078870746622354548      -3.5373405604735564e-06      -1.1082992293937055e-05      -3.1576609854023358e-05      -4.4662817679147482e-05        -0.074481115950280591        -0.010813725678783748           12.087335857466487          -1.1249109587597479           1.0953760093155571        0.0027480595015118847         -0.14063093683782965        -0.030303857464151707         -0.46435454313799818          0.43080017369654922          0.30830091935299037          0.14330675652491082         -0.24852660786943889         -0.16906906218144932          0.43189905627537356         0.048544425069889763           -1.711090779449058          -1.6042494593125338         -0.77168030369694962           -1.457756638885467         -0.95790013619386605         -0.42355365515318533          -1.8391440804975974         -0.41887715219120752           -0.427308670531727         0.042879843806448797        -0.077352719919398877          0.65222225448096127          -2.7936445837758894          0.77150025066784167         -0.46094984036330533           1.4456048782141981          -3.9431377210595042           1.3457187804467312
1.1470729864834772e-05      -0.00017045804820181587       0.00086500992844995572       3.8646393790975342e-06       1.2150598436844184e-05       3.4530842281915719e-05       4.8936785179254372e-05         0.065674151516524393         0.012933433652863702          -1.1249109587597461           17.906043249368103          -1.1615336649862471           -1.344732796387577          0.10078359044819263         0.025483511133840259          0.33988453822322084         -0.46804284968420085         -0.31394559103993597         -0.27948686972996156          0.11578804013264693         0.071555076451340405         -0.62191744369059299         -0.32221238600228208          0.51990378985983088          0.01480679475079949        -0.041110922049483523        -0.089863776726507028           0.3814529956332815         -0.20658559857065062          0.72793275302946592         -0.62904072453467219          0.26680565694348218         -0.11394252952911943         -0.12997026921120128          -0.6475409060438958           1.4442665605282032          -1.5916319021809622         -0.33145614028009718          -2.0947457572847932         -0.21691903187162653          -9.8735400950042838
5.2861434998024981e-05      -0.00079144585793677891          0.00401609854004642       1.7817275699071045e-05       5.6374469291409213e-05       0.00015947384640012385       0.00022681077829167506          0.21361279525438226          0.17342380646873551           1.0953760093155567          -1.1615336649862438           25.476322675423788           5.9921516807195561          0.16800030935851348           0.5328894235870586          0.73479225159987382          -0.8760880153864844         -0.74175822955525283         -0.35891474135101603         0.042823197616394165          0.29381347928612334          -2.6457829255460892         -0.58015844299460939         -0.89672863939586744           3.6585239838888697          -1.8441953152456874           2.1713982978431825          0.18209264594098856          0.88172142597460712          0.31657697530062018          0.68704829858131555          0.41772284547015304          0.35508076759341711          -3.5204912494638845         -0.99849691625100023           1.2641180613402818          -1.3002998411491791          -3.9579745956668191           -2.675076983793077           -15.90866139352471           -5.498595262824554
2.505192266855083e-05       -0.0003736474566924386        0.0018960753095689231       8.4420738794555028e-06       2.6624755482096418e-05       7.5494298250100567e-05       0.00010717641747404194         0.078356393958589676        -0.051911050605178422        0.0027480595015088038          -1.3447327963875715           5.9921516807195685           34.379158005523436       -0.0019014110989071797         -0.33802130828007348         -0.16383821261667453         -0.70617464897473603         -0.22924814844789301         -0.26022389095385778          0.02807436285013909         0.025569697012492565         -0.89353390776382424         -0.66289463821382011         -0.19791360415708237         -0.91014314758215731         -0.48765292264756732         -0.61193799596212561        -0.031448528025531219         -0.53097730335546123         0.091776985272775558          -0.7347133926448246        0.0095808724549909519         -0.77642262482682955          0.22529950606034049          -2.1245568419943162         -0.56687674934534193          -5.7545805515362591           -0.964928836964422          -2.2492092429855797          -2.7010603660325025          -16.811447012249904
-9.345415256649392e-06         0.000136322771922881      -0.00069186794715522804      -3.1453263440259921e-06      -9.7352515715937171e-06      -2.7984911154101816e-05      -3.9311975130476573e-05         -0.11408124248237436        -0.014413903860936883         -0.14063093683783026          0.10078359044819205          0.16800030935851337       -0.0019014110989080957           9.1033544064202161          -2.0301511686919955        -0.023814403115912128         0.027274443169860746         0.019450242406230035         0.013064465558641727         -0.02615128709775396        -0.018448091584047255          0.12300716277216957         0.013488692835252114         -0.53928542645777844         -0.34063482269632112         -0.11162606682225673         -0.15940418995725986        -0.089024765256278754        -0.022073067927455892         -0.18744697821559614        -0.021757256005384751         -0.27133899310288434         0.020646462813183525        0.0029008840922939705         0.039251777361676385          -2.2523260167572214           0.2275361578235702         -0.19593474098466512          0.35488972338227848          -1.4817475150706139          0.98289077456741258
-2.9116878061032775e-06       4.3714395954630447e-05      -0.00022181972929284643      -9.8155649493839731e-07      -3.1129310308353197e-06      -8.7910417229317139e-06      -1.2519433929464308e-05        -0.033729349055419917        -0.068851217181833541        -0.030303857464151748          0.02548351113384062          0.53288942358705949         -0.33802130828007276          -2.0301511686919951            6.595257422211561       -0.0067731328556871299        0.0098740593666952758        0.0092214393717037959        0.0053394704306701027       -0.0024889145329009127       -0.0078152038356254783          0.17861643477151562        -0.083961417733975474       -0.0039001236935131134         -0.50730524084493245         0.050226612701289648         -0.12162752576353925        -0.010470118956837776        -0.019648707483756356        -0.023729758666736676        -0.043347742250828408        -0.051634868065855176        -0.097256069506363479        0.0054712382454272226         0.013638828240321185         -0.52889949952404658          -1.0233707876057054          0.25283666604282129        -0.035650600483758149          0.88515459533366447          -1.6338741780391428
-2.4151811353380348e-06       3.5860372931795226e-05      -0.00018197874276260073      -8.1366800749708978e-07      -2.5564099264407947e-06      -7.2687950963927495e-06      -1.0297198780734318e-05         -0.01459549308174185       -0.0029105861843077424         -0.46435454313799734          0.33988453822322046           0.7347922515998746         -0.16383821261667575        -0.023814403115911348       -0.0067731328556881742           20.360546982479161          -1.2428363141718612          0.45683937698683325          0.13507171954507352         -0.31513179370637534         -0.26095127231128434          0.38138448743017916         -0.10753768477752523          -1.0158534794781919          -1.1494802752954216         -0.50381468245138972          -1.2399310916968247          -1.7331208821057864          -1.2399785148623126          -2.9135328395198021           -1.553796814115411        -0.067230662055091733         0.015222167625536492          -1.3240676984802007           2.3189304731951221           -2.004299598677187         0.031664501469475415         -0.47033775977181747           1.1622977131899126          -3.0438262371923295          -1.8755516405977675
3.2371488139920634e-06      -4.8132698769354221e-05       0.00024425429719221459       1.0906735072660489e-06       3.4308023630913453e-06       9.7465444635902454e-06       1.3816504457642154e-05         0.018180783240486026        0.0043437220257133702          0.43080017369654955         -0.46804284968420196          -0.8760880153864844         -0.70617464897473203         0.027274443169861134        0.0098740593666955256          -1.2428363141718592            34.84441732220386         -0.53224982208260063         -0.42628280240440214           0.1548558557771112          0.11713505628022358         -0.67233438335527118         -0.35146481136223784          0.35639226036948057          0.21333021240418815         -0.11314960490063303          0.22677835143115421          0.64976411215426277         -0.30427601119024161           1.0948254400868913          -1.0245774797984812         0.074283259865873807        -0.018542448965686242          0.40033247767358959          -6.1690194776954907          0.99860020161508289          -1.1381331255186418         -0.49016782675559734          -2.6681135893690695          -0.9639986152061395          -7.7737801236195283
2.7035100967111314e-06      -4.0248459255265434e-05       0.00020424330950494229       9.1094219884305105e-07       2.8684769457915094e-06       8.1427623411373107e-06       1.1549879662273166e-05         0.014192535033502967        0.0040397883829850906          0.30830091935299125         -0.31394559103993558         -0.74175822955525372         -0.22924814844789221         0.019450242406230105        0.0092214393717043701          0.45683937698683269         -0.53224982208260019           5.4503363104212044           1.5259018057839022         0.036035979752660548           0.3094152935692977         -0.85632523468375155         0.083946593580049578        -0.012515766348683566          0.71275659200057628         -0.38829355676188937          0.68184722650299845          0.15821126132338104           0.4046104175176759          0.28939972615135029          0.51226555354851178         0.051180654069236838        -0.012008570663572762         -0.94127656587865816         -0.88380632317175045          0.40206585535642853         -0.18844487337192239          -1.7584711888455629         -0.35036668577549157          -2.3688771994273008          -1.0802016667631444
1.7153897175353761e-06      -2.5525591499153677e-05       0.00012953159209802556       5.7798138985466763e-07       1.8192750239620636e-06       5.1659106580156933e-06       7.3257770930590382e-06        0.0092212979221059643        0.0024033820701714614          0.14330675652491165         -0.27948686972996167         -0.35891474135101897         -0.26022389095385678          0.01306446555864172          0.00533947043067063          0.13507171954507458         -0.42628280240440297           1.5259018057839029           8.9137090994114487       -0.0061289238078769126        -0.095927444761366332         -0.24220163158800756         -0.42098901554549917       -0.0044198912487150022        -0.057766073789317141         -0.15760473433375355         -0.11190631057103007         0.056092285417366883         -0.14444742521526166         0.072688168612166273         -0.44996655453542678         0.034475431572373733       -0.0099621209256288701         -0.23859690673124126         -0.77073966788730874          0.15304673800245805         -0.53810452277223431          -0.1975563482653574          -1.9891338637551876         -0.87631276779112888          -2.9836076809455929
-2.4565473560677481e-05       0.00033084879099537501       -0.0016800255053474322      -8.2326609944175649e-06      -2.3823278788331903e-05      -7.1967521515975408e-05      -9.7330081275728841e-05        -0.040057841229733597       -0.0045093707961241791         -0.24852660786943925          0.11578804013264807         0.042823197616394741         0.028074362850138951        -0.026151287097754307       -0.0024889145329001668          -0.3151317937063759          0.15485585577711181         0.036035979752661013       -0.0061289238078767183           10.022248598308414          -1.5728573820924816         -0.10360144181675796         -0.22348113566365352         -0.89950869616675555         -0.37819938074456794         -0.67228730061785413         -0.44731317593683362         -0.54499267593765832         -0.08340220374458121         -0.82168969592342378        -0.050904992037067387         -0.18194338787082007        0.0042124818087479615         -0.54067424787971707          0.38196412500445204           -1.197475105700478          0.20268764780118401             -1.0842659987001            0.449318936220506          -3.3360494824724585           1.2577959650511288
-2.8007693508882298e-05       0.00041015217285145233       -0.0020815609662266088      -9.4284133339110621e-06      -2.9279288320221974e-05      -8.3962265910012684e-05      -0.00011817147554882279        -0.032549824919748824        -0.012311488784740997         -0.16906906218144713         0.071555076451339794          0.29381347928612311          0.02556969701249262        -0.018448091584046707       -0.0078152038356261062          -0.2609512723112834          0.11713505628022326          0.30941529356929592        -0.095927444761367331          -1.5728573820924825           5.3741644369583339          0.92562256529897535         -0.58923501070019968         -0.25538312811670283          -1.0032331167807576         0.085906923993918388          -1.0036358651430446         -0.23276043307584823         -0.41210024115421107         -0.35737906010661358         -0.54933233150976912         -0.11568469592397465        0.0042722094234537711          0.25295754966369988          0.19322167639803206         -0.64809905275988411         -0.15034554944250048          0.83290850159551477         -0.65268838021045161          0.95138626149991756          -1.5174099777730639
-11.589391352866194          -11.026980120318925           129.84075178205879         -0.46855081647490132          0.72079956709864179          -1.8799877870819872           3.2853972720291091          0.84123412217437477          0.72202624721239173          0.43189905627540104          -0.6219174436906032          -2.6457829255461016         -0.89353390776378916          0.12300716277217827          0.17861643477152234          0.38138448743020131          -0.6723343833552784         -0.85632523468374999         -0.24220163158800512         -0.10360144181675213          0.92562256529892295           125.38093446141744           9.9855225211551009          -5.4302940399822575           20.760674661101184          -19.848969625982733           17.453493718072899           5.1919450271939649           10.006501255596083           1.1498213686264649           1.1361154316134838            3.299588238387642         0.014416102618232784          -1.6382867096003484          -1.0019112626950766           1.1968015434168642            -2.63952739491498          -7.1736833888990734           -2.224967955094713          -80.473658910063776          -43.841818512407066
-0.80663124911646322          -20.052572086061623            39.32921982464557        0.0081881189100083684        -0.062064348827323812          0.35663573058502007         -0.98321895894903832         -0.15847121281664944         -0.49921635470942327         0.048544425069909636         -0.32221238600227586         -0.58015844299467823         -0.66289463821376415         0.013488692835267324        -0.083961417733974919         -0.10753768477753489         -0.35146481136224317         0.083946593580050077         -0.42098901554549251         -0.22348113566364436         -0.58923501070022155           9.9855225211549694           178.03664492019416          0.16412359375616781          -14.176121033533647          -5.4215351581407916          -14.215194253849994           2.1103578434127463           -14.11217180132485         0.059957161469778697          -6.4341780715598365          -1.7185074446341722          -3.3791209390908037         -0.22592513871269065         -0.60459005719671843          -1.1022749018071893          -4.2481153175075992         -0.60574794864038872          -4.0128190171198987         -0.55311291282836272          -87.870473873352765
-10.694541885700424           3.9541409617441978          -34.278909640236634         -0.56121439221444336         -0.25508958156427886          -2.9246757065985114         -0.86882251788166398         -0.74147100647702391        -0.063961413877379636          -1.7110907794490331          0.51990378985982755         -0.89672863939585779         -0.19791360415709658         -0.53928542645777899       -0.0039001236935123362          -1.0158534794781557          0.35639226036948202        -0.012515766348677015       -0.0044198912487125597         -0.89950869616674067         -0.25538312811669872          -5.4302940399822743          0.16412359375610741           154.78034305424995          -22.476646579007081          -16.123421757202479          -7.0640988269593645          -15.432686713918706          -1.9134531066412377          -7.5028011909171708         -0.19561597494622296          -4.7719255245128434          -0.4328722059715433          -2.1825320821821919           1.0095600572088868          -10.361435600989612          0.86231992425096804          -4.9127483448495681           1.9972922380890887            -67.3921328891972           24.413127266669321
0.64008946854702098          -3.3894710112679896          -63.373066780128589        -0.011453472782945714         -0.50465620745718454         -0.17533411174297586          -2.5527960291058474         -0.80164618844484214         -0.68670427454481087          -1.6042494593125194         0.014806794750763963           3.6585239838888679         -0.91014314758218084         -0.34063482269632545         -0.50730524084493056          -1.1494802752954225          0.21333021240417338          0.71275659200057662        -0.057766073789326633         -0.37819938074456838          -1.0032331167807307           20.760674661101099          -14.176121033533741          -22.476646579007141           87.862006348564847           1.0118671469992153          -20.346385389866644          -7.7200704727074125           -13.74409006104999          -3.6242052684804253          -5.3050724792458634          -4.2829858366185158          -2.2458993824182527           1.1765231015310895            0.331244533051126          -6.1421629473820296          -3.3808118277505912            3.452662496511921         -0.38405991902605452           17.212783596810795          -20.049269455037116
-11.680029027017163          -1.1454570040501504           11.454067214745043         -0.56267894772210292        -0.013922350732954031          -2.7712334363541329          0.13345137193316689         -0.17128446772216643         0.063878352275291816         -0.77168030369695706        -0.041110922049481691          -1.8441953152457367         -0.48765292264757543         -0.11162606682226117         0.050226612701290071         -0.50381468245139616         -0.11314960490063125         -0.38829355676189603         -0.15760473433375638         -0.67228730061784747         0.085906923993915807          -19.848969625982821          -5.4215351581407818          -16.123421757202582           1.0118671469992708           146.20155225471152           3.6011537963598164          -10.054380480081926          0.61010621997070724          -5.0582287732361992         0.024592170498885402          -2.0077894587519758         -0.34569764187556806          -2.8796016789843781          0.25728071398039548          -4.3186378941828085         -0.42518577657791173          -5.2461489556916563         0.096524484996477311          -60.751802567920905            2.373778886520642
-0.80515319245486439          -3.4702812255182769          -70.325265276304407        -0.087954146184166887         -0.56114010199551956         -0.56977706570287323          -2.7985310524193938         -0.55106423083367417         -0.35122870811536966          -1.4577566388854613         -0.08986377672651269           2.1713982978431554         -0.61193799596210141          -0.1594041899572663         -0.12162752576353852          -1.2399310916967972          0.22677835143114145          0.68184722650299079         -0.11190631057103251         -0.44731317593682335          -1.0036358651430621            17.45349371807303          -14.215194253849736          -7.0640988269592686          -20.346385389866509           3.6011537963598714           79.321922936401236          -8.8311939018360697          -13.551935853999939           -4.109099253949374          -4.9835614048283867          -3.5428044231790565          -1.6453283599630915           1.1293816697093317         0.078040052094015655          -4.3646728986879824          -1.4033355922528812           2.0530403802105188         -0.52443258997586106           6.1752207940184327           -14.56613012095047
-9.5233533779619997           5.1536738855627302          -60.254802257936227         -0.29742489348221857         -0.20700022176459321          -2.0024580701122714          -1.0472291125260043         -0.52295705790899583         -0.13156696988178473         -0.95790013619389158          0.38145299563327661           0.1820926459409955        -0.031448528025564748        -0.089024765256277394         -0.01047011895683625          -1.7331208821057882            0.649764112154259          0.15821126132338281         0.056092285417366883         -0.54499267593764955         -0.23276043307585681           5.1919450271937873           2.1103578434126078          -15.432686713918617          -7.7200704727071692          -10.054380480081791          -8.8311939018359134           118.28875099347657          -26.209703857246268          -7.3771825490794161         -0.87295580591751598          -3.7180434848146948         -0.41581953633825908          -3.4584954866289053           1.9709934894138414          -4.1087023174561761           0.5400150297539632          -2.3937912711637988           1.5465987461924509          -56.468232467699849           31.470772751666114
1.1213553107999923          -6.8738501098817402          -49.810774179469604         0.022845061557667523        -0.098123538065702842          0.12755201127175547          -1.3258507604066092         -0.30818274139331225         -0.29912977385510664         -0.42355365515318433         -0.20658559857065395          0.88172142597461822         -0.53097730335544568        -0.022073067927458334        -0.019648707483757244          -1.2399785148623441         -0.30427601119024228          0.40461041751767579         -0.14444742521526455        -0.083402203744580738         -0.41210024115423272            10.00650125559596          -14.112171801324802           -1.913453106641207          -13.744090061050324           0.6101062199706514          -13.551935853999808          -26.209703857246154           93.799901524678845          -2.1277555024659063           -5.288337040246863          -2.0711433185460129            -1.40751025340326           2.4613162147550174          -1.2324759917430201          -1.2875036693380211          -1.6034591930383577           1.7162801666277745          -1.3709884762427276           17.551160510436855          -29.299734092363636
-5.4174894062566707            2.383281082472001          -28.743790003113372         -0.07552721098931782        -0.047395976431892972         -0.60323095464417431         -0.28904427336342953         -0.23015889311767798         -0.03865011754964176          -1.8391440804975945          0.72793275302946614          0.31657697530060652         0.091776985272769007         -0.18744697821559803        -0.023729758666736128           -2.913532839519811           1.0948254400868946           0.2893997261513529         0.072688168612166204         -0.82168969592343111         -0.35737906010660869           1.1498213686264298         0.059957161469780029          -7.5028011909172569          -3.6242052684803365           -5.058228773236193          -4.1090992539494469          -7.3771825490794836          -2.1277555024658561            83.89596900919291           -12.61168133020759         -0.62215426051505962         0.070087272693571401          -5.5565212817746819            3.180091553665283          -7.0030420582594219          0.51181545620474767          -4.8301390524390539           2.3944367808662417          -23.828369122206581           8.4610649859235121
-0.0014292946530566064          -5.1412962974039402          -1.0572253196307413        0.0053450538681920623         0.010156689296371368         0.055436980997391083         -0.14832207531910724        -0.070810745289521915        -0.097365636490124974         -0.41887715219122196         -0.62904072453466542          0.68704829858131011         -0.73471339264481283        -0.021757256005385708        -0.043347742250825216          -1.5537968141153944          -1.0245774797984901          0.51226555354850623         -0.44996655453543111        -0.050904992037061336         -0.54933233150978245           1.1361154316133804          -6.4341780715598968         -0.19561597494619232          -5.3050724792457036         0.024592170498874022           -4.983561404828257          -0.8729558059174195          -5.2883370402470495          -12.611681330207595           69.255644540275739        -0.096179431395924331           -0.050426520085324           3.7935931756006478          -3.2974756901365523          -1.7477592386507772          -3.3289513524862628           3.5744814218544678          -5.0923988701250096           6.0945005311074745          -21.548207793709025
-0.0020670728433795915         0.024523148563967645         -0.12464451788412445      -0.00068849315059327232       -0.0017918447461742204       -0.0058636724703947651       -0.0074707461271619202          -1.0497598081708603         -0.33952915248024829           -0.427308670531729          0.26680565694348335          0.41772284547015925        0.0095808724549812929         -0.27133899310288512        -0.051634868065852213        -0.067230662055092802         0.074283259865873807         0.051180654069235859         0.034475431572375759         -0.18194338787082542         -0.11568469592397701           3.2995882383875967          -1.7185074446341453          -4.7719255245128789          -4.2829858366184972           -2.007789458751926          -3.5428044231790659          -3.7180434848146735          -2.0711433185459605         -0.62215426051504785        -0.096179431395931658           37.619148035950403          -6.6409806416196044        0.0030676263471101639           0.1076844966086794          -4.2194315426282856          0.76043546789148841         -0.13508950071240577          0.90242189220455482          -23.910541650514997           16.628510868849396
0.00035986706688295733        -0.007666534863249197         0.038828453639733862       0.00012422139100320972       0.00052924358378225733         0.001217198311505352        0.0020275570118801767         -0.13212403334500811         -0.38822533491673417         0.042879843806442275         -0.11394252952911366          0.35508076759342522         -0.77642262482681534          0.02064646281318247        -0.097256069506365006         0.015222167625540295        -0.018542448965686908        -0.012008570663574941       -0.0099621209256324228        0.0042124818087483362        0.0042722094234495245         0.014416102618167503          -3.3791209390909351         -0.43287220597155418          -2.2458993824181306         -0.34569764187556495          -1.6453283599630857         -0.41581953633822755          -1.4075102534033195          0.07008727269357562        -0.050426520085307125          -6.6409806416196115           42.473342649030194       -0.0023191502354887317        -0.026274484318657088         -0.06655507019757928          -1.8974406198048586        -0.041701971655141556         -0.25377465261905918           7.5662083618563489          -30.147643863658764
1.2528450278118108e-06      -1.8741627617835377e-05       9.5102685876868875e-05        4.222586489494029e-07       1.3350726290051185e-06       3.7786856792731971e-06        5.372026392058693e-06         0.004757881931405944        0.0024898608352485752        -0.077352719919397794         -0.12997026921120391          -3.5204912494638734          0.22529950606033666         0.002900884092297662        0.0054712382454270847          -1.3240676984801991           0.4003324776735947         -0.94127656587865582         -0.23859690673123854         -0.54067424787971596          0.25295754966369943          -1.6382867096003726          -0.2259251387126251           -2.182532082182175           1.1765231015310516          -2.8796016789844763           1.1293816697093244           -3.458495486628816           2.4613162147549308          -5.5565212817746614           3.7935931756006793        0.0030676263471317577       -0.0023191502354873439            76.46602501656659          -14.731396809651503          -4.2293260920432356            2.423015514617294          -5.5592507794232375          0.13116629190697326          -26.613050820026583           6.7283225894605767
4.5273109114674082e-06       -6.729984804110245e-05        0.0003415204682146733       1.5253396490333415e-06        4.797111003984611e-06       1.3630086389271323e-05       1.9319542476914364e-05         0.025756095637507248        0.0059739143058994415          0.65222225448095772         -0.64754090604389347         -0.99849691625099612          -2.1245568419943011         0.039251777361676385         0.013638828240320533           2.3189304731951137          -6.1690194776954836          -0.8838063231717479         -0.77073966788730586          0.38196412500445109          0.19322167639803034          -1.0019112626950211         -0.60459005719672909           1.0095600572088737          0.33124453305117907          0.25728071398040914         0.078040052094017431           1.9709934894138177          -1.2324759917430286           3.1800915536652647          -3.2974756901365421          0.10768449660865687        -0.026274484318650204          -14.731396809651494           59.987382090854638           2.5450188103053017          -4.8436171666809678        -0.092320326900183991          -4.9471335628085908           2.4684494992314523          -19.979747835572518
-0.00020384642826944133        0.0028816472698212081        -0.014627984316942122      -6.8489686234136926e-05      -0.00020644391688806607      -0.00060509185625834405      -0.00083741689709360134          -1.7776757373845922         -0.38425688935338476          -2.7936445837758996           1.4442665605282108           1.2641180613403082         -0.56687674934533638          -2.2523260167572379         -0.52889949952404602           -2.004299598677195          0.99860020161508822          0.40206585535643569          0.15304673800246127          -1.1974751057004838         -0.64809905275988955           1.1968015434168691          -1.1022749018071076          -10.361435600989649          -6.1421629473820634          -4.3186378941827117          -4.3646728986880072          -4.1087023174560704           -1.287503669338014          -7.0030420582593456          -1.7477592386508034          -4.2194315426282749        -0.066555070197553134          -4.2293260920432578           2.5450188103053328           86.331943911490669          -5.7007882147967823          -8.9003863386618711           5.0724613178683429          -32.933269928893452           9.7705862725922419
0.0001994576044442864       -0.0029741995243384167         0.015092606618011484       6.7212952843537233e-05       0.00021193488361337387       0.00060102747959223102       0.00085315354116133335          0.19315493937482198         -0.81624806833599184          0.77150025066786121          -1.5916319021809766          -1.3002998411491964          -5.7545805515362485          0.22753615782357012          -1.0233707876057094         0.031664501469492401          -1.1381331255186407         -0.18844487337193011         -0.53810452277223542          0.20268764780117943         -0.15034554944249745          -2.6395273949150111          -4.2481153175075335          0.86231992425090986          -3.3808118277505983         -0.42518577657791368          -1.4033355922527955          0.54001502975398097          -1.6034591930382822          0.51181545620476276           -3.328951352486313          0.76043546789147087          -1.8974406198048248           2.4230155146172634          -4.8436171666809891           -5.700788214796777           97.788258877724388           2.1631309932462592          -12.706289929773014           1.6878663032358601           -51.54582028170266
9.6301389532042064e-05       -0.0015296086470122372        0.0077590339905049821       3.2571313421913758e-05       0.00010834337933129934       0.00029561432639584745       0.00043237933017153951        -0.080523198123213957          0.44538228312993888         -0.46094984036331127         -0.33145614028009274          -3.9579745956668431         -0.96492883696441922         -0.19593474098466826          0.25283666604282268         -0.47033775977183323         -0.49016782675558934          -1.7584711888455669         -0.19755634826535817           -1.084265998700112          0.83290850159551932          -7.1736833888989295         -0.60574794864026882          -4.9127483448496427           3.4526624965119348           -5.246148955691643           2.0530403802105353          -2.3937912711638019           1.7162801666277554          -4.8301390524390513           3.5744814218544887          -0.1350895007123914        -0.041701971655138836           -5.559250779423218        -0.092320326900175137           -8.900386338661944           2.1631309932462548           83.994714084694365          -14.031769719885071          -36.037428908081836           3.0140419558278535
0.00014252157542821164       -0.0020998940298735391         0.010656740889047445       4.7994337361301209e-05        0.0001498107256150405       0.00042799433266704767       0.00060409052912202554          0.37452191720100769         -0.22528635255358331           1.4456048782142104          -2.0947457572848096          -2.6750769837931001          -2.2492092429855948          0.35488972338228231        -0.035650600483757455           1.1622977131899244          -2.6681135893690913         -0.35036668577549734          -1.9891338637551961          0.44931893622051167         -0.65268838021045017          -2.2249679550947734          -4.0128190171200089           1.9972922380890976         -0.38405991902588088         0.096524484996455828         -0.52443258997585174           1.5465987461924611          -1.3709884762427089            2.394436780866251          -5.0923988701250611          0.90242189220456104          -0.2537746526191218          0.13116629190695536          -4.9471335628086166           5.0724613178683695          -12.706289929773032          -14.031769719885105           80.918871920992757           3.4919025234566461          -39.417714804464246
-0.82626960145291639          0.38050092831695892          -2.1812133661151378         -0.26374614399580282        -0.051088926235009602          -1.7630680702134678        -0.067020622054380752          -2.3180771897251895           1.6772235301945577          -3.9431377210595171         -0.21691903187166162          -15.908661393524943          -2.7010603660324151          -1.4817475150706174           0.8851545953336315          -3.0438262371924396         -0.96399861520624874          -2.3688771994272311         -0.87631276779110667          -3.3360494824724269          0.95138626149989403          -80.473658910064984         -0.55311291282923492          -67.392132889195125           17.212783596809693          -60.751802567921828            6.175220794018597          -56.468232467699586           17.551160510436617          -23.828369122206485           6.0945005311075287          -23.910541650515317           7.5662083618561073          -26.613050820026775           2.4684494992312138          -32.933269928893374            1.687866303235606          -36.037428908081054           3.4919025234562016           474.53206947852783          -57.259658387245217
0.27412033467434815          -3.1845261411531851           16.145879717133557         0.091411870725099709          0.21367513778488956          0.76232618055730228          0.69268999885803595            3.404553049024063          -2.2066391697785992           1.3457187804468083          -9.8735400950043655          -5.4985952628244412          -16.811447012249673          0.98289077456741047           -1.633874178039135          -1.8755516405978718          -7.7737801236190975          -1.0802016667630894          -2.9836076809455641           1.2577959650511339           -1.517409977773049          -43.841818512406775          -87.870473873353816           24.413127266669147          -20.049269455037173           2.3737788865207747           -14.56613012095119           31.470772751666317          -29.299734092364126           8.4610649859236347          -21.548207793709125           16.628510868849521           -30.14764386365874           6.7283225894607028           -19.97974783557283           9.7705862725924284          -51.545820281702369           3.0140419558275866           -39.41771480446392          -57.259658387248926           383.44876653227288
