30
33
-31           25.199732536785525
-31           3.3650330423484824
-31           0.2716316041217009
241           13.768291055944642
241          -19.407036647504029
221           8.9862356969476878
221           15.089517112538479
236           10.578241026063761
236           24.550443195833122
253           66.217327375558014
253           11.736313386876475
257           44.843210539542717
257           18.513054775647568
252           41.197689317604187
252           4.9789497739554607
259           62.352487270233816
259           17.221557941400281
258           52.012766677773932
258           10.647704451898342
256           43.483398116321219
256           35.318530755042836
255           41.794208540354731
255           26.579241772935294
239           25.136971606041012
239           21.165511594593703
254           26.705202270620642
254           30.043884874194678
251           41.252844884256177
251          -4.6500777554885273
250           20.892992613506614
250          -6.0692626642756462
245           30.618613519552827
245         -0.65536480381503404
59.532757815404374           4.2875721453437743          -87.211935393939299      -3.5809928982416528e-05       3.4888723103920771e-05       4.9667071930770135e-06       5.1540458871013328e-05       2.2124762792521957e-05       6.5530522489476439e-05       -6.295626625503134e-06      -1.8006576506274241e-05          -5.1945354300745485          -1.6987656859588773         -0.57910259183387613         0.036064607984355179        -0.081492805178711547        -0.059528084648643231            -5.81482621578549           -1.577648037185148          -1.3053405386529622         -0.75872183628498402          -2.2300827451356855           -0.933265020791198          -6.7343395340803944           2.4697405792200868          -2.3271457183347009           1.1036678453758082          -12.519228510768576          0.13432828296315052        -0.018651904635481796          0.01526421346187079          -22.727989787193252          -3.0188628710482424
4.2875721453438009           57.312011820177133           89.504325120753307       7.0635656937878544e-05      -6.8947998824731016e-05      -9.9550344500043408e-06      -0.00010186208107532124      -4.3914100395447964e-05      -0.00012955979470907764       1.1898193840564897e-05       3.5413696790997928e-05          -2.3869479869277184          -4.0141700420581863          0.35601782500629248         -0.21036900352087606        -0.045931599891026312         0.090609291703314554         -0.50270211216420102          -1.6153072201181951          -2.6557589166652429          -2.9363663320028857          -2.3574892002992867          -3.3991943361793462          -3.3519290853616193          -13.598429119958789          -2.5537148788769688          -7.2937938921970034           5.2539912716907224          -7.6201772238433714         0.035214245015359968        -0.030660260211574308           3.9216357959733181          -16.683849391299574
-87.2119353939392           89.504325120753123           9582.5554754915265      -0.00040123415059545309       0.00039156553511521253       5.6447562082562186e-05       0.00057848519832814915       0.00024927372088939803        0.0007357526764846245      -6.7915783230995674e-05      -0.00020122801523053679           34.882672526500848          -40.486345192353447          -2.4196298394093279          0.32264509775421679          0.19963845105442551           -0.760843110286892           7.1645663132718429          -49.210432443951909           37.047218921826826          -12.647233928162706           35.644778217985312           -17.55999779360225           75.673321420789421           40.314556082598031           53.032820829157615           16.454601115219308          -68.132862361721806          -52.376460099616857          -0.2010301289068589          0.17380996285500017           -85.67931694623438           26.269647222350162
-3.5809928975019233e-05       7.0635656928386137e-05       -0.0004012341505986311           28.821684278978623          -3.3687964290410455         -0.56872084104294518           3.7368071221233041          0.29074850150939052          0.98560538626547123         -0.31851429222662686         -0.81827767706214005       0.00055498644969496826       -0.0001214247899408577           -3.831338874078809          -3.7667246491100057       1.4540626791900886e-06      -1.0671966745312567e-05      -0.00011496476801288458      -0.00026924787021244401        0.0039606153369195225       0.00071821705967776983         0.072467746244480546      -0.00078501479017954734          0.76802289903809773           -1.244411653170876           1.1557741864764772         -0.32699329340976863          -1.9247244279833216         -0.74936336772214729          -10.346293932356675         -0.13079356172497064          -1.4432195365978815         -0.62221798019569252
3.4888723100867224e-05      -6.8947998829116397e-05       0.00039156553509656078          -3.3687964290410526           42.795046240087295          0.12882811431989893          -9.6962993797653887         -0.41309149360821107          -1.7403438196690628        0.0039138338823551267          -0.1739896007612759      -0.00061322998025103732       8.7481073067829929e-05          0.51502545013744794          -1.5733414829437016      -1.4606942141288937e-06       1.0410475342059744e-05       0.00010806970370248487       0.00026201333918755843       -0.0040276395396049575      -0.00076765548228695246         -0.10445035044566943        -0.017193416095449526          -1.5590425317835637          -4.3401997489546629          -1.2604925156114637          -2.1328726691271012          0.76945992378282624          -0.2743789134720816           2.8806659622472717          -6.9446562695453107          0.31888100531185715         -0.78279502544341406
4.9667071931004322e-06      -9.9550344671017754e-06       5.6447562069350532e-05         -0.56872084104295606           0.1288281143199031           64.542095879121163           -1.197908577579901          -2.4390366460870037         -0.62586020529836661          -1.3175393316927222           1.0926656451557284      -0.00016557487266078905      -2.0800342346527501e-05          -7.1812044055208064           3.5222773322942031      -2.5547138946761111e-07       1.4960978556022297e-06       1.1134789247106355e-05       3.6967254942538164e-05      -0.00075572427195855219      -0.00018253034996254525        -0.051925259575002686        -0.020999884453999196          -9.0898216776808578         -0.36404259580752607          -4.1751770825414338         -0.38923266935426704          -1.3890594146279751          0.94658736687986733           -7.641362059190314           2.8951843621659559          -2.5006591288045357           1.4738209605342683
5.1540458867889091e-05        -0.000101862081079096       0.00057848519832942591           3.7368071221232952           -9.696299379765378          -1.1979085775798985           75.276682630593641         -0.84992877298820957          -3.3455299322655478         -0.17828200224658763          -0.2531529767831619      -0.00090955133429121079       0.00012769185926220228         0.003852231567511237          -2.1947729519239285       -2.160064484842128e-06        1.537985480482007e-05        0.0001594519042790541        0.0003870519656289928       -0.0059584426089310041       -0.0011374322645890111         -0.15616558416864659        -0.026037923425795917          -4.2685807736140271           -6.687168605001375          -2.5917958903942995          -3.6633274382509891           1.1055438378566516         -0.30109182747328556           4.4035050235879938          -11.737493748584326          0.29202793293060125          -1.8651223215761079
2.2124762788771051e-05      -4.3914100403052991e-05       0.00024927372080064958          0.29074850150939008         -0.41309149360821157          -2.4390366460869992         -0.84992877298821357           20.175067013999726           1.3305821944771579         -0.14291130609501099          0.20788075096543443      -0.00049568082784062903       1.0148456339703626e-05          -1.8041707564769183           1.6363482789534911      -9.9113954341078017e-07       6.6210310523673321e-06       6.2735178055925434e-05       0.00016570274499148885       -0.0028030792905763303       -0.0005865468339717253         -0.11866405789344203        -0.033244773628072322          -3.8403360112440592         -0.21680625430862605          -2.9106137635061233        -0.097205705475105542         -0.33177455251981874          0.72473043048871477         -0.64551980411505949        -0.070521126127279621         -0.35673657652744911          0.42636218788533103
6.5530522487951184e-05       -0.0001295597947096605       0.00073575267648115505          0.98560538626547567          -1.7403438196690744         -0.62586020529837694          -3.3455299322655732           1.3305821944771568           31.056784446164702        -0.029399642856761977        -0.018791988148754726       -0.0011835634242984656       0.00015080790524381327          0.13956939779061256         -0.70363528707769063      -2.7628646779580442e-06       1.9559419123016397e-05       0.00020126011633836904       0.00049199743762461806       -0.0076389176883254317       -0.0014716551793104993          -0.2104961895420287        -0.040965336108780698          -2.3475699629176443          -3.6108540076728946          -1.8444988292719839          -2.5873728973809924          0.95090506566537891         -0.16552877496938825           2.6338635183081203          -5.3144888342203007          0.15732096532320264         -0.53080577229875403
-6.2956266251240427e-06       1.1898193840582244e-05      -6.7915783252022258e-05         -0.31851429222662531        0.0039138338823546366          -1.3175393316927237         -0.17828200224658738         -0.14291130609501099          -0.0293996428567617           9.7297768792424986           1.0241610139139632      -0.00019400817540573433      -0.00014476538654327811         -0.84743975637884372        -0.012287124101857739        7.870631061289695e-08      -1.8237975374854609e-06      -3.6031881865371534e-05       -4.857278811707267e-05       1.5597566741816136e-05      -0.00014447879398742265         -0.14466300677141072        -0.038434670435787757         -0.85783443202001342         -0.18735363000763952         -0.36228209297979369         -0.12095813571142608         -0.46891863426139924         0.038487060638143132          -1.2837437558893543       -0.0059980137555087076         -0.35794597155037111         0.037289792991846725
-1.8006576506380493e-05       3.5413696789277083e-05      -0.00020122801524641298         -0.81827767706213883         -0.17398960076127717           1.0926656451557266         -0.25315297678316245          0.20788075096543568         -0.01879198814875567            1.024161013913963           4.2821612938445819       0.00022151705788278284      -8.7924167803135611e-05         -0.19300614853327244          -1.0333217959760697       6.9558395513445725e-07      -5.3557332275189218e-06       -6.098852893271587e-05      -0.00013564126361560735        0.0018651281456415324       0.00029606686743931243          0.11264570607946327         -0.17857981714380489          0.66493061982739377         -0.53363226159799437          0.45007617645816039         -0.21407034794501617         -0.34319933427743271         -0.42499862484713219          -1.1392971817515529         -0.61166344216482749         -0.15855877007333835         -0.50085060866403619
-5.1945354300745468          -2.3869479869276859           34.882672526500734       0.00055498644968726696      -0.00061322998025303832      -0.00016557487264645676      -0.00090955133429704293      -0.00049568082783511824       -0.0011835634243001492      -0.00019400817540545998       0.00022151705788260589           40.247834426810833           8.9158960597408026          -2.1947619451844442          0.49914813935645141         -0.10492625085167928         0.044956811055788304          -2.5282321120010178           1.2473981811296659          -2.8142195379406512         -0.16215374657357162          -3.7659839127974961         -0.23857269091504207          -7.9513481417725131          -2.7321775688219265          -3.1607321253313838         -0.89620933725126983          -1.9080464088894049           1.6408260416848042         -0.53228136928170156         -0.47599843976062173          -10.092567905854654          -5.4533358985149727
-1.6987656859588813          -4.0141700420581712          -40.486345192352601      -0.00012142478993026895       8.7481073046458135e-05      -2.0800342361182445e-05       0.00012769185923677817       1.0148456339953427e-05       0.00015080790522958853      -0.00014476538654336485       -8.792416780684098e-05           8.9158960597407741           35.613199752289766         -0.63256888566503022          -2.1693970937243261       -0.0046904905492804599        -0.058932312180182578        -0.060003399477715311          -2.7328672113978341           0.9439497434582127          -1.7681817232290109          0.85676175807475419          -2.5871857116126855           2.4122932250013607          -2.8817052106856957           1.4567965052839371          -1.4851229138007671          -2.1185192137542814          -4.7655847380246454          -0.5571685824668049         -0.21187271354929704          -9.5136770757538613          -12.938510264584233
-0.57910259183372936          0.35601782500621404          -2.4196298394100126          -3.8313388740787993           0.5150254501374516          -7.1812044055206865         0.003852231567506692          -1.8041707564769169          0.13956939779060662         -0.84743975637884239         -0.19300614853327058          -2.1947619451843523         -0.63256888566504554           154.38764597465436           5.0282156238715761         -0.26188819949849007        -0.039423841104818225          -3.0119051642910319         -0.56037202076457282          -1.9303397667431703         -0.96986997684116583          -6.9722218973449346          -2.4691761727161401          -21.936764860015995          0.58352472112729992          -7.4953850500538337          -0.9330679356584094          -18.525153260191985           1.3756855628473352          -34.743023753898143          0.16272907136077419          -37.235568229304334          -2.3652326377223769
0.036064607984364991         -0.21036900352104304          0.32264509775398142          -3.7667246491099848          -1.5733414829436883           3.5222773322942915          -2.1947729519239179           1.6363482789534902         -0.70363528707767031        -0.012287124101863639          -1.0333217959760819          0.49914813935642677          -2.1693970937242746           5.0282156238715583           100.99575470115887         0.089068562532502144         -0.39080533400029793          0.22028397174532588          -2.6443127114250964           2.3413978427129583          -3.7042890730449103           3.8527653324158466          -8.4238548299101801           12.543426730724519          -16.089807083394369           6.7305370541716965          -7.2360499081006644          -4.3144601389235815          -12.032814639620801          -15.077312074908527          -15.615229499413013          -11.804387118104279          -27.089315595930437
-0.081492805178712518         -0.04593159989101675          0.19963845105421082       1.4540626781522903e-06      -1.4606942136397016e-06      -2.5547138921694357e-07      -2.1600644838776217e-06      -9.9113954415107342e-07       -2.762864677659238e-06       7.8706310343689551e-08       6.9558395508415027e-07         -0.10492625085167975       -0.0046904905492783089         -0.26188819949849251         0.089068562532522211           3.8921190944200084          0.68349577869960343         -0.27359864275551987         0.075740831936429193         -0.20602516574298141          -0.0176349415136762         -0.28399964124663907        -0.016633935516069648         -0.59261731539017903         -0.14098979272853121         -0.29742104750406539        -0.065401667359606439         -0.28133524313451685          0.12488375254898276       0.00022094550335727096       -0.0008072795750839537          -1.5090362950749803         -0.68109270018493939
-0.059528084648637555         0.090609291703347417          -0.7608431102870632      -1.0671966744951744e-05       1.0410475342614856e-05       1.4960978521327828e-06       1.5379854811425897e-05       6.6210310497617775e-06       1.9559419124862143e-05      -1.8237975374360213e-06      -5.3557332274946357e-06         0.044956811055798303        -0.058932312180184382        -0.039423841104816566          -0.3908053340002825           0.6834957786996031           2.2865617362469846         0.024187064362700676         -0.34486019266768569          0.22407772958677069         -0.12377679446425111          0.24695871623853682          -0.1874176774171297          0.48272219053643795          0.11780822484031245          0.32767627429270352         0.014348031418872045         -0.40552020939228195         -0.43279821991067285       -0.0053999654922906731        0.0046042281168396371          -1.5241959949286459         -0.97538691526492338
-5.8148262157855157          -0.5027021121641897           7.1645663132713215      -0.00011496476802211331       0.00010806970370558222       1.1134789248468113e-05       0.00015945190427879563       6.2735178054995622e-05       0.00020126011634069574      -3.6031881866752102e-05      -6.0988528932770514e-05          -2.5282321120010334        -0.060003399477720265          -3.0119051642910537          0.22028397174532621         -0.27359864275551948         0.024187064362704014           52.857590722452024           5.6925298688432466          -2.1212431928282358         -0.30470595177344495          -2.9347018412975756         -0.39183848433982571          -6.9905462714732831         -0.23484055784471369          -2.4413099882752189        -0.066419617824338917          -4.9353953437507565           1.2688024626839063         -0.10779094342061964         0.032300841834429522          -21.697940920396558          -5.6780638284872289
-1.5776480371851618          -1.6153072201182272           -49.21043244395193      -0.00026924787022564178       0.00026201333918973724       3.6967254966491225e-05        0.0003870519656294924       0.00016570274499463911       0.00049199743762728954      -4.8572788115125443e-05      -0.00013564126362042295           1.2473981811296559          -2.7328672113978576         -0.56037202076458636          -2.6443127114251368         0.075740831936433342         -0.34486019266768864           5.6925298688432573           32.629859267189509            2.499271912961738          -1.9840896962353658           2.4836008202687312            -2.55739395344703            5.728786628951454         -0.49798305467877935             2.97805382710597         -0.59275531420633154          -3.6506218028536486          -5.6599667259525788         -0.14425786693562631          0.11316160557958355          -14.772314380315645           -14.11463974800513
-1.3053405386529671          -2.6557589166652544           37.047218921827898        0.0039606153369162733       -0.0040276395396027231       -0.0007557242719519186       -0.0059584426089274167       -0.0028030792905748836       -0.0076389176883261967       1.5597566741996222e-05        0.0018651281456416313          -2.8142195379406361          0.94394974345825089           -1.930339766743167           2.3413978427129889         -0.20602516574298732          0.22407772958676819          -2.1212431928282056           2.4992719129617478           32.218726065642393           12.329345145627833          -7.2009960690426844          0.45582250659283829          -13.865998779375596          -7.3761949367739259          -4.7874331042601037          -2.2620581510266695           1.8015453007353721           2.2983198688102995          0.60849207701065744          -1.7334303490886156         -0.39834290420194329          -7.0466963260956401
-0.75872183628498258          -2.9363663320028248          -12.647233928162134       0.00071821705969343785      -0.00076765548230106617       -0.0001825303499909392       -0.0011374322646067192      -0.00058654683397746377       -0.0014716551793283461      -0.00014447879398772623       0.00029606686743766097         -0.16215374657358772           -1.768181723229048         -0.96986997684114584          -3.7042890730448939        -0.017634941513679697         -0.12377679446424672         -0.30470595177344012          -1.9840896962353729           12.329345145627851           47.591783104351698        -0.045383093962076071          -3.6485688311011462           1.1257199170449486           -6.305420520858851          0.47723252675835681          -2.0163217578430284           -1.079695236136907          -4.0299135031271538          -1.0676364605018696          -1.2819003401192992          -9.5264344977197677          -19.789440678404652
-2.2300827451357055          -2.3574892002991765           35.644778217985227         0.072467746244475717         -0.10445035044567663        -0.051925259574999605         -0.15616558416866555         -0.11866405789344842         -0.21049618954203464         -0.14466300677140931           0.1126457060794637          -3.7659839127975059          0.85676175807477151          -6.9722218973450154           3.8527653324160736         -0.28399964124663846          0.24695871623853627          -2.9347018412975854           2.4836008202686344          -7.2009960690427173        -0.045383093962004128           76.032489511942359           25.405257976571828          -27.606281189215697          -11.808038915414551          -12.446263984275447          -4.6425337430100688          -1.4831887533378629           5.2751224073139964          -3.3862959193472206          -8.8290805930211054          -7.4901850409152555          -10.022225044866461
-0.93326502079121321          -3.3991943361791446          -17.559997793601632      -0.00078501479013182163        -0.017193416095489855        -0.020999884454073303        -0.026037923425866527        -0.033244773628066215        -0.040965336108770734        -0.038434670435787702         -0.17857981714380811         -0.23857269091501129          -2.5871857116126185          -2.4691761727160961          -8.4238548299095743        -0.016633935516064124         -0.18741767741711968         -0.39183848433986018          -2.5573939534471362          0.45582250659289814          -3.6485688311009787           25.405257976571814           88.941587646741894           2.5632847951633408          -13.725037145684972           1.8647563435141472          -6.0311706168254346          -3.4752810586115697           -9.999320668616944          -9.6633320311271316          -11.276468798463751          -13.005581585109807          -26.834783227610675
-6.7343395340803776          -3.3519290853617094            75.67332142078628          0.76802289903810794          -1.5590425317835619          -9.0898216776808205          -4.2685807736140298           -3.840336011244065          -2.3475699629176332         -0.85783443202001797           0.6649306198273961          -7.9513481417725886           2.4122932250014006          -21.936764860015941            12.54342673072447         -0.59261731539018392          0.48272219053643006          -6.9905462714733426           5.7287866289514957          -13.865998779375632           1.1257199170447423          -27.606281189215373           2.5632847951634696            183.2828470034336           7.1099644727263183          -32.957771883510425          -8.7423696055429403          -7.9015416667731753            15.72394803843518          -12.530971668920381          -15.314137789430058          -23.612298672163526          -8.0363928685787442
2.4697405792201232          -13.598429119958308           40.314556082595239          -1.2444116531708764           -4.340199748954662         -0.36404259580758191          -6.6871686050014301         -0.21680625430863665          -3.6108540076728701         -0.18735363000763233         -0.53363226159798849          -2.7321775688219452          -2.8817052106857179          0.58352472112734555          -16.089807083394557         -0.14098979272853623          0.11780822484028874          -0.2348405578446997         -0.49798305467886728          -7.3761949367738904          -6.3054205208590339          -11.808038915414553          -13.725037145685535           7.1099644727264018           242.48757189098947          -10.450067804387512          -26.874071528937876           12.597626991044805          -17.905898923983919           0.4189014030834517          -51.971004324702157           13.795724915504255          -69.842472371009805
-2.3271457183347168          -2.5537148788769617           53.032820829160656           1.1557741864764586          -1.2604925156114613          -4.1751770825414036           -2.591795890394295          -2.9106137635061118          -1.8444988292719766         -0.36228209297979519          0.45007617645815956          -3.1607321253312066           1.4567965052841119          -7.4953850500536676           6.7305370541718172         -0.29742104750405468          0.32767627429271062          -2.4413099882752203           2.9780538271059784          -4.7874331042601286          0.47723252675821132          -12.446263984275456           1.8647563435139571          -32.957771883510404          -10.450067804387603           74.049993927491556           11.358421226671805         0.084461645459726675           10.714891511096848           1.3747389488425175          -11.709211675161901          -1.8241968268566946          -3.6362567099603065
1.1036678453758029          -7.2937938921969803           16.454601115220481         -0.32699329340979755          -2.1328726691270989         -0.38923266935424161          -3.6633274382509713        -0.097205705475102988          -2.5873728973809906          -0.1209581357114238         -0.21407034794501434         -0.89620933725127827          -1.4851229138008772         -0.93306793565843893          -7.2360499081006289        -0.065401667359608756          0.01434803141886043        -0.066419617824343857         -0.59275531420628536          -2.2620581510266606          -2.0163217578429267          -4.6425337430100768          -6.0311706168254604            -8.74236960554299          -26.874071528938341           11.358421226671767           125.75387746991238           4.7766835684676003          -10.273852662615973         -0.74687610543812089          -30.369381415298928           2.9949373628778084          -22.601092621040426
-12.519228510768537           5.2539912716906843          -68.132862361721763          -1.9247244279832882          0.76945992378282291          -1.3890594146279418            1.105543837856662         -0.33177455251982613          0.95090506566537936         -0.46891863426139235         -0.34319933427743299          -1.9080464088893776          -2.1185192137543019          -18.525153260192063          -4.3144601389236978         -0.28133524313450331         -0.40552020939227129          -4.9353953437507796           -3.650621802853653           1.8015453007353972          -1.0796952361369396          -1.4831887533378052          -3.4752810586114773          -7.9015416667731575           12.597626991044784         0.084461645459762952            4.776683568467595           158.22403597416789           -18.46114413341796           -49.61205786995415           7.4473776767668616          -58.085527114048752          0.34840684598624883
0.13432828296312452          -7.6201772238435428          -52.376460099618228         -0.74936336772215206         -0.27437891347205712          0.94658736687991518         -0.30109182747325125          0.72473043048872099         -0.16552877496934304         0.038487060638135714         -0.42499862484714079           1.6408260416850033          -4.7655847380241951           1.3756855628472968          -12.032814639620703           0.1248837525489894         -0.43279821991068701            1.268802462683942          -5.6599667259526782           2.2983198688103053          -4.0299135031272888           5.2751224073140808          -9.9993206686167184           15.723948038435038          -17.905898923984488           10.714891511096848          -10.273852662615703           -18.46114413341796           124.94869405786164          -11.153976567929892          -18.613213978377509          -9.8206202384053469          -32.622621536726761
-0.018651904635531669         0.035214245015492529          -0.2010301289059119          -10.346293932356808            2.880665962247289          -7.6413620591903983           4.4035050235880098         -0.64551980411505727           2.6338635183081216          -1.2837437558893585          -1.1392971817515565         -0.53228136928169001         -0.55716858246669432           -34.74302375389798          -15.077312074908505       0.00022094550335380325       -0.0053999654922785023         -0.10779094342064881         -0.14425786693557624          0.60849207701064789          -1.0676364605019368          -3.3862959193473934          -9.6633320311269486          -12.530971668920273           0.4189014030835182           1.3747389488426069         -0.74687610543820626          -49.612057869954349          -11.153976567929956            141.6959112904533           23.810598502442982          -13.923220075543423          0.91961009567524643
0.015264213461895569        -0.030660260211832213          0.17380996285419359         -0.13079356172496337           -6.944656269545276           2.8951843621660256          -11.737493748584217         -0.07052112612729608           -5.314488834220322        -0.005998013755518148         -0.61166344216484847         -0.47599843976069045          -0.2118727135495162          0.16272907136090134          -15.615229499412784      -0.00080727957508620191        0.0046042281168361399          0.03230084183445895          0.11316160557974875          -1.7334303490886205          -1.2819003401193507          -8.8290805930212297          -11.276468798464563          -15.314137789430182          -51.971004324701745          -11.709211675161789          -30.369381415298825           7.4473776767668172          -18.613213978376866            23.81059850244295           167.48403789184508           3.6626692654283453          -8.1407807204843508
-22.727989787193312           3.9216357959731347          -85.679316946232731          -1.4432195365978286          0.31888100531186847          -2.5006591288044766          0.29202793293064655         -0.35673657652745483          0.15732096532319417          -0.3579459715503831         -0.15855877007332941          -10.092567905854562          -9.5136770757539004          -37.235568229304477          -11.804387118104479          -1.5090362950749554          -1.5241959949286361          -21.697940920396547          -14.772314380315668         -0.39834290420197083          -9.5264344977198689          -7.4901850409151276           -13.00558158510988          -23.612298672163718           13.795724915504504          -1.8241968268567099           2.9949373628778231          -58.085527114048993          -9.8206202384050965          -13.923220075542995           3.6626692654281072           217.49759644866538           44.122021513688352
-3.0188628710483032          -16.683849391299987           26.269647222349263         -0.62221798019572461         -0.78279502544337376           1.4738209605343329          -1.8651223215760524          0.42636218788533009         -0.53080577229881243         0.037289792991848425          -0.5008506086640212          -5.4533358985149123          -12.938510264584274          -2.3652326377225368          -27.089315595931055         -0.68109270018491186         -0.97538691526489174          -5.6780638284872493           -14.11463974800513          -7.0466963260957396          -19.789440678404752          -10.022225044866266          -26.834783227609293          -8.0363928685787442          -69.842472371010956          -3.6362567099603851          -22.601092621040912          0.34840684598609428          -32.622621536726832          0.91961009567554619          -8.1407807204838587           44.122021513688175           261.86882846234482
