9
45
-10            3.465528406167119
-10          -11.973603538545207
-10          -1.6953407598416568
10          -26.912925884219398
10           -15.48633138836367
8          -20.699162756201822
8          -22.630415334591728
90           -10.27647306846394
90          -23.128208173384248
117           42.498270502138972
117          -20.677934295320988
121           43.500960817288131
121          -13.273887520142065
104           17.228576673679747
104           11.844376273609509
110           12.864170139534114
110          -25.724733218551755
102           21.926515576185682
102           10.921869376689791
101           6.7200838674339431
101           5.2570144420641958
107           23.331927534067471
107          -9.9761027115526542
106           18.715196172847339
106           3.4002178284112605
103           25.092421119253967
103          -18.581300057260805
108           30.744099963038494
108           1.6947496165376221
124           27.535843666431816
124          -28.259284144882308
80          -11.046254711064883
80          -15.308181602702852
91           8.7732760675804471
91           -24.94676578952954
96           16.180995197734124
96          -17.608610842922008
84            2.233211192542353
84          -24.779836441679244
97           9.1223373127035519
97           -3.298747710752735
85          -2.2910698192802972
85          -16.461118939544672
87            7.185073721143528
87          -16.831749557921864
70.623881293621267           2.5934069308511045           190.87333818365826         -0.28642526255318479         -0.47884546075211132          -2.3696903445332613          -2.4686776216951949          -1.0512869377423644          -2.0144658779740467       -0.0046763982750813726          0.01160225317517305       2.6661550744933038e-10       8.0853288508819787e-09       -5.340719615026801e-07       5.1075099483099962e-08          -4.2063666782833184           6.0949220149329619      -5.5609965001791883e-07       1.4153774618996806e-07       -2.569901445814704e-08      -1.7186144007919069e-08      -0.00079532004393373379       0.00073460710013134589      -9.7284626225553616e-06       1.9649025973234036e-06        -0.082646559881846077          0.17106350444150059      -3.2799984894686662e-05       1.5635790096262675e-05       -0.0099398844582468879          0.10282501246749924          -10.087370901120789          -7.4242198871089675           -6.582774215518489           4.5998765989389758          -1.6044163178162756           2.7196351603969098          -9.7499641109469959           0.1902956771869545      -4.3681714857336795e-05      -6.4709746534497015e-06          -1.4231788969044583         -0.95760033782501097           -33.16426213953438          -3.1405638850498407
2.5934069308510788           87.425044957176766           55.601953054646572        0.0021383277340383255        -0.047495264588015118          0.19588161989638753          -1.8369515800408553          0.31296526765906485          -1.2051740781219191      -7.7596557814807454e-05       0.00020751439888222478       5.8424376447874238e-12       1.7082868453144329e-10      -1.1273770139652584e-08       1.0764127367224319e-09           2.0699211749325332          -5.0517249326737925      -1.1737729954663934e-08       2.9892235353656815e-09      -5.4269300164833112e-10      -3.6358116517476446e-10      -1.6360545318061526e-05       1.4036498519942597e-05      -2.0496963004656976e-07       4.1079452728354227e-08      -0.00040287556720430828       0.00076105444898022512      -6.8760077404084186e-07       3.2298146973586128e-07        0.0011116530064101404       0.00027291324926692617          0.91364451343899633          -6.8454337698965499           2.3137628914144805          -7.3449893976385496          0.14664872402008478         -0.28561739171989231           4.3592117204279726          -9.5506426584116237      -9.1155634029949084e-07      -1.5884130988297329e-07            0.161308787471523         -0.57896858690861741          -13.069502950502034          -54.679303024816143
190.87333818365838           55.601953054645968            9604.640645218049             2.62416960853239           4.9920923947707507          -6.1923985760628826           51.329788875505542          -2.3074642852475264           30.615624919842013         0.045186561124396007         -0.11224060785491474       -2.585675673572041e-09      -7.8365658850998443e-08       5.1762205441896469e-06      -4.9500835785920572e-07           -64.96272063051353          -80.809010037207912       5.3897066955577166e-06      -1.3717904892018851e-06       2.4907177120780943e-07       1.6657294565902703e-07        0.0077056896704092992       -0.0071110779562904014       9.4285855843923017e-05      -1.9041456377877353e-05          0.78855241820687993          -1.6452075463328786       0.00031786877016992676      -0.00015149990932061819          0.08478476507373367          -0.9877881468774703           39.036950067405932           148.46619714018885           -95.09061983916159          -63.578444916054593           12.036588287323697          -26.475341325494007          -123.71272226156407           42.589291377699553       0.00042330026137582522       6.2848722379271749e-05            11.72251669024241           13.343748225031996           35.045287051661916          -173.32344288111864
-0.28642526255320355        0.0021383277340443207            2.624169608532263            34.11437696549239           1.2696928782745651         -0.99734076637477087         -0.82084723822442096         -0.88816051958853681         -0.80147741255579663         -0.43029704304050609          0.37986274341613779       7.9309571410224322e-08       2.3293555002634747e-06      -0.00015375016166767341       1.4683047475871902e-05          -1.2392141542130486          0.92419476887276364      -0.00016007981808102614       4.0763142943905928e-05       -7.400455571460185e-06      -4.9569157031803535e-06         -0.24616249190396489           0.1623257531372643       -0.0027961043452581873       0.00056083664818243339          -1.3219671303303304           1.0121020985898204       -0.0093881901164222757        0.0044075605214265144          -0.2598706947163798          0.37628091789718948          -3.2962096315446079          -2.0078965174268686          -1.7369415767870446          0.81804431528557064          -2.3619608726292536           1.5898028091877445          -2.1392208356717184         -0.22773285782627883        -0.012451153555538233       -0.0021285744312219967          -5.8267970188819591        -0.082516355823227305           -13.05885229830783          -2.5968662041880579
-0.47884546075210949          -0.0474952645879958           4.9920923947702214           1.2696928782745716           18.092146217869839         -0.02491611956527507          -3.1132882956672181          0.26790901007151957           -2.738078836828242         -0.14046361309772626           1.0770601715611496       1.4245982993266182e-07       3.8386988283622969e-06      -0.00025283754781217291       2.4050855352591993e-05           1.8625620992793757            1.681689832276988      -0.00026319087086073504       6.7115356716329622e-05      -1.2179987098168144e-05      -8.1954242605319916e-06         -0.31719650005678568          0.27853457265641829        -0.004576723552706996       0.00090094322393646786         -0.44361454925145072           2.4704091517350859        -0.015172055948111069        0.0068914529537998596          0.25655581151216073          0.82952375380079446          -2.1473663929186131          -7.8990052532302437           2.6526052150012971          0.84827181594745893         -0.74891489894359797           3.6509972397389374           3.0690985522013348          -2.7783624254955082        -0.019900740903153632       -0.0047050266250425188          0.27450079351910334          -10.564309499901899          -5.3114291238689066          -1.7912662563847643
-2.3696903445332711           0.1958816198963591          -6.1923985760628177         -0.99734076637474633        -0.024916119565272954           65.015613985033823           9.9834265918727141          -2.0379087145377062         -0.62203386786842274         -0.87955580285497437        0.0022301228344276947       2.9581196936412368e-07       8.2507314340674043e-06      -0.00054390974085719024       5.1807185672214651e-05          -3.2928674095385402         -0.10453203226618113      -0.00056623309005328012       0.00014429248220293456      -2.6193062996920924e-05      -1.7591463001842556e-05          -1.0674479216652712         -0.15889673989676278       -0.0098638658758858008        0.0019466385389883545          -2.4335852890015981         0.047595812863703291        -0.032949125753016506         0.014516165784071292         -0.53177069094961515         0.089400542020242557          -5.3383578186841918         -0.74685709762081309          -4.3788002654848004         -0.17627849895432268          -3.4885900550973772         0.052662849748564167          -6.2952596656422042         -0.47157182233756578        -0.043245037263858199       -0.0094082260987859989          -8.2532598846526994          0.86311056983411638          -23.563985039762063          -8.9364608998843682
-2.4686776216952113          -1.8369515800408607           51.329788875505699         -0.82084723822441252          -3.1132882956672416           9.9834265918727745           42.756301936332797          0.26394859157278383          -5.7150049714004574         -0.30832535769524194           2.1643698573589556       1.0283875504502049e-06       2.4226190270315584e-05       -0.0015897581422034124       0.00015017782066184537           3.1762307050746594           2.0511733190486572       -0.0016542435370853342       0.00042289865809586047      -7.6695633481949077e-05       -5.201410972244247e-05          -1.2510972748062792            1.183988268519915        -0.028541269250953918        0.0054301641461429462          -0.8447799920387622           4.1343855424591398        -0.092456481250914477         0.039427784529259879          0.41937550321714201            1.189863427433101          -4.1148319304177967          -15.475713518108792            4.241613012636039          0.54700442684426376           -1.485909685205187           4.6765902968247417           5.7074055235871644          -6.7940578027197809         -0.11879832887779844        -0.042843126986899627         -0.72570109735210253          -17.123408618429792          -11.528713255921039          -8.6478054169276923
-1.051286937742363          0.31296526765898935          -2.3074642852476583         -0.88816051958854236          0.26790901007155288          -2.0379087145377355          0.26394859157287209           101.13538823401463           15.824890602018915          -1.8476716028095848         -0.88867157498076699      -0.00015620743823663297      -2.5769632824967914e-05       -0.0051929665882286258       0.00063402899362485776          -6.1322775182322591          -1.1459118950312321        -0.006273138787401638      -0.00080071615771615257      -0.00012969049408795286       0.00040170947455897554          -3.3897027676029912          -1.8386360406962798         -0.33334674584420787         -0.44165626524498702           -3.789976992792357          -1.3311291678770514         -0.41842332333144122          -0.4260788898431544         -0.69579956688086919         -0.15539376703490404          -7.1571485094087413           1.5933691778044601          -6.0760511598253224         -0.69977853904979037          -6.5619556100115091          -2.2296466251507563          -11.177785765892379         -0.16990883026312398          -1.3972237946011548       -0.0034994289078693619          -13.828783118890742           3.1043867724597609          -34.340134528636128          -12.037402951689241
-2.0144658779740463          -1.2051740781220115           30.615624919842041          -0.8014774125557852           -2.738078836828219         -0.62203386786842907          -5.7150049714004334           15.824890602018966           92.117927087674445         -0.30105948736331056           3.2116982684760282       0.00022527370834435345        0.0015403577020407511        -0.093812445322486837        0.0077777778303880218           4.4369807812092965         -0.69720859652598044        -0.096832006684614502         0.026282436470926429        -0.004662094432187458        -0.003667907312877805          -3.1243024841933984           2.1358233903487238          -1.4001547434469643          0.17131262081967069         -0.76690515027984074           3.6122714583889195          -1.2914534168154019          0.68624874432365024          0.50318640390061931          0.85431594123792198          -4.7608268922000896          -20.857555421121909           4.2872481853639908           -1.623246125263841         -0.69191171740803947           1.9360511598483312           7.2387815174805672          -13.461867910276558          -2.5779507465664744          -6.0113173340749313          0.35869685660844097          -27.789981997697375          -14.102114880048298          -24.657672990067478
-0.0046763982751187316      -7.7596557788495168e-05         0.045186561124570701         -0.43029704304050492         -0.14046361309773148         -0.87955580285500923          -0.3083253576952894          -1.8476716028095732         -0.30105948736331439           69.084275514951472          -11.891602404212257        -0.031993248672753494        -0.017042515086295396         0.035505395533557818        -0.044952326828667802          -2.7007555031371662          0.98184029841774412        -0.054943312742896808         -0.26330164464615458         -0.15225269214028397          0.30626983601871893           -5.217593147938036          0.34048230137027424           -1.522308040529309         -0.50141467389569416          -3.8038243503464133           1.2465524416289424          -1.3815611095292577         -0.74642804595502499         -0.69419766989477738          0.21073494605370469          -3.8103742163011978         -0.47672120065831869          -1.1370000863662861          0.51308811350772776          -5.5851637695461367           1.4228189061644017          -4.4526458400039761          0.82593197363405335           -8.300276219306129           5.6166338065064236          -8.2369006994010796           1.6894990888335151          -18.876106830868363           1.5093881162959444
0.011602253175175908       0.00020751439890176471         -0.11224060785660139          0.37986274341612375            1.077060171561119        0.0022301228343849788           2.1643698573589711         -0.88867157498083793           3.2116982684760149          -11.891602404212218           37.973649611246074       -0.0032195298486326074        -0.045836917018673873           1.2497937594121873         -0.51253609725147076          -2.7239991925562563          -3.8282964630200689           1.2713436417038051         -0.84767502912480563          0.44499957620281622         0.084579964582685907            3.299331797945229          -9.4489879105243606           3.6334781873638371          -3.1599587296760689          0.54604149664739299          -8.4467899181969202             2.28390830222718          -3.1929963329057269         -0.50601101001662918          -1.4468786813283341           2.3512637667319307           6.1777291622846153          -1.3083676233793202          -2.2017800052555634         -0.79596274632545572          -8.4575006849503804          -4.8513663987724023          0.13166325369538878           7.0302327545981322          -5.9760918594730867          0.89202711679795077            5.026664456401889         -0.43002874532899305          -8.3078454750833632
2.6662360687323972e-10       5.8465593477663447e-12      -2.5854182267304182e-09       7.9309570844270788e-08       1.4245982989102846e-07       2.9581197550417743e-07       1.0283875557653976e-06      -0.00015620743823106797       0.00022527370834488081        -0.031993248672752807        -0.003219529848633787            7.235431716948054          -1.1688093935202308          -0.1108832100916723        0.0072946602313639156         -0.17727262224146467         0.046061070764695219         -0.15932527828927781        -0.097208254827773954          -1.0989755442606053          0.64912276310135608         -0.45539964856208454        -0.043419082917379948         -0.37732867073503673        -0.014275900579045545         -0.40472617457163607        0.0085137397405946856         -0.26020835056633379         -0.13809585458895468         -0.12761501445005985        0.0089877889570281217       3.4166927100620637e-06        1.984845550730141e-05      -4.6010680265773374e-09      -1.3689666324145922e-08         -0.54414218176960294         0.086653265479142413         -0.12195913341464477         0.045039125722106839          -2.2487777942697322         0.068786002000181867       -0.0042863491266596082        0.0034322335106488841         -0.83509860997153307          0.27340372190071077
8.0853287758551884e-09       1.7082200064189035e-10      -7.8363795001645808e-08       2.3293555006420239e-06       3.8386988334363631e-06       8.2507314244233175e-06       2.4226190257159441e-05      -2.5769632826105459e-05        0.0015403577020524761        -0.017042515086299066        -0.045836917018686127          -1.1688093935202308           4.0813815348328504          0.57231411080820138         -0.26249028430435345         -0.23002532199867465        -0.053200134177443334          0.57990010327690511         -0.50491488473900192           1.6788594629578963         -0.42113382414830752         -0.19500672152496593         -0.56295874155366643          0.48909990764415112         -0.59682815199602912          -0.3250685302797946         -0.41182090250660874          0.18731966912027639         -0.57612519857400157         -0.14023260550481245         -0.11217323847430302        0.0001514186237213948       0.00033987229255172131      -8.9461719591371613e-08      -1.3381216456354386e-06          -0.4891004427169855         -0.35429641477853352          -0.1592044726125027         0.021046328646498171        -0.073276092989862832         -0.61374120861071102       -0.0027128489428425795         0.011164907679612857         -0.80549033545571858          0.03078969379989575
-5.3407196620031128e-07      -1.1273782574150459e-08       5.1762203245875327e-06      -0.00015375016167313432       -0.0002528375478014766      -0.00054390974085409549       -0.0015897581421834839       -0.0051929665882452514        -0.093812445322461024          0.03550539553354487           1.2497937594121848         -0.11088321009167285          0.57231411080820416           71.545198645229945           10.559211928484446           1.4674247403317953        -0.088455627158397943          -9.1785349207126696           2.8087656712271523          -21.351244069335959        -0.049616596764552823          -1.1868385669748984           3.9737706748328629          -11.954548266634319           5.5414403323013968           1.1924050954620597           3.4235659137565189          -4.7923623212872775           4.5659438475309413           1.0166847686757257          0.99788094860636245        -0.010073326069333532        -0.022055465668701535       5.8339113950811594e-06       8.9780393913163614e-05           1.5038485923674418           1.4711668297734279          0.58472773063751515         -0.72422898732209862          -31.544428037688185          -29.130113484302075       -0.0023115837935261396         -0.59568390436351137           3.2850548140484346          -3.0922654045831375
5.1075076931694774e-08        1.076409406053358e-09      -4.9500884102826603e-07        1.468304747256205e-05       2.4050855353507927e-05        5.180718565747644e-05       0.00015017782066373275       0.00063402899364689569        0.0077777778303895762        -0.044952326828695988         -0.51253609725146143        0.0072946602313632702         -0.26249028430435817           10.559211928484476           78.150881930702496         -0.44047139200950869         -0.93274666863666766           1.1591359849358491          -4.0908601992280937           4.8698659758474623          -7.0634577505948917         -0.39338735151284621          -3.5927861088361204           1.4403418887449595          -7.2423321167192594         -0.60397217487283261           -2.921943287588622          0.34670392663515709          -3.1422662281797105         -0.36616186221796215           -1.040976889401577       0.00097278253296534389        0.0020411656704382164      -5.4471111443632481e-07      -8.8337577744956874e-06         -0.68188875235058966          -2.5592003719677505         -0.25190752743406253          -0.3079999105811595          -13.120692936398402          -39.963563147545763        -0.021944020064478827         0.022639209916823777          -2.4215138555853151          -4.2773083760448669
-4.2063666782834339           2.0699211749326256          -64.962720630516031          -1.2392141542130581           1.8625620992794119          -3.2928674095386112           3.1762307050746532          -6.1322775182321969           4.4369807812094955          -2.7007555031372839          -2.7239991925561968         -0.17727262224146667         -0.23002532199868408           1.4674247403317617         -0.44047139200945984            174.1233502460571          -18.181921108632018           1.2900973506424662          -1.4117622783238613          0.09583168533159564            2.749158194248452          -5.3928205368503743           -4.427995903173092          0.32004315553215179          -2.7582310043286173          -6.8519293857092629           -3.544109725008509          -0.3816785806056503          -3.1216481064101798          -2.1514572885571566         -0.77130560153380134          -9.1387353005776362           11.729006134462736          -15.096684119534686          -1.4338047669380627          -12.617758292373878          -4.5901789090087295          -24.809623802059431           6.2361248425082128           -8.720795839855068           8.9040428393165509          -18.626212156217047           15.870134964944516          -55.464654223196312          -14.835043112965936
6.0949220149329522          -5.0517249326738565          -80.809010037208154          0.92419476887273677           1.6816898322769838         -0.10453203226620622           2.0511733190486368          -1.1459118950312268         -0.69720859652604972          0.98184029841777409          -3.8282964630201572         0.046061070764686463        -0.053200134177416203         -0.08845562715839228         -0.93274666863668898          -18.181921108632011           201.53152591203448        0.0023497467608871447         -0.99001640675182179           2.0242031398714908          -4.0136295524097481           2.1424572147099092          -6.8646141217674366          0.72334520945437875          -2.8217603637821016           2.5864445060386405          -9.8025840962670401          0.33681306992053128          -1.0845064604525492           0.3580095213683141          -2.2349709450537487           5.7407843306861528            2.274441121978505          -3.8278279640221839          -15.091386339382106           3.6691248276458794          -20.332297489659275          -4.5817589380634409          -13.719602611727979         0.028931764933540438           -31.18911059611656           7.7109891475169308          -15.226582023752425          -5.4829398700844187           -72.75432754114415
-5.560996513900851e-07      -1.1737761651531287e-08       5.3897068156283368e-06      -0.00016007981808356143      -0.00026319087084392123      -0.00056623309005375544       -0.0016542435370881514       -0.0062731387874163658        -0.096832006684615446        -0.054943312742890216            1.271343641703782          -0.1593252782892785          0.57990010327690733          -9.1785349207126519           1.1591359849358296           1.2900973506424376        0.0023497467608657452           78.029333718486086           14.779015477008764           -21.89395746945419           0.5075360632864756          -1.5303911207737546           3.4643546617382053          -11.656905050895432           4.8028203305344386           0.6834987962589566           3.2245367458425149          -4.9483520306300468           4.1687654435480468          0.74085305108903587          0.77586257961961769        -0.010496635877396659        -0.022924116461983224       6.0667154824223246e-06       9.3626927939183258e-05           1.0256045269297491           1.5149957275757158          0.45073371985581051         -0.65100835682574498          -33.591931035144981          -29.932705370257576        -0.028859433699944013          -0.6069100765671569           2.1536061214755078          -2.8898261603681199
1.4153771416697269e-07       2.9892173181167436e-09      -1.3717909332910949e-06       4.0763142941754871e-05       6.7115356725100384e-05       0.00014429248219170743       0.00042289865809697069      -0.00080071615772561722         0.026282436470934867          -0.2633016446461508         -0.84767502912478132        -0.097208254827773899         -0.50491488473901347           2.8087656712271323          -4.0908601992281071          -1.4117622783239141         -0.99001640675176739           14.779015477008787           72.824684493556305           6.6796673103505437          -6.1233728959184361          -1.2610668158547771          -4.0999112464005467           2.2925214304200776          -7.7095724222224655          -1.9258375972668034          -3.5194443475219894          0.53655398151635036          -4.3503543414991475         -0.77725178810914697          -0.9681853707975846        0.0026554278840504042        0.0059065901809591814      -1.5576419587493007e-06      -2.3584366237172638e-05          -2.2919888414359435          -2.8930152904439321         -0.46397261236021464        -0.036795005976297313          -13.128334477111723          -34.009820994148363        -0.083693321799872711          0.16964670670514223          -5.3181639490805264          -2.9373384379396579
-2.5699008664170631e-08      -5.4268500804255382e-10       2.4907500062454346e-07       -7.400455571522635e-06      -1.2179987096461176e-05      -2.6193062956994528e-05      -7.6695633450141187e-05      -0.00012969049413491529       -0.0046620944322315339         -0.15225269214026926          0.44499957620280611          -1.0989755442606011           1.6788594629578721          -21.351244069335962           4.8698659758474721         0.095831685331600469           2.0242031398714371          -21.893957469454353           6.6796673103504771           244.77896170079035          -51.992565248084325          -12.611917873285844           13.385708272533149          -28.891504861495235           13.453105755322392          -4.7153149121644153           9.8579250975535508          -15.471904753265095           9.8739771227981432          -0.5169617439212808           3.6712104722169574      -0.00048339791168777735       -0.0010687236634703279       2.8214523961622717e-07       4.2938383973956107e-06          -3.3450612915402154           6.3930197691735033          0.07335021497442451         -0.16128424676380876          -91.051632655153369          -19.421498780862784        0.0028130744460748563        -0.031428227515278018          -6.5194267392153238           3.0482024532033467
-1.7186132184043856e-08      -3.6358649424528267e-10       1.6657267032371692e-07        -4.95691570458201e-06      -8.1954242423520895e-06      -1.7591462995736329e-05       -5.201410970556708e-05       0.00040170947459916562       -0.0036679073128143003          0.30626983601870128         0.084579964582671474           0.6491227631013512         -0.42113382414829204        -0.049616596764568144          -7.0634577505949174           2.7491581942484142            -4.01362955240978          0.50753606328645662          -6.1233728959184601          -51.992565248084219           185.63757438790392           7.5031390382316214          -8.1476972721428069           4.7417302627763211          -11.934064206294414           6.2304792573833687          -6.0575936882202592           3.1551038573911425          -3.5920800142004286           2.7380305033005787          -2.2803217794052291      -0.00031830256377929356       -0.0007419652310418634       1.9389261396440816e-07       2.7754671654278695e-06           5.4235651716655822          -7.5222044290503236          0.30032527712112966         -0.31268260601318643          -2.3480336786040708          -86.095775298252249          0.01503665019587111        -0.030699104768955543           10.083493854987687          -17.767252002026357
-0.0007953200439143257      -1.6360545307514407e-05        0.0077056896697795807         -0.24616249190400352         -0.31719650005681199          -1.0674479216653632          -1.2510972748063083          -3.3897027676030662          -3.1243024841934774          -5.2175931479380271           3.2993317979452987         -0.45539964856208592         -0.19500672152497112          -1.1868385669749173         -0.39338735151283094          -5.3928205368502962            2.142457214709939          -1.5303911207737708          -1.2610668158547935          -12.611917873286055           7.5031390382317111           203.16423796972467          -12.735181158462543          -9.4482190468357743          -1.0427040200245847          -10.114495744602861           4.0673826478283681          -7.6004675538569471            -1.50287654466987          -2.3679862306553847           0.3403312800309351          -7.2408012232646914           -4.909948252282323        -0.012954085826090145          0.19128914224052346          -15.192629267265273           4.3186832302944014          -7.4669616477392182          -1.9791722515916468          -43.885365352151815           5.4283234609104678          -15.568366696092971          -4.4695252553666105          -40.591906113681404           1.9808605228933276
0.00073460710007366981       1.4036498450664681e-05       -0.0071110779546623704          0.16232575313726239          0.27853457265638859         -0.15889673989675412           1.1839882685199559           -1.838636040696312           2.1358233903487545          0.34048230137033952          -9.4489879105244352        -0.043419082917377505         -0.56295874155366121           3.9737706748328447          -3.5927861088360658          -4.4279959031729765          -6.8646141217676231            3.464354661738124          -4.0999112464004739           13.385708272533273          -8.1476972721429277          -12.735181158462519           158.02535324549137           7.4266635573861164          -11.119823403733836         -0.76122040213046549          -13.560351405594151           4.2585838281137001          -9.2492081626911382          -1.2811472750778079           -2.170877412849944            1.300418842939034           3.7417031062781572        -0.023139941948651099         -0.33724285646539442          -3.5476766516953639          -17.047902360258156          -7.8331549830840101          -4.2211084797073628           6.6405106674928627          -47.828723073692281          -1.5714005176570651           0.9375574893774008          -8.6194647556164377          -20.225865314234916
-9.7284626319055212e-06      -2.0496961283811288e-07        9.428585403492562e-05       -0.0027961043452699001        -0.004576723552731865       -0.0098638658758798126        -0.028541269250937529         -0.33334674584422286          -1.4001547434469788          -1.5223080405293075           3.6334781873638367         -0.37732867073504311          0.48909990764415179          -11.954548266634287           1.4403418887449675          0.32004315553212359          0.72334520945442582          -11.656905050895434           2.2925214304200696           -28.89150486149525            4.741730262776338          -9.4482190468358116           7.4266635573861208           188.09168338991608           12.281501928446117          -2.8145953078415222           4.8826403626060282          -11.304011974321202           5.6930887502915972         -0.19722106675475112           1.7957729280717434         -0.18622871039861949          -0.3861174382404855       0.00010327297324286278        0.0016907994031510332          -3.7679693232828217           4.2546704696684756          0.21209566843110902          -2.3066237250219119          -76.106574681858618            -36.0992785294412          -2.2486137539639999          -4.6744138813299596          -6.8882547306381339          -2.8178350430539214
1.9649026278267812e-06       4.1079480705974447e-08      -1.9041455136203922e-05       0.00056083664817488388       0.00090094322391109927        0.0019466385390151664        0.0054301641461178551         -0.44165626524492907          0.17131262081967602         -0.50141467389568173          -3.1599587296760978        -0.014275900579044487         -0.59682815199602857           5.5414403323013683          -7.2423321167191963          -2.7582310043284992          -2.8217603637820123           4.8028203305344759          -7.7095724222224264           13.453105755322367           -11.93406420629433          -1.0427040200245845          -11.119823403733765           12.281501928446147           184.46431756081594           -2.442870305957817          -7.0676721025060978           2.5238808316127033          -9.1871612003384033          -1.4867970699827864          -2.7190385754466253         0.037733438012454545         0.066583076105412697      -1.8549024982661422e-05       -0.0003869064254637955          -4.2833639382280086          -8.3995793200603561          -1.9975108817571388         -0.63614165920772603          -13.080520607408866          -88.352836100573967          -1.3548761375219054          0.40809663522859507          -8.9396876220137518            -7.87203385055839
-0.082646559881783849      -0.00040287556710350003          0.78855241820777677          -1.3219671303302607         -0.44361454925140487          -2.4335852890016212         -0.84477999203864529          -3.7899769927922393          -0.7669051502797809          -3.8038243503465363          0.54604149664753932         -0.40472617457163856         -0.32506853027979199           1.1924050954620842         -0.60397217487277399          -6.8519293857091528           2.5864445060386259          0.68349879625899412          -1.9258375972667601          -4.7153149121643629           6.2304792573832817           -10.11449574460277         -0.76122040213067343          -2.8145953078415666          -2.4428703059578494           178.86262534549081          -28.623589007536339          -2.3796396037388674          -3.1037864653361487          -2.8033146534864573          0.60650364561699432           -10.68559252567692         -0.81065948763848839           -4.933727789818648           1.9242312288200869           -14.51320721933293           3.6115002030712389          -10.618175163580394           2.1964176071412873           -21.16426982326216           11.535166390074986          -17.530837773421293           4.3510452981303001          -52.219955310868151           2.6154500085950962
0.17106350444150287       0.00076105444897045516           -1.645207546333241            1.012102098589809           2.4704091517351188         0.047595812863663101           4.1343855424590998          -1.3311291678771437           3.6122714583890065           1.2465524416289471          -8.4467899181969983        0.0085137397405921078         -0.41182090250660686           3.4235659137565699          -2.9219432875886575          -3.5441097250083784           -9.802584096266914           3.2245367458425016          -3.5194443475219841           9.8579250975536024          -6.0575936882201002           4.0673826478282953           -13.56035140559406           4.8826403626059669          -7.0676721025059859          -28.623589007536381           140.64876734405317           2.3352362511250209          -4.4704562674191157         -0.74822273771526526          -4.2957362881777845           5.5473908808919177           10.231351166317113          -4.0609564902934245          -9.0597442507869683          0.82401656802733103          -21.107505076703255          -7.6068677350161327          -5.8077075825332232          0.31834504733380747          -25.013639802488459           5.8935709210400011         -0.10323289824370718           1.0841750437187967          -33.720772967652387
-3.2799984869852361e-05      -6.8760075522256159e-07         0.000317868770031704       -0.0093881901164232437        -0.015172055948119545        -0.032949125753012808        -0.092456481250926703         -0.41842332333144894          -1.2914534168154186          -1.3815611095292482           2.2839083022271742         -0.26020835056633468          0.18731966912027698          -4.7923623212872934          0.34670392663517202         -0.38167858060563609          0.33681306992053117          -4.9483520306300024          0.53655398151636113           -15.47190475326501           3.1551038573911159          -7.6004675538569497           4.2585838281137303          -11.304011974321188           2.5238808316127197          -2.3796396037389109           2.3352362511250395           115.92347564195499            8.440632943119958         -0.34885557131493639          0.63903724286154839         -0.67011872286484553          -1.1508841659656284        0.0003203332709234008        0.0061929508059375693          -3.9461567366877448           2.3808003170856908         -0.45057113978563962          -2.1891853229277265          -39.768251056718768          -15.520503493963657          -3.1254954457607012          -4.3385357518046144          -8.2905237011560455          -2.0894068058364001
1.5635790093698754e-05       3.2298145880016449e-07      -0.00015149990984208994        0.0044075605214350388         0.006891452953802113         0.014516165784101275         0.039427784529231846         -0.42607888984317593          0.68624874432358829         -0.74642804595500833          -3.1929963329057411         -0.13809585458895207         -0.57612519857400879           4.5659438475309617          -3.1422662281797056          -3.1216481064100194          -1.0845064604524977           4.1687654435480397          -4.3503543414991386           9.8739771227982427           -3.592080014200441          -1.5028765446698489          -9.2492081626911471           5.6930887502915652          -9.1871612003384406          -3.1037864653361882          -4.4704562674190926           8.4406329431199669           71.456163589353551          -1.4755743555861498          -1.2420177023238133          0.21109477130501497          0.45030455673937764      -0.00012549119221205718       -0.0036361762702079026           -5.244713773870779          -5.6018916620928723          -3.0736420145242254          0.41837780243691652          -1.5669135209532565          -24.228010373366583          -2.1209627813713525           2.2107365522751086          -10.462760026626738          -1.8925379475907216
-0.009939884458233194        0.0011116530064014807         0.084784765073427248         -0.25987069471638574           0.2565558115121484         -0.53177069094961726          0.41937550321710937         -0.69579956688091027          0.50318640390059077         -0.69419766989478504         -0.50601101001659443         -0.12761501445006027         -0.14023260550481281           1.0166847686757254         -0.36616186221795738          -2.1514572885571206          0.35800952136830128          0.74085305108905009         -0.77725178810915008         -0.51696174392129224           2.7380305033005858          -2.3679862306553754          -1.2811472750777906         -0.19722106675475015          -1.4867970699827695          -2.8033146534866211         -0.74822273771523073         -0.34885557131494332          -1.4755743555861238           42.933180936040671          -12.259764489647125          -1.5826810691002378           1.6173670245547545          -2.5634348114555845          0.42141725808601416          -3.9183057587761843        -0.073962196600751318          -3.8401629303176543           1.5161356119244773          -5.3292132638995167           6.3918347051502087          -3.6531668724505688           3.2571822594102482          -13.051510430739938          0.94075226878140428
0.10282501246750042       0.00027291324927469773         -0.98778814687722249          0.37628091789718981          0.82952375380079291         0.089400542020237728            1.189863427433099          -0.1553937670349077          0.85431594123796251          0.21073494605371756          -1.4468786813283412        0.0089877889570297853         -0.11217323847430816           0.9978809486063559          -1.0409768894015947         -0.77130560153373628          -2.2349709450537647          0.77586257961961447         -0.96818537079758626            3.671210472216961          -2.2803217794052166          0.34033128003092067          -2.1708774128499893           1.7957729280717434          -2.7190385754466484          0.60650364561706516          -4.2957362881777934           0.6390372428615555          -1.2420177023238679          -12.259764489647148           41.371130995287714           1.8521990999149451           2.8903793638947546          -1.4041376273922879          -3.4826605032049516          0.60439411053988057          -5.7083935364759641          -1.9203771576359303           -1.357405360539693           1.2530165160737254          -9.3700021622489125           2.1760679606424724          0.26027665092875707          0.96734301022199176          -9.0047968113932324
-10.087370901120806          0.91364451343897723           39.036950067403779          -3.2962096315445577          -2.1473663929185278          -5.3383578186840523           -4.114831930417707          -7.1571485094086018          -4.7608268921999848          -3.8103742163012551           2.3512637667319423       3.4166927087575516e-06       0.00015141862372392012        -0.010073326069300392       0.00097278253296129158          -9.1387353005774976           5.7407843306860755        -0.010496635877338151        0.0026554278840895673      -0.00048339791168600099      -0.00031830256375853239          -7.2408012232644516           1.3004188429387828         -0.18622871039850847         0.037733438012420351          -10.685592525677373           5.5473908808918626         -0.67011872286481644          0.21109477130484655          -1.5826810691002222            1.852199099914847           235.98489743161116          -1.4081695373432801          -13.134456378388379           5.2753937964258908          -16.912321957452431           8.2945211875580291          -20.865168686744841         -0.93276540695135068         -0.88519014853644207        -0.034998203730059796          -31.388135393413826          -1.1909726364070519          -93.584951759570984          -16.937931866326238
-7.4242198871089062           -6.845433769896637           148.46619714019084          -2.0078965174267984          -7.8990052532302677         -0.74685709762071983          -15.475713518108776           1.5933691778043997          -20.857555421121646         -0.47672120065832591           6.1777291622846011       1.9848455506732421e-05       0.00033987229256382534        -0.022055465668743168        0.0020411656703407388           11.729006134462356           2.2744411219783345         -0.02292411646201431        0.0059065901808432741       -0.0010687236635835706      -0.00074196523091529798          -4.9099482522820281           3.7417031062781576         -0.38611743824036299         0.066583076105289685         -0.81065948763871676           10.231351166317184          -1.1508841659655602          0.45030455673932579           1.6173670245547556           2.8903793638947541          -1.4081695373434342           175.69783763928601           16.957529239499884          -4.0184235579273651          -1.8233777444359913           9.6563318860425085           24.289409169301226          -33.383255846568062          -1.3898271546382022          -1.1141464038716062           2.3448488769206222          -63.117823786309003          -35.950812484898279          -58.482750245497051
-6.5827742155185476            2.313762891414429          -95.090619839150222          -1.7369415767870076           2.6526052150012873          -4.3788002654848013           4.2416130126361811          -6.0760511598254201           4.2872481853638789          -1.1370000863661955          -1.3083676233792465      -4.6010626419956679e-09      -8.9461710928162574e-08       5.8339113782057694e-06      -5.4471110644271903e-07          -15.096684119534821          -3.8278279640223491       6.0667154879595619e-06      -1.5576420877572161e-06       2.8214528935421868e-07       1.9389252958745828e-07        -0.012954085826219597        -0.023139941948887799       0.00010327297321013895      -1.8549025131875396e-05          -4.9337277898191232          -4.0609564902930408       0.00032033327087671593      -0.00012549119234944728          -2.5634348114555707          -1.4041376273922719          -13.134456378388688           16.957529239499653           199.81271346407163          0.36997361304581311          -11.707560365051606          -7.8614631246186022           -35.99814040257521           6.6740918627371615       0.00039708595435067329         0.000237003380899381          -21.658519558515241           18.917423597546307          -74.796501521975884          -37.928445836760389
4.5998765989389696          -7.3449893976385354           -63.57844491605384          0.81804431528556076          0.84827181594747714         -0.17627849895434844          0.54700442684424644         -0.69977853904981924           -1.623246125263897           0.5130881135077292          -2.2017800052555749      -1.3689669842165131e-08      -1.3381216490415682e-06       8.9780393917049395e-05      -8.8337577874852968e-06          -1.4338047669380352          -15.091386339382041       9.3626927975626328e-05      -2.3584366210194219e-05       4.2938383653101653e-06        2.775467242699392e-06          0.19128914224051474         -0.33724285646529495        0.0016907994031719609      -0.00038690642557437371             1.92423122882008          -9.0597442507869737         0.006192950805943509       -0.0036361762702178391          0.42141725808603758          -3.4826605032049711           5.2753937964260178          -4.0184235579274485          0.36997361304602805           201.53107296962563           2.7304313565025105          -21.192092904323474          -3.4717285615271019          -19.908383733272196        0.0088398682401296114       -0.0020758166146919166           10.045482114048118          -23.238534337245095           -21.12454851640782          -95.421735699308456
-1.6044163178160897          0.14664872402011708           12.036588287325211          -2.3619608726291546         -0.74891489894349617          -3.4885900550973505          -1.4859096852051197          -6.5619556100115002         -0.69191171740806956          -5.5851637695461491          -0.7959627463255815         -0.54414218176960283         -0.48910044271700182            1.503848592367474         -0.68188875235061641          -12.617758292373047           3.6691248276457347           1.0256045269298231          -2.2919888414358898          -3.3450612915402314           5.4235651716655351          -15.192629267265659          -3.5476766516952014          -3.7679693232827605          -4.2833639382279234          -14.513207219332944          0.82401656802745626          -3.9461567366877408          -5.2447137738707532          -3.9183057587764556          0.60439411053985004          -16.912321957452303          -1.8233777444365704          -11.707560365051403           2.7304313565024101           294.33807307959557          -15.663006492246442          -23.953502357141236           3.1142417556596045          -29.818571988027681           15.037826480233409          -33.700010776939095             9.32858114393464           -92.61953164984719          -8.6388267109548682
2.719635160396912         -0.28561739171978928          -26.475341325495865           1.5898028091877121           3.6509972397389276          0.05266284974857216           4.6765902968247541          -2.2296466251507265           1.9360511598483825           1.4228189061644265          -8.4575006849503964         0.086653265479140984         -0.35429641477849572           1.4711668297733995          -2.5592003719678456          -4.5901789090086584          -20.332297489659325           1.5149957275756152          -2.8930152904440254           6.3930197691734465          -7.5222044290503014            4.318683230294365          -17.047902360258362           4.2546704696685245          -8.3995793200602229           3.6115002030710688          -21.107505076703092           2.3808003170856864          -5.6018916620929504        -0.073962196600699803          -5.7083935364760556            8.294521187558221           9.6563318860427838          -7.8614631246183109          -21.192092904323474          -15.663006492245719           292.78846804319392           -12.10433692063121           -17.95863108348312           1.1477923738360798          -58.695080164902038           9.4624979535450962          -14.813373927648076          -8.1172268595127512          -88.064641079947776
-9.7499641109472996           4.3592117204281031          -123.71272226156306          -2.1392208356718134           3.0690985522012042          -6.2952596656423569           5.7074055235868624          -11.177785765891979           7.2387815174805725          -4.4526458400042666          -4.8513663987723881         -0.12195913341463172          -0.1592044726125188          0.58472773063736894         -0.25190752743408851          -24.809623802059797           -4.581758938063162          0.45073371985588473         -0.46397261236021459         0.073350214974511552          0.30032527712125479          -7.4669616477391711          -7.8331549830839675          0.21209566843104577          -1.9975108817569884          -10.618175163580663          -7.6068677350159124         -0.45057113978563101          -3.0736420145240988          -3.8401629303175122          -1.9203771576360649          -20.865168686745552           24.289409169301621          -35.998140402574421          -3.4717285615268443          -23.953502357140479          -12.104336920630629           321.45532160483475           12.503890427568948          -5.1884534225859129           3.6613348419107092          -38.349567870302529           29.107413572997238          -117.30084031497657          -41.953268945061545
0.19029567718696438          -9.5506426584117392           42.589291377700981         -0.22773285782629527          -2.7783624254956152         -0.47157182233755091          -6.7940578027197347         -0.16990883026313774          -13.461867910276318           0.8259319736340327           0.1316632536953648         0.045039125722100337         0.021046328646505685         -0.72422898732211094         -0.30799991058117548           6.2361248425080618          -13.719602611728035          -0.6510083568258197        -0.036795005976340889         -0.16128424676389042         -0.31268260601320819           -1.979172251591697          -4.2211084797074214          -2.3066237250218551         -0.63614165920786903           2.1964176071413393          -5.8077075825332827          -2.1891853229277434           0.4183778024368322           1.5161356119244251          -1.3574053605396572         -0.93276540695122634          -33.383255846567522            6.674091862736951          -19.908383733272007           3.1142417556591262          -17.958631083483279           12.503890427568999           333.98776492127973           -3.941736392207158          -30.964924226599528           9.3658653413099699          -57.838730394859027          -28.910367360733311          -115.48712823987316
-4.3681714811116823e-05      -9.1155632464534619e-07       0.00042330026095349638        -0.012451153555570194        -0.019900740903148417        -0.043245037263793196         -0.11879832887782138          -1.3972237946010841          -2.5779507465664016          -8.3002762193060953           7.0302327545981136          -2.2487777942697242         -0.07327609298985216           -31.54442803768805          -13.120692936398415          -8.7207958398553167         0.028931764933569859          -33.591931035145087          -13.128334477111739          -91.051632655153782          -2.3480336786040183          -43.885365352151815           6.6405106674928689          -76.106574681858604          -13.080520607408877          -21.164269823262337           0.3183450473338223          -39.768251056718732          -1.5669135209532483            -5.32921326389949           1.2530165160737101         -0.88519014853629574          -1.3898271546387777       0.00039708595418375126        0.0088398682399972728          -29.818571988028427           1.1477923738361244          -5.1884534225856651          -3.9417363922073534           543.82375849825155           82.958961988055208          -13.421937160590504          -7.0801893349871712          -59.534725399529769           -15.23688293574515
-6.4709745641877703e-06      -1.5884124593412707e-07       6.2848723210606749e-05       -0.0021285744312076194       -0.0047050266250963091       -0.0094082260988481714        -0.042843126986944924       -0.0034994289078209562          -6.0113173340744765           5.6166338065064707          -5.9760918594729766          0.06878600200015228         -0.61374120861064085          -29.130113484302196          -39.963563147545884           8.9040428393164817          -31.189110596116983          -29.932705370257786          -34.009820994148811          -19.421498780863082          -86.095775298252818           5.4283234609107147          -47.828723073692316          -36.099278529441378          -88.352836100574478           11.535166390074799          -25.013639802488211          -15.520503493963771            -24.2280103733662           6.3918347051502611          -9.3700021622489267        -0.034998203730077115          -1.1141464038717679       0.00023700338063292747       -0.0020758166144858592           15.037826480233726          -58.695080164902294           3.6613348419106631           -30.96492422659923           82.958961988055748           749.77800163540508           3.3190770920165416          -38.767031657971984           16.046978790181125          -126.86658435480018
-1.4231788969049204          0.16130878747145155           11.722516690244579          -5.8267970188820248          0.27450079351899825          -8.2532598846526781         -0.72570109735221822          -13.828783118890859          0.35869685660852213          -8.2369006994010814          0.89202711679804436       -0.0042863491266666442       -0.0027128489428632219        -0.002311583793507049        -0.021944020064543407          -18.626212156217893           7.7109891475168073        -0.028859433699924934        -0.083693321799935022        0.0028130744459146997         0.015036650195871804          -15.568366696092967          -1.5714005176573274          -2.2486137539641922          -1.3548761375219438          -17.530837773421279           5.8935709210398315          -3.1254954457607473          -2.1209627813712815          -3.6531668724505515           2.1760679606424898          -31.388135393413616           2.3448488769206084          -21.658519558515668           10.045482114047926          -33.700010776939465           9.4624979535452187          -38.349567870302359           9.3658653413098527          -13.421937160590186           3.3190770920166548             370.885378325651          -45.063741573897317          -134.01303587653754          -1.0764569334881522
-0.95760033782525555         -0.57896858690834563           13.343748225030001         -0.08251635582320116          -10.564309499901931          0.86311056983439771          -17.123408618429874           3.1043867724597298          -27.789981997697069           1.6894990888333474           5.0266644564021377        0.0034322335106544699         0.011164907679606983         -0.59568390436343144         0.022639209916921033           15.870134964944487          -15.226582023751838         -0.60691007656697593          0.16964670670517101         -0.03142822751528751        -0.030699104768519447          -4.4695252553668494          0.93755748937757843           -4.674413881330203          0.40809663522871276           4.3510452981299128          -0.1032328982435633          -4.3385357518046286           2.2107365522752502           3.2571822594102944          0.26027665092883545            -1.19097263640713          -63.117823786309309           18.917423597545799          -23.238534337244914           9.3285811439347359          -14.813373927648122           29.107413572999249          -57.838730394857777          -7.0801893349874163          -38.767031657972893          -45.063741573897275           387.11438331482742          -17.400352862145379          -126.96472583918617
-33.164262139533584          -13.069502950501857           35.045287051652885          -13.058852298307333          -5.3114291238687628          -23.563985039761775          -11.528713255920785          -34.340134528636234          -14.102114880048234          -18.876106830867592         -0.43002874532925262         -0.83509860997149943           -0.805490335455886           3.2850548140482623          -2.4215138555854203          -55.464654223193953          -5.4829398700849552           2.1536061214752986          -5.3181639490801906          -6.5194267392151817           10.083493854987704          -40.591906113680679          -8.6194647556151125          -6.8882547306383248          -8.9396876220138974          -52.219955310865906           1.0841750437185471          -8.2905237011559301          -10.462760026626853          -13.051510430739768          0.96734301022219871           -93.58495175957124          -35.950812484897568          -74.796501521976083          -21.124548516407721          -92.619531649847588          -8.1172268595133481          -117.30084031497458          -28.910367360733705          -59.534725399529243           16.046978790180379          -134.01303587654647          -17.400352862142654           887.98467317871052           163.47235393106422
-3.1405638850495521          -54.679303024815965          -173.32344288112267          -2.5968662041879877          -1.7912662563846879          -8.9364608998844837          -8.6478054169278238          -12.037402951689209          -24.657672990067738           1.5093881162959377          -8.3078454750831128          0.27340372190070639         0.030789693799817996          -3.0922654045829301           -4.277308376044445          -14.835043112965678          -72.754327541144875          -2.8898261603679964          -2.9373384379395375           3.0482024532033734          -17.767252002025998           1.9808605228931171          -20.225865314235342          -2.8178350430536714          -7.8720338505585659           2.6154500085959285          -33.720772967652465          -2.0894068058360862          -1.8925379475904736           0.9407522687813703          -9.0047968113933177          -16.937931866326323          -58.482750245496717          -37.928445836759977          -95.421735699308613           -8.638826710955847          -88.064641079946625          -41.953268945061275          -115.48712823987478          -15.236882935746387           -126.8665843548016          -1.0764569334881102          -126.96472583918492           163.47235393106465           900.17077158073369
