183
13
-184           13.482692237467649
-184          0.31193244484001464
-184        -0.058426442309976602
140            36.99717498351631
140          -16.239545913326058
117           48.933083303657739
117           2.8196937130003392
132           51.864029001913579
132          -14.924890927627088
551            4.018825442715694
551           4.1437721239862091
130           22.446133269059107
130           3.4516664393956682
50.97776741415629          -2.6959998807204166          -82.419291618593874           -1.291860037946531          0.15664608149038806          -11.323794660044626          -2.0302997959969651          -1.5420569755385727          0.32388104165580378                            0                            0          -36.809907036543116           4.2941270022506153
-2.6959998807204366           45.440379131657529           279.52360298553333           1.3716650996837918         -0.70128018369422485          -6.8040649935812834           1.3530362282608088           5.4024066370570605         -0.98471554249596061                            0                            0            2.856805453003326          -44.337610097116183
-82.419291618594116           279.52360298553754           6482.9338624597876          -16.247681676419063          0.96821629280958632           39.425620009002174          -98.816327769404893          -48.136999432947448           7.0486387072518255                            0                            0           106.31767901715803          -194.98836846759741
-1.2918600379465344           1.3716650996838391          -16.247681676418903           5.1797862033264908          -1.4301004093521272           -1.297053192942617         -0.93788791149389428          -1.4155158086492914          0.18248391408043096                            0                            0          -1.1916057625983345          0.71404296002831291
0.1566460814903938         -0.70128018369425671          0.96821629280940746          -1.4301004093521288           4.4996501814066976          0.16986090673799359          -1.7296647482359067          0.54108155025444771         -0.36230521764808854                            0                            0          0.57243219585970384          -1.6468617439203288
-11.323794660045122          -6.8040649935809592           39.425620009007211          -1.2970531929426015          0.16986090673788101           73.680938183172415           3.7894640909588895          -35.537394212247477           11.923067787057819                            0                            0          -11.564441737321038          -2.6640020982752084
-2.0302997959969979           1.3530362282610957          -98.816327769402065         -0.93788791149388961          -1.7296647482359171           3.7894640909583592           46.609043565407696          -2.9520325966277055          -32.037092017583653                            0                            0           2.5644143136920792          -9.7700158034760456
-1.5420569755392564           5.4024066370565684          -48.136999432950603          -1.4155158086492166          0.54108155025454518          -35.537394212246603          -2.9520325966282268           43.564326989905403          -13.808349012583353                            0                            0          -1.4315368911572672           4.1110971661190678
0.32388104165589321         -0.98471554249545679           7.0486387072513628          0.18248391408040238         -0.36230521764812817           11.923067787057892          -32.037092017583227          -13.808349012583752           35.929396122499789                            0                            0          0.46110810163728533          -1.1472314828278489
0                            0                            0                            0                            0                            0                            0                            0                            0           245.37248657244845          -12.565639286433763                            0                            0
0                            0                            0                            0                            0                            0                            0                            0                            0          -12.565639286433763           54.481473994549759                            0                            0
-36.809907036543308           2.8568054530032354           106.31767901715807          -1.1916057625983378          0.57243219585970628          -11.564441737321129           2.5644143136920294          -1.4315368911578328          0.46110810163734861                            0                            0           51.015521051120238          -6.3615062386800219
4.2941270022506561          -44.337610097117327          -194.98836846759625          0.71404296002833867          -1.6468617439203603          -2.6640020982746759           -9.770015803475637           4.1110971661185616          -1.1472314828275092                            0                            0          -6.3615062386801373           57.455457780510073
