73
43
-74           6.2123241240487825
-74           16.150677096336779
-74           2.3152936197487972
117           6.4293225171649651
117          -7.2696496042530665
132           17.524498147788762
132           -21.44313085356697
121           12.316645237301724
121          -2.5960254722941514
138           28.676455348860529
138          -3.5919447650130336
134           21.264030934513073
134           7.1912708493458863
142           30.110729166662772
142            8.475177576345942
143           35.292430650771209
143          -13.304522492681143
80           -27.58361389991013
80           34.675119136925524
93          -8.4054835966394563
93           45.922055046956032
96          -10.111149163034522
96           13.655806052081235
83          -4.4634561633909833
83           55.387261310467956
104           11.515645402082963
104           33.682906651309558
87          -15.798207726008341
87           20.585341431900652
97          -4.9271794862850156
97           28.835592139935734
101         -0.53316291405651883
101           36.449115440545462
102            14.18934178020783
102           29.620654266884319
91          -20.429508574944645
91           13.767713938019551
106           6.5909116583892731
106           26.945926031338555
108            13.90915175325136
108           16.994353522665254
107          0.36188734752199186
107            13.98691727145323
60.472497275812479          -3.3941273185339758          -93.885311250181502      -4.2524114950937496e-07       3.1868371668441683e-07      -3.6315393541687282e-06       1.8864710962301565e-06      -3.2791190282184437e-05       1.5908294441195625e-05      -0.00060360374747317914      -0.00010777819585005947       -0.0043406460174143287       -0.0024741932002025017       -0.0041242495443258769       -0.0032188004005619755      -7.0326244366728571e-05      -6.5398784329825628e-06          -2.2662017573037292           1.8883628614645278        -0.067077371801001637          0.71807789409899903          -16.205531635852349           3.7253321463012035          0.12073025530009562          0.13539019752800954          -6.0625024662156486            -4.26553374674124          -3.4235115973619119           1.7041623615215864          -10.518295396712828           2.8596673994278756          -4.0347249571179287          0.76094611980099225           -9.364421635555864          -6.0589130628352184          -7.7902458780795127           2.3402667535292978      -0.00021902136909120569      -0.00052788841655470719         -0.39071333708547601         -0.47513116184739129         -0.46060614702280067         0.067814804391009079
-3.3941273185339957           62.764753910065835          -74.312498504113577      -2.5233835191978884e-07       1.8903360344234288e-07      -2.1547760897739688e-06       1.1190550320352988e-06      -1.9472643496728538e-05       9.4261784547543248e-06      -0.00035877917438988799      -6.4464515544914239e-05       -0.0025869650238311589       -0.0014901227309281912       -0.0024586750207352772        -0.001932031194347796      -4.1774366822183153e-05      -3.9123641595888896e-06          0.90219492110016286         -0.99190373013265631           1.1205011122571931          -1.4624045630453555          -3.1406283448435444          -8.3698788685106624          0.49799968803624367         -0.76310403904743096            1.211866931663298          -12.584217902545447         -0.46632877587721772         -0.76218888804902107           1.8281548017225235          -10.994719962451745           2.6705177528790363           -8.832010092084154          0.75816036795520036          -15.402275471874662           -1.539707605112216          -2.1289241226520188      -0.00012157407066066943       -0.0004205920117869486         -0.18434139494380622         -0.41486502863963221         -0.25867209944637964        -0.054361943079584508
-93.885311250181545          -74.312498504113591           9116.9652565982706      -2.5126212675409716e-06       1.8827973846426149e-06      -2.1457152807472413e-05       1.1145515797856415e-05      -0.00019379383145142707       9.3958158805175496e-05       -0.0035682130376510652       -0.0006382706952041059        -0.025679362828915968        -0.014681419583398504        -0.024401076030778828        -0.019081252322821308      -0.00041565758153298002      -3.8731693879698673e-05           10.670002359407123            29.36844022620495           8.9240464786189602           2.1753116313951528          -64.869219716453429           72.013587147761925           5.8399729361805317        -0.084603259067986047            48.13594324067013          -55.359104428867553          -11.701674476566176           13.214086349287685           41.152473221943396           46.509984004419366           53.355385615704058           5.8190455411782969            34.90408248957646          -84.471185202424209          -27.620235473032722           48.216302153623204       -0.0012699519505976241       -0.0034232810866445789          -2.1712019163365901          -3.1863775981471218          -2.6787076074389908          0.13475704541526068
-4.2524115100081025e-07      -2.5233835029158823e-07      -2.5126212797174827e-06           83.743724815468397           8.6470235442744006          -2.9291798824563031        -0.024810979415303747          -10.306749961080433          -3.7733887044399794          -2.9164980244886496          -1.0689105546120254         -0.10154332678715322         0.016167679979403646          -1.6388623400769307          -1.3100312492877464         -0.22047157047420499       -0.0087317213724287888      -1.1890612781609224e-07       3.2304993175387127e-07       3.8028548707063234e-07       3.2732461325439327e-07      -4.6871867209086977e-06       1.6544770996796906e-06       7.5130433821754196e-07       2.2580646074048526e-07          0.24780811040981529         -0.11880001619067822      -4.3438398150125594e-05       7.7108222276298951e-05       0.00024022388518862088        0.0050255613074504544        0.0081895944269391608         0.024963848032150522         0.043410904986497502          0.10885806974652018      -8.2338873048686968e-07       3.8523972430804876e-07        -0.041721954102521358          0.21747202196788329         -0.66737980487790272          0.10176828184282251      -0.00059879244680610048       0.00091303558315127843
3.1868371833191625e-07       1.8903359875555373e-07       1.8827973555290223e-06           8.6470235442743988           59.356309316037709          0.43128875294966634          -1.4353650655898382          -1.1888986891291877          -8.2779768421845379          0.21870764926088426         -0.98555773655493495         0.021683634548832011        -0.043157814719219457          -0.2468895407750567          -0.8417916997952205         0.095505163551939193       -0.0014911511375539782       8.9199187266539716e-08      -2.4220583016922211e-07      -2.8476529625636861e-07      -2.4586581525513207e-07       3.5133376255078923e-06      -1.2415286401245922e-06      -5.6297104628273933e-07      -1.7005379183882864e-07         -0.24315832215967739          -1.0547765252892307        3.266900638406905e-05      -5.8228421960840007e-05      -0.00030916622186188893       -0.0040815752598624038        -0.012250017271928267        -0.025012298703861922         -0.19415456405976667         -0.19666730771089327       6.1711556695555832e-07      -2.8880384179483915e-07          -0.2530730395494612         -0.56994987130922936         -0.62318780644655958          -1.0700680691826481       0.00044370850779093003      -0.00071408769270117135
-3.6315393591318263e-06      -2.1547760859930848e-06      -2.1457152932540599e-05          -2.9291798824563076          0.43128875294966501           27.816339859915175          -6.6523041482447827           -12.03778508554243         -0.37639567161327458          -5.2469747586198121          -2.4682416418850215         -0.70233907733170997           0.1354312593870152           -1.113255600610052          -2.0929397726844954          -1.4536298521294055         -0.40573832837026963      -1.0156717655502396e-06       2.7590932893577572e-06       3.2470575400576028e-06       2.7967261365484104e-06      -4.0030012396712923e-05       1.4133187727000769e-05        6.415929374588476e-06       1.9304267410792718e-06           1.6857435648854235          0.88963553217158209      -0.00037124695500095298        0.0006595923574229676         0.002378456076524971         0.043697995340888474          0.10553874815536246          0.22529598240408957           1.4247821367054312          0.70975545305267085      -7.0318307323407167e-06       3.2901709701590141e-06           1.1451775510384654           1.2816094700332301           1.1817237797107114           1.3982331212301649       -0.0051012066858863135        0.0078709860329393075
1.8864710973380213e-06       1.1190550354789417e-06       1.1145515699584004e-05        -0.024810979415303004          -1.4353650655898351          -6.6523041482447853           39.640539633161147           0.1827418400573875          -12.513294502557454           1.5347470902747193          -2.8606405625743241          0.20986597786678848         -0.33356933524002158          0.53502336492567537          -1.6771808242719692          0.42976533544393847         -0.47727662961163514       5.2795209498759715e-07       -1.433672339039814e-06      -1.6858654897168498e-06      -1.4549833831155692e-06       2.0796932135502041e-05      -7.3480499956992155e-06      -3.3326022354141744e-06      -1.0060008588472647e-06          0.12581551293603127          -1.4717155443580627       0.00019329691181278475      -0.00034434393884412711       -0.0017194819574232901        -0.023914724318789188        -0.041341736468193287         -0.14762842918490818        -0.027580999743369021          -1.4903147613018692       3.6530189917944029e-06      -1.7095189725595001e-06          0.32927772742369277          -1.5861608874920814          0.57733550157753755          -4.1137214645094256          0.00263049122715916       -0.0042039066803034285
-3.2791190307263768e-05      -1.9472643514754917e-05      -0.00019379383150537721          -10.306749961080433          -1.1888986891291917          -12.037785085542442          0.18274184005738911           151.17062424677255           24.470135772850796          -26.784487823674816          -6.3223330351269036          -11.679988898706531          -4.2327077798478596          -12.601221349899228          -6.4046334946658847          -6.5826092315052875          -1.1869462494547924      -9.1517938057830359e-06        2.489032923530532e-05       2.9368984986730736e-05        2.513096094005577e-05      -0.00036130731652915787       0.00012726174725735673       5.7948328507893246e-05       1.7250521652217637e-05         -0.52612328648923457         -0.12476675860973316       -0.0033271079064199913        0.0058597794505935875       -0.0060749625147521243          0.32613841908160363          0.12172848271886091          0.63494354339082382         -0.99486011052750245         -0.79473109105094042      -6.3482893433932359e-05       2.9687504363565265e-05          -1.8636511671763913          0.58791102789936101          -15.260744061435522          -3.1673001869941775        -0.047155509828496041         0.064588259638241219
1.5908294467796309e-05       9.4261784082984301e-06       9.3958159022439027e-05          -3.7733887044399781          -8.2779768421845414         -0.37639567161326282          -12.513294502557457           24.470135772850789           178.73914860945311          0.25011502111730965          -15.979889923309427          -1.6204663725423849          -8.9616912861344336          -2.3003088590955145          -9.9530526640560506          0.90659639733515285          -2.5337808582813164       4.4649527611542901e-06      -1.2105259676400276e-05      -1.4183692583055654e-05      -1.2350952017049343e-05       0.00017547413818081977      -6.2200828741371637e-05      -2.8093075229918517e-05      -8.6034366817947135e-06           -1.535173590813836          -9.8144260754380674        0.0016467359611086986       -0.0029676874210224965        -0.031775775451111446         -0.24703836797411213         -0.30403644604444463          -1.1927474908435598          -3.1573323417875332          -9.8218730765784006       3.0812894474592121e-05      -1.4430244482641769e-05         -0.82072140626879986          -7.6258103956572132          -6.0619224701637915          -27.192709401180696         0.021456224993186418        -0.039762925945593143
-0.00060360374751296936      -0.00035877917437909801       -0.0035682130380589377          -2.9164980244886505          0.21870764926088324           -5.246974758619797            1.534747090274722          -26.784487823674805          0.25011502111733513           112.35552414689857          -17.791338542324961          -21.390986237724093          -3.7132737039297412          -16.226384933391579          -7.7697254163969998          -7.0076371039703407         -0.56805198740420293      -0.00016805551878937286       0.00045768273847446306        0.0005416524590459576       0.00046002228272656875       -0.0066476880233886232        0.0023350964399493357        0.0010670066557857631       0.00031373795611967792           2.0937807608971344           3.5321017359641966        -0.060715469724748887          0.10583952862751342         -0.31861733873888742           3.7271353498201698          0.52366843111463712           2.1589559386554522           1.4533867065263448           3.0943705736960805       -0.0011683205359201269       0.00054602421951416291         -0.72534861483773871           4.2858965899996431          -19.803848426552626           7.0545163777139273         -0.89117410581181367           1.0522097266485331
-0.00010777819585455848      -6.4464515529664285e-05      -0.00063827069485006467          -1.0689105546120268         -0.98555773655493994          -2.4682416418850126          -2.8606405625743316          -6.3223330351268787          -15.979889923309381          -17.791338542324937           88.753801330505311         -0.44011920361917112          -14.778929266315618        -0.016320664394256761          -11.833124740673465          -1.3081548268127363          -3.2978353689351696      -2.9522535106619313e-05        8.114339408087784e-05        9.796460573153966e-05       7.9068066326238619e-05       -0.0011833236072393586       0.00040803860060790575       0.00019092063321412948       5.1488076046208968e-05           5.5348868195917555          -4.4442342440849512        -0.010161409350360489         0.016533945085927752          0.99985921766784791         -0.10325771606529703           1.0981974348200065         -0.38199744148947806            6.481751566029387          -7.3618658772244636       -0.0002083255315592092       9.6961943666340825e-05           3.6010674710233359          -2.5792130785452896           10.346320174809733          -18.385939018559331         -0.17308941304827502         0.034948035589379707
-0.0043406460173764094       -0.0025869650238292685        -0.025679362829076152         -0.10154332678715439         0.021683634548832209         -0.70233907733171774          0.20986597786678957           -11.67998889870651          -1.6204663725423687          -21.390986237723958         -0.44011920361914247           128.99464944952985          -5.2639403406574754          -22.507493535223997          -7.9448065235185394          -4.0380403708097745          0.38874034034737243       -0.0012002164528827075        0.0032812921874763035        0.0039163184360961611         0.003255151093338432        -0.047742039011119619         0.016638249457467946        0.0076788920809258629         0.002177889327912283          -2.7311400407815518         0.082441262999473963         -0.42892068188016857          0.71628881066970762          -2.3655155859761638            5.712649937290152         -0.10951696645231554           2.7079369761204006          -6.4295864163449101          -1.8485684064515207       -0.0083967129611626033        0.0039173612675695857          -2.8618863209594152           2.8284280971820284          -45.605811421664612           0.1655268823282241          -7.7553363825545407           4.1103501321650109
-0.0024741932001336037         -0.00149012273092064         -0.01468141958348298         0.016167679979404073        -0.043157814719227514          0.13543125938701261         -0.33356933524001786          -4.2327077798478641          -8.9616912861345703          -3.7132737039297017          -14.778929266315567          -5.2639403406575589           130.38659072120419          -4.9522552251479111          -19.504822376404931         -0.53171873845222473          -2.6209282240460268      -0.00066529391398131854        0.0018480310638175901        0.0022812302980031243        0.0017369152208572131        -0.027070658324799879        0.0091407761296661283         0.004394662785509422        0.0010668414965254794           5.0766697852347988          -11.593450174972139         -0.20949848421328215          0.32591272816183914           2.4792820668870243          -1.2263297056927742           2.7339761520939976           -2.051397102683449           4.8998544068025991          -17.822434826734025       -0.0047750512218412561        0.0022122680988807542           2.1182343685359424          -6.2394986847030962           4.0388011060939721          -43.546332844007814          -2.5502806053096663          -1.7715775776143823
-0.004124249544267572       -0.0024586750207267194        -0.024401076030851992          -1.6388623400769289         -0.24688954077505648          -1.1132556006100618           0.5350233649256747          -12.601221349899111          -2.3003088590954968          -16.226384933391454        -0.016320664394292972          -22.507493535223897          -4.9522552251479199           128.24772273631862           1.6396287283461917          -2.7904092739362922          0.29588995639101046       -0.0011396174027605566        0.0031166567080225249        0.0037226990464105797        0.0030874261698713712        -0.045356099062548921         0.015792449600017577        0.0072949727081831478        0.0020610539281367968           -2.818804878933479         -0.51245195913343933         -0.41324754675811837          0.66940577937248558          -2.3131399573480218           4.1742937954088095          -0.1729423756666382           1.8945383424737317           -5.428009328565798          -2.1176470980295901       -0.0079776296299499498        0.0037211276252370196          -4.2802684896631265           1.5115804435062632          -36.875589013032929           -1.181245024407592          -6.4012452967885531           3.0623742512724634
-0.0032188004006386689       -0.0019320311943445412        -0.019081252322842031          -1.3100312492877446          -0.8417916997952235          -2.0929397726845105           -1.677180824271963          -6.4046334946658794          -9.9530526640560488          -7.7697254163969465          -11.833124740673433          -7.9448065235185785          -19.504822376405041           1.6396287283462145           85.651333482002997          -1.7705016641516145          -2.1942534430919256      -0.00087332758445698988         0.002413746709207909        0.0029481968976536911        0.0023100794727053398        -0.035276800394670529         0.012038819590185434        0.0057135300872957172        0.0014626716078218055             6.85457404640142           -4.769343113458941         -0.27285587202607509          0.47377352606812295           2.6076189739737581           2.0606369165887872           2.8205778770599195          0.31372136612281715           7.5153805482967835          -8.6365581966146987       -0.0062167675149894675        0.0028868181742494059           4.6735111440002308          -2.1901399878143031           5.2193044814673355          -23.235319538110613          -2.9185189142037737           1.1445056081746781
-7.0326244365354236e-05      -4.1774366814358033e-05      -0.00041565758163319299         -0.22047157047420587         0.095505163551938152          -1.4536298521294089          0.42976533544393913           -6.582609231505276          0.90659639733515041          -7.0076371039703398          -1.3081548268127425          -4.0380403708097896         -0.53171873845223816          -2.7904092739362976          -1.7705016641516143           21.961706807572231          -5.7043784236622486      -1.9613090788720214e-05       5.3364197180785777e-05       6.3023938499140539e-05       5.3805792500536201e-05      -0.00077477491832696893        0.0002726679741180231       0.00012429155442097127       3.6861206556461183e-05           1.0895385393034807            1.183408560669303       -0.0071164504110828907         0.012495413898094471         0.016519324045628257          0.65564292268153679          0.23008282145411058          0.57764488115124879           1.2420074289852767            1.179651135733035      -0.00013614120636023982       6.3653884116859905e-05          0.25662857244542181           1.1463247211671377          -2.1628740701306235           2.4047245346799522         -0.10188455401307273          0.13370344485162344
-6.5398784363397542e-06      -3.9123641590807241e-06      -3.8731693949295914e-05       -0.0087317213724301124       -0.0014911511375528506         -0.40573832837027229         -0.47727662961163392          -1.1869462494547949          -2.5337808582813008         -0.56805198740420304          -3.2978353689351598           0.3887403403473742          -2.6209282240460241          0.29588995639102056          -2.1942534430919496           -5.704378423662245            17.24891805158078      -1.7905456501971802e-06       4.9226492026362883e-06       5.9465093679383248e-06         4.79221528642377e-06      -7.1796475117594222e-05       2.4743134365343264e-05       1.1585147695828961e-05        3.115988409898226e-06          0.94148824764687189         -0.61363973982597464      -0.00061709867253366771       0.00099722380159635656          0.21155367110149104        -0.018505492442313073          0.31827918376885095        -0.067475991456606682           1.7030306929730097          -1.3812494393422732      -1.2640483222868458e-05       5.8825926389712859e-06           1.0174469425714718         -0.55660954195184942            2.991501687911351          -3.5184656106341823        -0.011007747532738362        0.0014883887638461111
-2.2662017573037283          0.90219492110016053           10.670002359407087       -1.189061264132566e-07       8.9199187329816465e-08      -1.0156717646118626e-06       5.2795209506094343e-07      -9.1517937995840015e-06       4.4649527716489334e-06      -0.00016805551878120231      -2.9522535121718346e-05       -0.0012002164528871341      -0.00066529391396273618       -0.0011396174027608341      -0.00087332758446923573      -1.9613090787790402e-05      -1.7905456514251883e-06           11.785432150418879          -2.7124236661531564         -0.29221102917952851          0.12625888895737136          -1.2881543366955648        -0.097957604840634621         -0.20760768937399593         0.043340521301696147           -1.409051387292648          0.46972652389904124          -0.6915255182133262        0.0021849655321060299          -1.8034859855752094          0.23185247383095167           -1.194419169696934          0.32018558112763151          -1.7633971659191907          0.66824667161633333         -0.50818646389534283         -0.11495855474333216      -7.5719944407934151e-05      -1.8221148543213009e-05         -0.19719300111540475          0.05312439224393762          -0.1613849540428231           0.1098074451853521
1.8883628614645249         -0.99190373013263888           29.368440226204971       3.2304993202345814e-07      -2.4220582967027227e-07       2.7590932908888675e-06      -1.4336723371533022e-06       2.4890329230399522e-05      -1.2105259686923109e-05       0.00045768273847283936        8.114339408445484e-05        0.0032812921874702458        0.0018480310638297887        0.0031166567080218631        0.0024137467092139602        5.336419717917075e-05       4.9226492025110629e-06          -2.7124236661531596           7.9708731652186744         -0.22630251329048634         -0.36249575880835883           1.6251453967253446            -2.29954965615075         -0.25640867878312423         -0.17921837427938073         -0.73000822499637741          0.21202245052288382          0.48790339389625342          -1.1321746574454377         -0.23617172686059382          -1.9841358380226248         -0.72817034013187976         -0.94134014271244826          -0.3906704936451274          0.68318685760288433           0.5929417147589362         -0.96363964012875414       0.00017298530363167586       0.00024585775169481613          0.32654916112945515           0.2015083067790075          0.35214266399416277         -0.21771150559497932
-0.067077371800996141           1.1205011122571957           8.9240464786189992       3.8028548686177096e-07      -2.8476529664173134e-07       3.2470575407783262e-06      -1.6858654886841608e-06       2.9368984989467046e-05      -1.4183692597796033e-05       0.00054165245905651686       9.7964605743600108e-05        0.0039163184361098915          0.00228123029802725        0.0037226990463997156         0.002948196897619632       6.3023938501696438e-05       5.9465093706814851e-06         -0.29221102917953351         -0.22630251329048817           16.198643894729067          -4.8417315561461542         -0.20994843940421767          -1.7120409405149404         -0.41180203184961706         0.066037254280839619           -3.600818928857707           2.7096940113134749         -0.81540767273833537          -1.2456223576273968          -3.6301808085639231         -0.46404324197490726          -3.2655445789538788          0.59520914996779084          -3.9195969178093106           4.0680160438284041          -0.1687492491909599          -1.1648921567083426       0.00013217824707338581       0.00080350657514669313        -0.063048753518545983           1.0584895022305338          0.23733243160683903         0.030566644774901848
0.7180778940989937          -1.4624045630453857           2.1753116313953726       3.2732461306521354e-07      -2.4586581466590207e-07       2.7967261331061227e-06      -1.4549833836779991e-06       2.5130960930513924e-05      -1.2350952010131699e-05       0.00046002228271495305       7.9068066325793662e-05        0.0032551510933278224        0.0017369152208655536        0.0030874261698701721        0.0023100794727177187       5.3805792495722343e-05       4.7922152882611674e-06          0.12625888895737081         -0.36249575880835821           -4.841731556146164            23.95034231818007           1.5559285821074471          -4.1781171473252616        -0.042998520155334938         -0.31638723994607021         -0.32741945459273986          -2.5639236841663218            0.730508304175574          -2.0817245437296541          0.57778189739056063          -4.3970584775695896        -0.030986238623018227          -2.9484210432977997         0.037249555372193668          -2.7482042841798702          0.55948398507169006          -1.4774078548687923       0.00021369471991855311      -0.00041586650715024626          0.52966240005164922         -0.53905290230227831          0.40108540299983891          -0.8788443374095749
-16.205531635852424          -3.1406283448435239          -64.869219716453955      -4.6871867193294149e-06       3.5133376257018289e-06      -4.0030012398661885e-05       2.0796932138661406e-05      -0.00036130731653032794        0.0001754741381677638       -0.0066476880233967972       -0.0011833236072808229        -0.047742039011111209         -0.02707065832489608        -0.045356099062522089        -0.035276800394666567      -0.00077477491833100737      -7.1796475119519088e-05          -1.2881543366955446           1.6251453967253444         -0.20994843940422642            1.555928582107458           79.267529577825769           8.1246253751999404          0.36849853931408916          0.23111434839826747          -6.4304271372372472          -8.1706744977126196          -9.7413395070864386           5.2487057524722065          -11.708109904303758           4.9566654953078348          -3.3812815433707128          0.96311429833493545          -11.938936190853846          -12.116738080307089          -8.3694436780076806           3.1859984562283166        -0.002520247573892501       -0.0048386325754000703          -4.9477165060985646          -3.8494400534621751          -5.3116851341723645           1.4544044298085623
3.7253321463012248           -8.369878868510563           72.013587147761299        1.654477097348412e-06      -1.2415286439471096e-06       1.4133187718843448e-05       -7.348049998967543e-06        0.0001272617472395654      -6.2200828791048046e-05        0.0023350964398707319        0.0004080386006407033         0.016638249457460272        0.0091407761296371515         0.015792449599995033         0.012038819590238191       0.00027266797412028865       2.4743134363892222e-05         -0.09795760484065319          -2.2995496561507447          -1.7120409405149586          -4.1781171473252599           8.1246253751999493           71.058310288214486         -0.80968634373695025          -1.1747844180703395          -5.5464769875554385           -5.643940904279475           1.7883039389773228          -8.5605443884911772          -2.4043708110828415          -16.538063550055707          -4.1768482307224382          -9.8467572153988776          -4.5050011260318872          -4.5457434901576566           1.8983398792603874          -6.5046322766822389       0.00094176731258402077      -0.00033315908201098088           1.8939702895214512         -0.53399440345161231           1.7856845846690546          -2.8835052357300843
0.12073025530008394          0.49799968803623562           5.8399729361804367       7.5130433849451665e-07      -5.6297104715496982e-07       6.4159293743093482e-06       -3.332602235076032e-06       5.7948328505703917e-05      -2.8093075229440601e-05        0.0010670066557855185       0.00019092063321764219        0.0076788920809429256        0.0043946627855123155        0.0072949727081929733        0.0057135300873031418       0.00012429155441987666        1.158514769373847e-05         -0.20760768937399804         -0.25640867878312212         -0.41180203184962305        -0.042998520155338067          0.36849853931408139         -0.80968634373694282           5.8718357802187899          -1.5005318518681718          -1.5013578232459628             1.14768252634267         -0.17333914507564457         -0.95594852270276587          -1.3078867453379346         -0.58892052036043863          -1.3676634405303449         0.029321956510971747           -1.535055379413097           1.8063753684691881          0.11496888896676374         -0.34769234530389481       0.00024208394321706406        0.0010311967577491324         -0.31844069091365057           1.7719468376558893          0.33064596013680719         -0.76244625296820201
0.13539019752801282         -0.76310403904743218        -0.084603259068010986       2.2580646022473706e-07      -1.7005379186751934e-07       1.9304267399947173e-06       -1.006000858588818e-06       1.7250521650101491e-05      -8.6034366822418384e-06       0.00031373795611902566       5.1488076045436149e-05        0.0021778893279137679        0.0010668414965264161        0.0020610539281383788        0.0014626716078200847       3.6861206555674486e-05       3.1159884093029042e-06         0.043340521301697438         -0.17921837427938025         0.066037254280844976         -0.31638723994607532          0.23111434839827211          -1.1747844180703184          -1.5005318518681716           10.984551300445453        -0.098731963936432798          -1.1732328923719888          0.18768714757539451          -0.7797212138999946          0.18844674489753815          -1.5417121792486994         0.052133932528405036          -1.1104859924854398        -0.035945178003004688          -1.3465242237627328         0.052796727330117518         -0.27158932909501449       0.00016518441415267447      -0.00093354046190018136          0.42083136041425317         -0.97883465193495778          0.25265627876302765          -1.3505965628070749
-6.0625024662156388           1.2118669316632609           48.135943240669519          0.24780811040980233         -0.24315832215967859           1.6857435648854231          0.12581551293602899         -0.52612328648929685          -1.5351735908138311           2.0937807608970163           5.5348868195915593          -2.7311400407819733           5.0766697852348752          -2.8188048789336411            6.854574046401579            1.089538539303494          0.94148824764682315          -1.4090513872926282         -0.73000822499637152          -3.6008189288578376          -0.3274194545927136          -6.4304271372373289          -5.5464769875554296           -1.501357823245941        -0.098731963936441236           152.83414049460592           14.002308103116064          -6.5242742249822037          -6.7146854712241613           -20.67624255249779          -8.9806438857105704          -17.477749874170662          -3.4128453080954086          -32.604977438253265           4.8369488649680124           -2.617588136032071          -2.6499747097103592          -7.2890848806617132          -3.0372801326128025          -36.010432106815898           14.491037381290724          -7.1362442587616801          -16.081586044988644
-4.2655337467412524          -12.584217902545484          -55.359104428867134          -0.1188000161906803          -1.0547765252892327          0.88963553217157731          -1.4717155443580525         -0.12476675860973785          -9.8144260754379129           3.5321017359641438          -4.4442342440848375         0.082441262999401022          -11.593450174972343         -0.51245195913348995          -4.7693431134588895           1.1834085606692932          -0.6136397398259732          0.46972652389903424          0.21202245052288049            2.709694011313482          -2.5639236841663431          -8.1706744977126284          -5.6439409042796118           1.1476825263426766          -1.1732328923719735           14.002308103116302           218.84776954165036          -2.5981091695693652         -0.65892898129808009           3.4053088416716619          -15.067118969151295           6.1061135457363012          -15.056211328486404          -2.1612657485506555          -41.755950817212842          -2.9686230274426566        -0.057895227498623747         -0.89905164122611969          -7.5786322630081377          -2.2205633978524424          -57.680709138750146          -9.4627175512250972          -21.373670778541616
-3.4235115973619465         -0.46632877587717037          -11.701674476566016      -4.3438398143915216e-05        3.266900638454473e-05      -0.00037124695499873676       0.00019329691180935971       -0.0033271079063692394        0.0016467359611153087        -0.060715469724769128        -0.010161409350319839          -0.4289206818801003         -0.20949848421321809         -0.41324754675818892         -0.27285587202610562       -0.0071164504110814431      -0.00061709867253122684         -0.69152551821333275           0.4879033938962497         -0.81540767273834103          0.73050830417557377          -9.7413395070864865           1.7883039389773037         -0.17333914507563658          0.18768714757539182          -6.5242742249817489          -2.5981091695692426           84.637413110288676          -4.8709240966485545          -9.5377736828386066           3.4205752520640793          -4.4330177799250041           1.5231297832162045          -10.401418794809354          -4.1509640525613305          -3.1899495119020886          0.78229130418226678         -0.56490789019327159         0.097271117922740555          -19.702409553955334           1.8281250999530583          -14.524729434027407           1.7316024918280137
1.7041623615215598          -0.7621888880490264           13.214086349288774       7.7108222275853316e-05      -5.8228421959460874e-05       0.00065959235741297473      -0.00034434393883442382        0.0058597794505602652        -0.002967687420991183          0.10583952862752133         0.016533945085887236          0.71628881066975936          0.32591272816186212          0.66940577937251722          0.47377352606808559          0.01249541389809472       0.00099722380158324964        0.0021849655321131145          -1.1321746574454643          -1.2456223576273802          -2.0817245437296794           5.2487057524721692          -8.5605443884913104         -0.95594852270276331         -0.77972121389998728          -6.7146854712242074         -0.65892898129804944          -4.8709240966485154           53.499151630282157          -2.3502596507114881          -13.710452340319144          -5.4355484469944848          -7.4096528211947303          -5.4837378837035349           2.2151605019882128           1.5452409967118863          -2.8681327306654589         -0.46345683951250982         -0.56805329787189862           7.8626268587162293           4.0258017096744396           9.6465179879090996           -22.02205140252833
-10.518295396712819           1.8281548017225111           41.152473221944724       0.00024022388518866403      -0.00030916622185667153        0.0023784560765057472       -0.0017194819574321007        -0.006074962514729082        -0.031775775451160504         -0.31861733873892384          0.99985921766802421          -2.3655155859764521           2.4792820668868347          -2.3131399573481257           2.6076189739736022         0.016519324045622535          0.21155367110145828           -1.803485985575255         -0.23617172686058341          -3.6301808085638863          0.57778189739054586          -11.708109904303939          -2.4043708110829654          -1.3078867453379606          0.18844674489753122          -20.676242552497818           3.4053088416716095          -9.5377736828384325          -2.3502596507115818           162.13001132080257          -24.772122273198395          -16.127429329400478            1.039144918437731          -27.264366993847563           5.9695788344512195          -4.5788037954924485          -1.5617586801485337          -4.0987870202533205        -0.080255213743601117           -32.35576995313464           18.019649624019561           -13.53885335394517           -5.885908161566725
2.8596673994279209          -10.994719962451727           46.509984004418868        0.0050255613074579666       -0.0040815752598695187         0.043697995340896245        -0.023914724318803149          0.32613841908160102         -0.24703836797412393           3.7271353498203199         -0.10325771606533252           5.7126499372903181          -1.2263297056928764           4.1742937954088175           2.0606369165887459          0.65564292268155211        -0.018505492442316446          0.23185247383095309          -1.9841358380225955         -0.46404324197483104          -4.3970584775696464           4.9566654953078206          -16.538063550055369         -0.58892052036043885          -1.5417121792486783          -8.9806438857107072          -15.067118969151259           3.4205752520641974          -13.710452340319373          -24.772122273198597            166.2447184343728          -4.9746362088366034          -18.678904273103139            -8.73619471990569          -15.752594906636844           1.4693973601504977          -5.5426202895244838          -2.1327548032491661          -6.0400514597840029            13.39653598511854          -20.431698625579997           9.6627385561215178          -35.979684538550245
-4.0347249571178887           2.6705177528790163           53.355385615705011        0.0081895944269435444        -0.012250017271926927          0.10553874815535218        -0.041341736468140433          0.12172848271887166         -0.30403644604438673          0.52366843111458128           1.0981974348200656         -0.10951696645237441           2.7339761520939065         -0.17294237566666643           2.8205778770599457          0.23008282145413733          0.31827918376882436          -1.1944191696969533         -0.72817034013183513          -3.2655445789537763        -0.030986238623050721          -3.3812815433708314          -4.1768482307224044          -1.3676634405303558         0.052133932528421717          -17.477749874170659           6.1061135457362603          -4.4330177799250894          -5.4355484469945043          -16.127429329400606           -4.974636208836503            97.94384408706938          -16.888798812204715          -20.364259830964038           10.341962501765254          -1.4718630337495566          -2.3826549113958491          -3.3552164802528464          -0.4889676834786405          -18.325951453977154           19.064794981304686          -3.8544132958232513          -9.6735332616604897
0.76094611980097371           -8.832010092084067           5.8190455411773279         0.024963848032146033        -0.025012298703866565          0.22529598240409207         -0.14762842918491614           0.6349435433907985          -1.1927474908434847            2.158955938655418         -0.38199744148947934           2.7079369761204286          -2.0513971026833691           1.8945383424737603          0.31372136612282764          0.57764488115123391        -0.067475991456596052          0.32018558112762618         -0.94134014271242528          0.59520914996777086          -2.9484210432977225          0.96311429833487394          -9.8467572153991174         0.029321956510989178          -1.1104859924854382          -3.4128453080954202           -15.05621132848619           1.5231297832161972          -7.4096528211948334           1.0391449184380752          -18.678904273103452          -16.888798812204616           140.39465015215814          -3.5619340968634594          -17.498601234171598          0.18098944140312129          -2.7626166371956833          -1.0438189238167839           -4.130301168738022           7.9150388363569402          -22.653424703259276           3.3264646266880313          -24.831906151776476
-9.3644216355559404          0.75816036795517139           34.904082489577405         0.043410904986485158         -0.19415456405977283           1.4247821367054532        -0.027580999743376688          -0.9948601105274758          -3.1573323417874581           1.4533867065263626           6.4817515660296365          -6.4295864163451046           4.8998544068027838          -5.4280093285656159           7.5153805482967879           1.2420074289852781           1.7030306929730392          -1.7633971659191348         -0.39067049364513728           -3.919596917809451         0.037249555372238952          -11.938936190853548           -4.505001126031714          -1.5350553794130843        -0.035945178002968259           -32.60497743825475          -2.1612657485505355          -10.401418794809642          -5.4837378837034763          -27.264366993847627          -8.7361947199063827          -20.364259830964205          -3.5619340968630393           216.55269665584743           21.343961799971765          -4.5665964273333373          -2.0572161966283566           -9.975291052920582          -4.3134556703006721          -55.172947167080338           11.339145002038165           -15.04010077886945          -17.557889840151443
-6.0589130628352157          -15.402275471874773          -84.471185202423598          0.10885806974652829         -0.19666730771088559          0.70975545305266741          -1.4903147613018284         -0.79473109105090745          -9.8218730765784095           3.0943705736959783           -7.361865877224405          -1.8485684064516861           -17.82243482673411          -2.1176470980296256          -8.6365581966148479           1.1796511357330324          -1.3812494393422781          0.66824667161633178          0.68318685760291942           4.0680160438284121          -2.7482042841799652          -12.116738080307085          -4.5457434901573812           1.8063753684691921          -1.3465242237627417           4.8369488649681394          -41.755950817213098          -4.1509640525614042           2.2151605019882359           5.9695788344510206          -15.752594906636777           10.341962501765217          -17.498601234172035           21.343961799971652           262.17763881769679           -4.289123959914078           1.0439233827450316         -0.59660001225030745          -10.192882208740697          -5.5915239970694621          -81.125924441474496          -15.801183316683439           -22.27694223066122
-7.7902458780794985          -1.5397076051122047          -27.620235473032924       -8.233887299489756e-07       6.1711556694106495e-07      -7.0318307317709244e-06       3.6530189923798806e-06       -6.348289343676046e-05       3.0812894477746933e-05       -0.0011683205359083043      -0.00020832553158840403       -0.0083967129611305525       -0.0047750512218309657       -0.0079776296299455002       -0.0062167675149734274      -0.00013614120636291655      -1.2640483220335234e-05         -0.50818646389533462          0.59294171475893132         -0.16874924919095366          0.55948398507169006          -8.3694436780076344           1.8983398792603783          0.11496888896677056         0.052796727330114319           -2.617588136031967          -2.9686230274426419          -3.1899495119021219           1.5452409967119076          -4.5788037954924574           1.4693973601504859          -1.4718630337494585          0.18098944140312323          -4.5665964273334296          -4.2891239599140514            34.86411502073404           3.1360350532092545      -0.00043072320696255976      -0.00094540509760548085         -0.79496216141274656         -0.82121516756351221         -0.90451343861069611          0.19556414874206893
2.3402667535292863          -2.1289241226520375           48.216302153622486       3.8523972500445892e-07      -2.8880384257690128e-07       3.2901709706269558e-06      -1.7095189714551318e-06       2.9687504364738805e-05      -1.4430244503177425e-05       0.00054602421950511806       9.6961943664757022e-05        0.0039173612675922004        0.0022122680989000443        0.0037211276252462912        0.0028868181742745963       6.3653884119618115e-05        5.882592636199252e-06         -0.11495855474332332         -0.96363964012875591           -1.164892156708363          -1.4774078548687863           3.1859984562282895          -6.5046322766821847         -0.34769234530388432         -0.27158932909501937          -2.6499747097103774        -0.057895227498717616          0.78229130418226944          -2.8681327306654336          -1.5617586801485717          -5.5426202895243142          -2.3826549113957181          -2.7626166371957277          -2.0572161966282456            1.043923382744979           3.1360350532092403           21.460791103382867        0.0002069278619988102       0.00033511091239843589          0.39843542609905164           0.2690554804540175          0.42763150936673583         -0.20183080531240188
-0.00021902136915943893      -0.00012157407067459047       -0.0012699519510253002        -0.041721954102516154          -0.2530730395494567           1.1451775510384559          0.32927772742368888          -1.8636511671763398         -0.82072140626879231         -0.72534861483770718           3.6010674710233337          -2.8618863209592447           2.1182343685358989          -4.2802684896630447           4.6735111440002548          0.25662857244542492           1.0174469425714632      -7.5719944403862538e-05       0.00017298530362208631       0.00013217824708773585       0.00021369471992194189       -0.0025202475738602681       0.00094176731261474966       0.00024208394320953536       0.00016518441416360496          -7.2890848806617488         -0.89905164122611092         -0.56490789019321419         -0.46345683951246963          -4.0987870202530923          -2.1327548032492079          -3.3552164802526505          -1.0438189238167572          -9.9752910529207863         -0.59660001225039005      -0.00043072320699787635       0.00020692786201381708           62.637758667718913          -3.7975502672071135          -24.311526440854347           3.2727532328425917          -3.4491201854531228          -3.0531298181534425
-0.00052788841651840723      -0.00042059201178457073       -0.0034232810863507428          0.21747202196788498         -0.56994987130922814           1.2816094700332317          -1.5861608874920783          0.58791102789934824           -7.625810395657215           4.2858965899996111          -2.5792130785453269            2.828428097182031          -6.2394986847030784           1.5115804435062576          -2.1901399878142946           1.1463247211671259         -0.55660954195184842      -1.8221148547659105e-05       0.00024585775168883828       0.00080350657514083323      -0.00041586650715896845       -0.0048386325753796422      -0.00033315908193065624        0.0010311967577472242      -0.00093354046190141649          -3.0372801326127656          -7.5786322630080871         0.097271117922741027         -0.56805329787192216        -0.080255213743630316          -6.0400514597838377         -0.48896768347868941          -4.1303011687380149          -4.3134556703008249          -10.192882208740651      -0.00094540509759654355       0.00033511091239235569          -3.7975502672071197           86.628801851635188         -0.11770024748838848          -25.327476279482521         -0.24673264707090148          -8.6433839102404235
-0.39071333708580847         -0.18434139494372381          -2.1712019163345841         -0.66737980487792192         -0.62318780644657801           1.1817237797107001          0.57733550157755298          -15.260744061435535          -6.0619224701638563          -19.803848426552694           10.346320174810151          -45.605811421665244            4.038801106093441          -36.875589013033299           5.2193044814679634          -2.1628740701306315           2.9915016879113718         -0.19719300111534488          0.32654916112940313        -0.063048753518674006          0.52966240005165921          -4.9477165060989829           1.8939702895209325         -0.31844069091368571          0.42083136041424385          -36.010432106816928          -2.2205633978523558          -19.702409553955146              7.8626268587162          -32.355769953135798           13.396535985119243          -18.325951453977023           7.9150388363567465          -55.172947167078398          -5.5915239970691273         -0.79496216141251508          0.39843542609900506          -24.311526440854692         -0.11770024748855268           409.80047426762764          -56.085548918418809          -84.705754735144041           20.300609683035582
-0.4751311618474432          -0.4148650286395501          -3.1863775981457123          0.10176828184281672           -1.070068069182661           1.3982331212301871          -4.1137214645094993          -3.1673001869941535          -27.192709401180245           7.0545163777139654          -18.385939018559334          0.16552688232816415          -43.546332844008305          -1.1812450244077943          -23.235319538110804           2.4047245346799664          -3.5184656106341605         0.053124392243885765           0.2015083067790755            1.058489502230507          -0.5390529023023003           -3.849440053462386         -0.53399440345168081           1.7719468376558853         -0.97883465193497532           14.491037381291171          -57.680709138750061           1.8281250999533269           4.0258017096740524           18.019649624019348          -20.431698625580552           19.064794981304559          -22.653424703259031           11.339145002037995          -81.125924441475163         -0.82121516756349577           0.2690554804541172           3.2727532328423568           -25.32747627948266          -56.085548918417352            414.1435534020078          -15.150559923410491          -72.356413413913288
-0.46060614702291525         -0.25867209944635761          -2.6787076074400051      -0.00059879244679664212       0.00044370850779040794       -0.0051012066858926175        0.0026304912271630787        -0.047155509828478603         0.021456224993177564         -0.89117410581172729         -0.17308941304828052          -7.7553363825544714          -2.5502806053097773          -6.4012452967885842          -2.9185189142036809          -0.1018845540130362        -0.011007747532762457         -0.16138495404280162          0.35214266399418825           0.2373324316068306          0.40108540299985562          -5.3116851341721345           1.7856845846690588          0.33064596013680181          0.25265627876301988          -7.1362442587611801          -9.4627175512250421          -14.524729434027599           9.6465179879090748          -13.538853353945346            9.662738556121484          -3.8544132958229578           3.3264646266879558           -15.04010077886956          -15.801183316683307         -0.90451343861077071          0.42763150936672112          -3.4491201854531135         -0.24673264707091525          -84.705754735143216          -15.150559923410102           163.72285432351941           20.690748202845814
0.067814804391085559        -0.054361943079328512          0.13475704541484035       0.00091303558315852795      -0.00071408769270142614        0.0078709860329502224        -0.004203906680309899         0.064588259638313161        -0.039762925945666439            1.052209726648595         0.034948035589415838           4.1103501321651814          -1.7715775776141811           3.0623742512725691           1.1445056081746392          0.13370344485161567         0.001488388763840609          0.10980744518539076         -0.21771150559499119         0.030566644774788543          -0.8788443374094328           1.4544044298085872          -2.8835052357300626         -0.76244625296818302          -1.3505965628070777          -16.081586044988843          -21.373670778541523           1.7316024918279931          -22.022051402528071          -5.8859081615666833          -35.979684538550231          -9.6735332616602783          -24.831906151777211          -17.557889840151418          -22.276942230661732          0.19556414874209954         -0.20183080531245423          -3.0531298181532103          -8.6433839102402601           20.300609683035283          -72.356413413914211            20.69074820284591           213.71032619647247
