5851
6
5852          0.98122799999999999
5852        0.0077800500000000002
5852       -0.0057501399999999999
6257                     -1.02701
6257           3.0098199999999999
6257          -1.5748899999999999
50                            0                            0                            0                            0                            0
0                           50                            0                            0                            0                            0
0                            0                          100                            0                            0                            0
0                            0                            0                           50                            0                            0
0                            0                            0                            0                           50                            0
0                            0                            0                            0                            0                          100
