3050
9
3051                      1.01308
3051                   -0.0173857
3051        0.0059357899999999998
8521         -0.98250700000000002
8521                    0.0136563
8521           3.1322100000000002
9881        -0.012212000000000001
9881           1.0150300000000001
9881                      1.58378
50                            0                            0                            0                            0                            0                            0                            0                            0
0                           50                            0                            0                            0                            0                            0                            0                            0
0                            0                          100                            0                            0                            0                            0                            0                            0
0                            0                            0                           50                            0                            0                            0                            0                            0
0                            0                            0                            0                           50                            0                            0                            0                            0
0                            0                            0                            0                            0                          100                            0                            0                            0
0                            0                            0                            0                            0                            0                           50                            0                            0
0                            0                            0                            0                            0                            0                            0                           50                            0
0                            0                            0                            0                            0                            0                            0                            0                          100
