724
6
725           1.0091600000000001
725       -0.0048632299999999996
725        0.0056239200000000001
777          0.99826400000000004
777                      1.99695
777           1.5735600000000001
50                            0                            0                            0                            0                            0
0                           50                            0                            0                            0                            0
0                            0                          100                            0                            0                            0
0                            0                            0                           50                            0                            0
0                            0                            0                            0                           50                            0
0                            0                            0                            0                            0                          100
