5069
12
5070                      1.00485
5070      -0.00092305399999999998
5070       -0.0070913399999999998
6401           1.9885900000000001
6401        0.0051947900000000003
6401        0.0030139899999999998
8150          0.98439699999999997
8150                    -0.012381
8150                    0.0100004
8422         -0.99548099999999995
8422         0.038105199999999999
8422          -3.1400600000000001
50                            0                            0                            0                            0                            0                            0                            0                            0                            0                            0                            0
0                           50                            0                            0                            0                            0                            0                            0                            0                            0                            0                            0
0                            0                          100                            0                            0                            0                            0                            0                            0                            0                            0                            0
0                            0                            0                           50                            0                            0                            0                            0                            0                            0                            0                            0
0                            0                            0                            0                           50                            0                            0                            0                            0                            0                            0                            0
0                            0                            0                            0                            0                          100                            0                            0                            0                            0                            0                            0
0                            0                            0                            0                            0                            0                           50                            0                            0                            0                            0                            0
0                            0                            0                            0                            0                            0                            0                           50                            0                            0                            0                            0
0                            0                            0                            0                            0                            0                            0                            0                          100                            0                            0                            0
0                            0                            0                            0                            0                            0                            0                            0                            0                           50                            0                            0
0                            0                            0                            0                            0                            0                            0                            0                            0                            0                           50                            0
0                            0                            0                            0                            0                            0                            0                            0                            0                            0                            0                          100
