200
9
201           1.0198100000000001
201        0.0089304699999999994
201       0.00048555000000000001
3558           1.9874099999999999
3558        0.0069794799999999997
3558          -3.1258400000000002
9428                      1.99329
9428      -0.00069332300000000003
9428                      3.14073
50                            0                            0                            0                            0                            0                            0                            0                            0
0                           50                            0                            0                            0                            0                            0                            0                            0
0                            0                          100                            0                            0                            0                            0                            0                            0
0                            0                            0                           50                            0                            0                            0                            0                            0
0                            0                            0                            0                           50                            0                            0                            0                            0
0                            0                            0                            0                            0                          100                            0                            0                            0
0                            0                            0                            0                            0                            0                           50                            0                            0
0                            0                            0                            0                            0                            0                            0                           50                            0
0                            0                            0                            0                            0                            0                            0                            0                          100
