5819
6
5820           1.0211300000000001
5820         0.016421700000000001
5820                   -0.0107732
6568          0.99539999999999995
6568           2.0083099999999998
6568          -1.5720499999999999
50                            0                            0                            0                            0                            0
0                           50                            0                            0                            0                            0
0                            0                          100                            0                            0                            0
0                            0                            0                           50                            0                            0
0                            0                            0                            0                           50                            0
0                            0                            0                            0                            0                          100
