1485
6
1486                      1.00919
1486       -0.0031167899999999999
1486                  -0.00299257
5353                     -1.99871
5353        0.0021886499999999999
5353        0.0017122699999999999
50                            0                            0                            0                            0                            0
0                           50                            0                            0                            0                            0
0                            0                          100                            0                            0                            0
0                            0                            0                           50                            0                            0
0                            0                            0                            0                           50                            0
0                            0                            0                            0                            0                          100
