2014
9
2015           1.0123200000000001
2015       0.00084629699999999998
2015      -0.00079430500000000003
4757         -0.99111800000000005
4757       -0.0097711199999999995
4757          -3.1397900000000001
8432                     -1.98139
8432      -0.00058303100000000002
8432         0.013314400000000001
50                            0                            0                            0                            0                            0                            0                            0                            0
0                           50                            0                            0                            0                            0                            0                            0                            0
0                            0                          100                            0                            0                            0                            0                            0                            0
0                            0                            0                           50                            0                            0                            0                            0                            0
0                            0                            0                            0                           50                            0                            0                            0                            0
0                            0                            0                            0                            0                          100                            0                            0                            0
0                            0                            0                            0                            0                            0                           50                            0                            0
0                            0                            0                            0                            0                            0                            0                           50                            0
0                            0                            0                            0                            0                            0                            0                            0                          100
