4864
6
4865          0.97575000000000001
4865                    0.0178987
4865       -0.0082785399999999992
7276           1.0349600000000001
7276         -0.99974200000000002
7276          -1.5525599999999999
50                            0                            0                            0                            0                            0
0                           50                            0                            0                            0                            0
0                            0                          100                            0                            0                            0
0                            0                            0                           50                            0                            0
0                            0                            0                            0                           50                            0
0                            0                            0                            0                            0                          100
