2546
6
2547          0.98883299999999996
2547                    0.0150426
2547       -0.0034727500000000001
9136        0.0087187700000000007
9136       -0.0076982300000000004
9136       -0.0048873500000000004
50                            0                            0                            0                            0                            0
0                           50                            0                            0                            0                            0
0                            0                          100                            0                            0                            0
0                            0                            0                           50                            0                            0
0                            0                            0                            0                           50                            0
0                            0                            0                            0                            0                          100
