1948
6
1949          0.99043999999999999
1949         0.011812100000000001
1949       -0.0052140600000000004
6448                      1.98699
6448                     -1.97682
6448           1.5922799999999999
50                            0                            0                            0                            0                            0
0                           50                            0                            0                            0                            0
0                            0                          100                            0                            0                            0
0                            0                            0                           50                            0                            0
0                            0                            0                            0                           50                            0
0                            0                            0                            0                            0                          100
