1736
6
1737                      1.00224
1737        0.0040484900000000001
1737                     0.013726
4145                      -1.0079
4145       -0.0051745100000000002
4145                      -1.5802
50                            0                            0                            0                            0                            0
0                           50                            0                            0                            0                            0
0                            0                          100                            0                            0                            0
0                            0                            0                           50                            0                            0
0                            0                            0                            0                           50                            0
0                            0                            0                            0                            0                          100
