3660
6
3661           1.0166200000000001
3661                   -0.0136699
3661        -0.013628599999999999
8292       -0.0033062999999999999
8292                       1.9899
8292           1.5687500000000001
50                            0                            0                            0                            0                            0
0                           50                            0                            0                            0                            0
0                            0                          100                            0                            0                            0
0                            0                            0                           50                            0                            0
0                            0                            0                            0                           50                            0
0                            0                            0                            0                            0                          100
