1202
9
1203          0.99008099999999999
1203                   -0.0131614
1203       -0.0063254100000000001
3811          -1.9702200000000001
3811          0.98604800000000004
3811                       1.5805
6047          0.98176699999999995
6047         0.018831899999999999
6047           3.1225100000000001
50                            0                            0                            0                            0                            0                            0                            0                            0
0                           50                            0                            0                            0                            0                            0                            0                            0
0                            0                          100                            0                            0                            0                            0                            0                            0
0                            0                            0                           50                            0                            0                            0                            0                            0
0                            0                            0                            0                           50                            0                            0                            0                            0
0                            0                            0                            0                            0                          100                            0                            0                            0
0                            0                            0                            0                            0                            0                           50                            0                            0
0                            0                            0                            0                            0                            0                            0                           50                            0
0                            0                            0                            0                            0                            0                            0                            0                          100
