3074
6
3075          0.99336199999999997
3075        -0.022008199999999999
3075        0.0078453399999999993
3094           1.0028900000000001
3094                      1.00806
3094          -1.5826199999999999
50                            0                            0                            0                            0                            0
0                           50                            0                            0                            0                            0
0                            0                          100                            0                            0                            0
0                            0                            0                           50                            0                            0
0                            0                            0                            0                           50                            0
0                            0                            0                            0                            0                          100
