850
6
851           1.0076099999999999
851        -0.030414400000000001
851        0.0062999600000000003
6221         -0.99944200000000005
6221         0.019537800000000001
6221           3.1411899999999999
50                            0                            0                            0                            0                            0
0                           50                            0                            0                            0                            0
0                            0                          100                            0                            0                            0
0                            0                            0                           50                            0                            0
0                            0                            0                            0                           50                            0
0                            0                            0                            0                            0                          100
