3912
9
3913          0.96398099999999998
3913                   0.00854742
3913       -0.0038941000000000002
6751         -0.98064300000000004
6751                    0.0225051
6751                   0.00403171
6752        0.0078966599999999998
6752       -0.0044999200000000001
6752       0.00059525799999999999
50                            0                            0                            0                            0                            0                            0                            0                            0
0                           50                            0                            0                            0                            0                            0                            0                            0
0                            0                          100                            0                            0                            0                            0                            0                            0
0                            0                            0                           50                            0                            0                            0                            0                            0
0                            0                            0                            0                           50                            0                            0                            0                            0
0                            0                            0                            0                            0                          100                            0                            0                            0
0                            0                            0                            0                            0                            0                           50                            0                            0
0                            0                            0                            0                            0                            0                            0                           50                            0
0                            0                            0                            0                            0                            0                            0                            0                          100
