6520
12
6521          0.99590599999999996
6521       -0.0028016999999999999
6521       -0.0079224900000000008
6827        -0.010129300000000001
6827           3.0228299999999999
6827          -1.5684400000000001
6831        -0.019292400000000001
6831         -0.97586399999999995
6831                     -1.56941
7619         -0.98336400000000002
7619        -0.021001100000000002
7619                   -0.0109093
50                            0                            0                            0                            0                            0                            0                            0                            0                            0                            0                            0
0                           50                            0                            0                            0                            0                            0                            0                            0                            0                            0                            0
0                            0                          100                            0                            0                            0                            0                            0                            0                            0                            0                            0
0                            0                            0                           50                            0                            0                            0                            0                            0                            0                            0                            0
0                            0                            0                            0                           50                            0                            0                            0                            0                            0                            0                            0
0                            0                            0                            0                            0                          100                            0                            0                            0                            0                            0                            0
0                            0                            0                            0                            0                            0                           50                            0                            0                            0                            0                            0
0                            0                            0                            0                            0                            0                            0                           50                            0                            0                            0                            0
0                            0                            0                            0                            0                            0                            0                            0                          100                            0                            0                            0
0                            0                            0                            0                            0                            0                            0                            0                            0                           50                            0                            0
0                            0                            0                            0                            0                            0                            0                            0                            0                            0                           50                            0
0                            0                            0                            0                            0                            0                            0                            0                            0                            0                            0                          100
