2487
9
2488                      1.01999
2488       -0.0094136399999999992
2488       -0.0054456000000000001
3933                     -1.99335
3933           1.9810099999999999
3933          -1.5627800000000001
3934                     -1.99776
3934          0.98847499999999999
3934          -1.6017999999999999
50                            0                            0                            0                            0                            0                            0                            0                            0
0                           50                            0                            0                            0                            0                            0                            0                            0
0                            0                          100                            0                            0                            0                            0                            0                            0
0                            0                            0                           50                            0                            0                            0                            0                            0
0                            0                            0                            0                           50                            0                            0                            0                            0
0                            0                            0                            0                            0                          100                            0                            0                            0
0                            0                            0                            0                            0                            0                           50                            0                            0
0                            0                            0                            0                            0                            0                            0                           50                            0
0                            0                            0                            0                            0                            0                            0                            0                          100
