2935
9
2936       -0.0043516300000000004
2936           1.0063800000000001
2936                      1.55016
8977        0.0093334500000000001
8977           1.9679599999999999
8977                      1.58063
9736        0.0024871200000000002
9736         -0.97641900000000004
9736                     -1.56924
50                            0                            0                            0                            0                            0                            0                            0                            0
0                           50                            0                            0                            0                            0                            0                            0                            0
0                            0                          100                            0                            0                            0                            0                            0                            0
0                            0                            0                           50                            0                            0                            0                            0                            0
0                            0                            0                            0                           50                            0                            0                            0                            0
0                            0                            0                            0                            0                          100                            0                            0                            0
0                            0                            0                            0                            0                            0                           50                            0                            0
0                            0                            0                            0                            0                            0                            0                           50                            0
0                            0                            0                            0                            0                            0                            0                            0                          100
