5277
6
5278           1.0245599999999999
5278                   -0.0378806
5278                  -0.00444298
7604          -2.0019100000000001
7604          0.99341599999999997
7604          -1.5707199999999999
50                            0                            0                            0                            0                            0
0                           50                            0                            0                            0                            0
0                            0                          100                            0                            0                            0
0                            0                            0                           50                            0                            0
0                            0                            0                            0                           50                            0
0                            0                            0                            0                            0                          100
