1366
6
1367          0.99596700000000005
1367                   -0.0140695
1367        0.0062487599999999999
7368                      1.97509
7368        0.0084501300000000001
7368      -0.00051103100000000001
50                            0                            0                            0                            0                            0
0                           50                            0                            0                            0                            0
0                            0                          100                            0                            0                            0
0                            0                            0                           50                            0                            0
0                            0                            0                            0                           50                            0
0                            0                            0                            0                            0                          100
