1243
6
1244           1.0136400000000001
1244         0.040840300000000003
1244                   -0.0127575
3343                    0.0129944
3343        0.0064270899999999999
3343       -0.0024722799999999999
50                            0                            0                            0                            0                            0
0                           50                            0                            0                            0                            0
0                            0                          100                            0                            0                            0
0                            0                            0                           50                            0                            0
0                            0                            0                            0                           50                            0
0                            0                            0                            0                            0                          100
