6182
9
6183          0.99835200000000002
6183        -0.021504599999999999
6183        0.0057711699999999999
6267                     -1.95103
6267          -3.0249100000000002
6267           1.5608500000000001
6272                   -0.0180179
6272        0.0022937999999999999
6272       -0.0075100200000000001
50                            0                            0                            0                            0                            0                            0                            0                            0
0                           50                            0                            0                            0                            0                            0                            0                            0
0                            0                          100                            0                            0                            0                            0                            0                            0
0                            0                            0                           50                            0                            0                            0                            0                            0
0                            0                            0                            0                           50                            0                            0                            0                            0
0                            0                            0                            0                            0                          100                            0                            0                            0
0                            0                            0                            0                            0                            0                           50                            0                            0
0                            0                            0                            0                            0                            0                            0                           50                            0
0                            0                            0                            0                            0                            0                            0                            0                          100
