3726
6
3727                      1.00213
3727                    0.0144178
3727       -0.0022564199999999999
9725                     -1.02037
9725                    0.0101536
9725                     -1.56691
50                            0                            0                            0                            0                            0
0                           50                            0                            0                            0                            0
0                            0                          100                            0                            0                            0
0                            0                            0                           50                            0                            0
0                            0                            0                            0                           50                            0
0                            0                            0                            0                            0                          100
