6022
9
6023           1.0102500000000001
6023                   -0.0127197
6023       -0.0015798800000000001
9018          -1.9828399999999999
9018          -2.0101300000000002
9018                      1.57586
9443          -1.9883999999999999
9443          -2.9866100000000002
9443          -1.5771200000000001
50                            0                            0                            0                            0                            0                            0                            0                            0
0                           50                            0                            0                            0                            0                            0                            0                            0
0                            0                          100                            0                            0                            0                            0                            0                            0
0                            0                            0                           50                            0                            0                            0                            0                            0
0                            0                            0                            0                           50                            0                            0                            0                            0
0                            0                            0                            0                            0                          100                            0                            0                            0
0                            0                            0                            0                            0                            0                           50                            0                            0
0                            0                            0                            0                            0                            0                            0                           50                            0
0                            0                            0                            0                            0                            0                            0                            0                          100
