4751
9
4752          0.98727399999999998
4752         0.056030099999999999
4752        0.0097194099999999995
8130         -0.99132200000000004
8130       -0.0040818699999999996
8130           1.5917399999999999
8131                   -0.0181896
8131       -0.0065513999999999998
8131       -0.0079662299999999995
50                            0                            0                            0                            0                            0                            0                            0                            0
0                           50                            0                            0                            0                            0                            0                            0                            0
0                            0                          100                            0                            0                            0                            0                            0                            0
0                            0                            0                           50                            0                            0                            0                            0                            0
0                            0                            0                            0                           50                            0                            0                            0                            0
0                            0                            0                            0                            0                          100                            0                            0                            0
0                            0                            0                            0                            0                            0                           50                            0                            0
0                            0                            0                            0                            0                            0                            0                           50                            0
0                            0                            0                            0                            0                            0                            0                            0                          100
