3993
9
3994          0.97996499999999997
3994         0.012234699999999999
3994                   0.00716491
6186                      1.00529
6186       -0.0068385199999999998
6186          -3.1346599999999998
6188                    -0.978634
6188         0.050652000000000003
6188          -3.1410900000000002
50                            0                            0                            0                            0                            0                            0                            0                            0
0                           50                            0                            0                            0                            0                            0                            0                            0
0                            0                          100                            0                            0                            0                            0                            0                            0
0                            0                            0                           50                            0                            0                            0                            0                            0
0                            0                            0                            0                           50                            0                            0                            0                            0
0                            0                            0                            0                            0                          100                            0                            0                            0
0                            0                            0                            0                            0                            0                           50                            0                            0
0                            0                            0                            0                            0                            0                            0                           50                            0
0                            0                            0                            0                            0                            0                            0                            0                          100
