4358
9
4359           1.0025500000000001
4359        -0.017432400000000001
4359       0.00048058999999999998
7143         -0.99650700000000003
7143         0.018098199999999998
7143                     -3.13287
7444                     -1.98803
7444                   -0.0324944
7444           3.1398299999999999
50                            0                            0                            0                            0                            0                            0                            0                            0
0                           50                            0                            0                            0                            0                            0                            0                            0
0                            0                          100                            0                            0                            0                            0                            0                            0
0                            0                            0                           50                            0                            0                            0                            0                            0
0                            0                            0                            0                           50                            0                            0                            0                            0
0                            0                            0                            0                            0                          100                            0                            0                            0
0                            0                            0                            0                            0                            0                           50                            0                            0
0                            0                            0                            0                            0                            0                            0                           50                            0
0                            0                            0                            0                            0                            0                            0                            0                          100
