6591
6
6592          0.97051600000000005
6592         0.010395400000000001
6592                   0.00176673
8072          -1.0050699999999999
8072           2.0205799999999998
8072           1.5671299999999999
50                            0                            0                            0                            0                            0
0                           50                            0                            0                            0                            0
0                            0                          100                            0                            0                            0
0                            0                            0                           50                            0                            0
0                            0                            0                            0                           50                            0
0                            0                            0                            0                            0                          100
