3804
6
3805           1.0076799999999999
3805         0.022866000000000001
3805                   -0.0123518
6055           1.0239400000000001
6055         0.018505799999999999
6055           3.1403400000000001
50                            0                            0                            0                            0                            0
0                           50                            0                            0                            0                            0
0                            0                          100                            0                            0                            0
0                            0                            0                           50                            0                            0
0                            0                            0                            0                           50                            0
0                            0                            0                            0                            0                          100
