8210
6
8211       0.00068663600000000002
8211         -0.99756900000000004
8211                      -1.5847
8378        0.0078885199999999996
8378          -2.0551200000000001
8378                      1.57691
50                            0                            0                            0                            0                            0
0                           50                            0                            0                            0                            0
0                            0                          100                            0                            0                            0
0                            0                            0                           50                            0                            0
0                            0                            0                            0                           50                            0
0                            0                            0                            0                            0                          100
