7144
6
7145          0.99937200000000004
7145         0.024646100000000001
7145        0.0039238099999999998
7445          0.97860800000000003
7445        -0.037512900000000002
7445                   -0.0107861
50                            0                            0                            0                            0                            0
0                           50                            0                            0                            0                            0
0                            0                          100                            0                            0                            0
0                            0                            0                           50                            0                            0
0                            0                            0                            0                           50                            0
0                            0                            0                            0                            0                          100
