7637
9
7638          0.99567799999999995
7638                     0.010654
7638        0.0077369600000000002
9313        -0.031382100000000003
9313         0.028624799999999999
9313          -3.1358000000000001
9314         -0.96461200000000002
9314        -0.024851100000000001
9314           3.1404999999999998
50                            0                            0                            0                            0                            0                            0                            0                            0
0                           50                            0                            0                            0                            0                            0                            0                            0
0                            0                          100                            0                            0                            0                            0                            0                            0
0                            0                            0                           50                            0                            0                            0                            0                            0
0                            0                            0                            0                           50                            0                            0                            0                            0
0                            0                            0                            0                            0                          100                            0                            0                            0
0                            0                            0                            0                            0                            0                           50                            0                            0
0                            0                            0                            0                            0                            0                            0                           50                            0
0                            0                            0                            0                            0                            0                            0                            0                          100
