5711
6
5712          0.97115899999999999
5712        -0.033026600000000003
5712       -0.0078274999999999994
9302                     -1.01885
9302                      2.03999
9302                      1.56779
50                            0                            0                            0                            0                            0
0                           50                            0                            0                            0                            0
0                            0                          100                            0                            0                            0
0                            0                            0                           50                            0                            0
0                            0                            0                            0                           50                            0
0                            0                            0                            0                            0                          100
