6719
6
6720          0.98332699999999995
6720        0.0089103299999999993
6720                   -0.0146514
7318                     -1.01579
7318        -0.026601900000000001
7318        0.0063251399999999999
50                            0                            0                            0                            0                            0
0                           50                            0                            0                            0                            0
0                            0                          100                            0                            0                            0
0                            0                            0                           50                            0                            0
0                            0                            0                            0                           50                            0
0                            0                            0                            0                            0                          100
