3651
9
3652          0.98739100000000002
3652         0.017531600000000001
3652       -0.0059806599999999996
8972          -1.0151600000000001
8972          -2.0001500000000001
8972          -1.5925100000000001
9742                     -1.02427
9742                      2.01641
9742           1.5829599999999999
50                            0                            0                            0                            0                            0                            0                            0                            0
0                           50                            0                            0                            0                            0                            0                            0                            0
0                            0                          100                            0                            0                            0                            0                            0                            0
0                            0                            0                           50                            0                            0                            0                            0                            0
0                            0                            0                            0                           50                            0                            0                            0                            0
0                            0                            0                            0                            0                          100                            0                            0                            0
0                            0                            0                            0                            0                            0                           50                            0                            0
0                            0                            0                            0                            0                            0                            0                           50                            0
0                            0                            0                            0                            0                            0                            0                            0                          100
