2232
9
2233          0.97662599999999999
2233         0.033671899999999998
2233       0.00041833899999999999
3414                      2.00684
3414        -0.038670900000000001
3414       -0.0049929400000000004
9473          0.98583399999999999
9473      -0.00096575399999999998
9473                    0.0160953
50                            0                            0                            0                            0                            0                            0                            0                            0
0                           50                            0                            0                            0                            0                            0                            0                            0
0                            0                          100                            0                            0                            0                            0                            0                            0
0                            0                            0                           50                            0                            0                            0                            0                            0
0                            0                            0                            0                           50                            0                            0                            0                            0
0                            0                            0                            0                            0                          100                            0                            0                            0
0                            0                            0                            0                            0                            0                           50                            0                            0
0                            0                            0                            0                            0                            0                            0                           50                            0
0                            0                            0                            0                            0                            0                            0                            0                          100
