8057
6
8058           1.0061100000000001
8058                    0.0150595
8058                  -0.00810285
9245          -2.0225300000000002
9245        -0.039828799999999998
9245       0.00071911999999999996
50                            0                            0                            0                            0                            0
0                           50                            0                            0                            0                            0
0                            0                          100                            0                            0                            0
0                            0                            0                           50                            0                            0
0                            0                            0                            0                           50                            0
0                            0                            0                            0                            0                          100
