5758
9
5759                      1.04661
5759         0.028533599999999999
5759       0.00042548100000000001
9220                      2.03586
9220       -0.0099611100000000005
9220          -1.5772200000000001
9223           1.9924200000000001
9223          -2.9870299999999999
9223          -1.5539099999999999
50                            0                            0                            0                            0                            0                            0                            0                            0
0                           50                            0                            0                            0                            0                            0                            0                            0
0                            0                          100                            0                            0                            0                            0                            0                            0
0                            0                            0                           50                            0                            0                            0                            0                            0
0                            0                            0                            0                           50                            0                            0                            0                            0
0                            0                            0                            0                            0                          100                            0                            0                            0
0                            0                            0                            0                            0                            0                           50                            0                            0
0                            0                            0                            0                            0                            0                            0                           50                            0
0                            0                            0                            0                            0                            0                            0                            0                          100
