5559
6
5560                       1.0043
5560        -0.014615700000000001
5560       -0.0061053599999999998
7577          0.99331899999999995
7577          -2.9933999999999998
7577                      1.57161
50                            0                            0                            0                            0                            0
0                           50                            0                            0                            0                            0
0                            0                          100                            0                            0                            0
0                            0                            0                           50                            0                            0
0                            0                            0                            0                           50                            0
0                            0                            0                            0                            0                          100
