6327
6
6328          0.98711899999999997
6328        0.0044133799999999997
6328         0.020631799999999999
8611                      1.98108
8611         0.016138799999999998
8611          -3.1386599999999998
50                            0                            0                            0                            0                            0
0                           50                            0                            0                            0                            0
0                            0                          100                            0                            0                            0
0                            0                            0                           50                            0                            0
0                            0                            0                            0                           50                            0
0                            0                            0                            0                            0                          100
