5517
6
5518          0.97354399999999996
5518       -0.0084332499999999998
5518       -0.0025530800000000001
6752                      1.01762
6752         0.020666199999999999
6752           3.1225700000000001
50                            0                            0                            0                            0                            0
0                           50                            0                            0                            0                            0
0                            0                          100                            0                            0                            0
0                            0                            0                           50                            0                            0
0                            0                            0                            0                           50                            0
0                            0                            0                            0                            0                          100
