8099
9
8100          0.99738800000000005
8100        0.0053516299999999996
8100       -0.0051191800000000001
8470          0.99948599999999999
8470        0.0086952499999999999
8470          -3.1368999999999998
8849          0.99483699999999997
8849          -1.0441199999999999
8849           1.5646599999999999
50                            0                            0                            0                            0                            0                            0                            0                            0
0                           50                            0                            0                            0                            0                            0                            0                            0
0                            0                          100                            0                            0                            0                            0                            0                            0
0                            0                            0                           50                            0                            0                            0                            0                            0
0                            0                            0                            0                           50                            0                            0                            0                            0
0                            0                            0                            0                            0                          100                            0                            0                            0
0                            0                            0                            0                            0                            0                           50                            0                            0
0                            0                            0                            0                            0                            0                            0                           50                            0
0                            0                            0                            0                            0                            0                            0                            0                          100
