6021
6
6022          0.98622699999999996
6022       3.7200000000000003e-05
6022         0.022173200000000001
9441          -1.0042500000000001
9441         -0.98879099999999998
9441                     -1.57369
50                            0                            0                            0                            0                            0
0                           50                            0                            0                            0                            0
0                            0                          100                            0                            0                            0
0                            0                            0                           50                            0                            0
0                            0                            0                            0                           50                            0
0                            0                            0                            0                            0                          100
