2914
9
2915                      1.01709
2915         0.031288900000000001
2915       -0.0029531000000000002
4923                     -1.02156
4923         0.032316600000000001
4923       -0.0036825299999999998
4985          0.99953700000000001
4985                    -0.027937
4985          -1.5682100000000001
50                            0                            0                            0                            0                            0                            0                            0                            0
0                           50                            0                            0                            0                            0                            0                            0                            0
0                            0                          100                            0                            0                            0                            0                            0                            0
0                            0                            0                           50                            0                            0                            0                            0                            0
0                            0                            0                            0                           50                            0                            0                            0                            0
0                            0                            0                            0                            0                          100                            0                            0                            0
0                            0                            0                            0                            0                            0                           50                            0                            0
0                            0                            0                            0                            0                            0                            0                           50                            0
0                            0                            0                            0                            0                            0                            0                            0                          100
