7912
6
7913                      1.01109
7913       -0.0028643399999999999
7913                   0.00840196
8399                     -2.01613
8399          0.97325600000000001
8399          -1.5644199999999999
50                            0                            0                            0                            0                            0
0                           50                            0                            0                            0                            0
0                            0                          100                            0                            0                            0
0                            0                            0                           50                            0                            0
0                            0                            0                            0                           50                            0
0                            0                            0                            0                            0                          100
