2939
6
2940                      1.00718
2940         0.049116199999999999
2940        0.0047767199999999999
9730           1.0106200000000001
9730       -0.0053601600000000001
9730           3.1398799999999998
50                            0                            0                            0                            0                            0
0                           50                            0                            0                            0                            0
0                            0                          100                            0                            0                            0
0                            0                            0                           50                            0                            0
0                            0                            0                            0                           50                            0
0                            0                            0                            0                            0                          100
