7213
9
7214          0.99925900000000001
7214        0.0036383800000000001
7214                   -0.0134447
9006                       1.0022
9006                    0.0344439
9006           3.1313200000000001
9007       -0.0069695499999999997
9007                   -0.0054982
9007           3.1273200000000001
50                            0                            0                            0                            0                            0                            0                            0                            0
0                           50                            0                            0                            0                            0                            0                            0                            0
0                            0                          100                            0                            0                            0                            0                            0                            0
0                            0                            0                           50                            0                            0                            0                            0                            0
0                            0                            0                            0                           50                            0                            0                            0                            0
0                            0                            0                            0                            0                          100                            0                            0                            0
0                            0                            0                            0                            0                            0                           50                            0                            0
0                            0                            0                            0                            0                            0                            0                           50                            0
0                            0                            0                            0                            0                            0                            0                            0                          100
