1555
9
1556                   -0.0155646
1556                      1.03799
1556           1.5516099999999999
2836                  -0.00252089
2836          -1.0118499999999999
2836          -1.5727199999999999
3035                   -0.0247928
3035       -0.0044528299999999996
3035                      1.57626
50                            0                            0                            0                            0                            0                            0                            0                            0
0                           50                            0                            0                            0                            0                            0                            0                            0
0                            0                          100                            0                            0                            0                            0                            0                            0
0                            0                            0                           50                            0                            0                            0                            0                            0
0                            0                            0                            0                           50                            0                            0                            0                            0
0                            0                            0                            0                            0                          100                            0                            0                            0
0                            0                            0                            0                            0                            0                           50                            0                            0
0                            0                            0                            0                            0                            0                            0                           50                            0
0                            0                            0                            0                            0                            0                            0                            0                          100
