5208
9
5209          0.99255599999999999
5209        0.0060899099999999996
5209                   -0.0133407
6853          -3.0099499999999999
6853           1.9649000000000001
6853                     -1.57548
8041                     0.973638
8041                   -0.0159007
8041                      3.14134
50                            0                            0                            0                            0                            0                            0                            0                            0
0                           50                            0                            0                            0                            0                            0                            0                            0
0                            0                          100                            0                            0                            0                            0                            0                            0
0                            0                            0                           50                            0                            0                            0                            0                            0
0                            0                            0                            0                           50                            0                            0                            0                            0
0                            0                            0                            0                            0                          100                            0                            0                            0
0                            0                            0                            0                            0                            0                           50                            0                            0
0                            0                            0                            0                            0                            0                            0                           50                            0
0                            0                            0                            0                            0                            0                            0                            0                          100
