1606
9
1607          0.96311999999999998
1607         0.014537400000000001
1607                   0.00173354
7834         -0.99558899999999995
7834         -0.98782400000000004
7834           1.5655600000000001
7837                     -1.01275
7837           1.9635499999999999
7837                      1.58331
50                            0                            0                            0                            0                            0                            0                            0                            0
0                           50                            0                            0                            0                            0                            0                            0                            0
0                            0                          100                            0                            0                            0                            0                            0                            0
0                            0                            0                           50                            0                            0                            0                            0                            0
0                            0                            0                            0                           50                            0                            0                            0                            0
0                            0                            0                            0                            0                          100                            0                            0                            0
0                            0                            0                            0                            0                            0                           50                            0                            0
0                            0                            0                            0                            0                            0                            0                           50                            0
0                            0                            0                            0                            0                            0                            0                            0                          100
