2264
6
2265          0.98584099999999997
2265      -0.00031653300000000003
2265        0.0051739799999999999
3808                     -1.99177
3808         0.028211199999999999
3808                      3.13714
50                            0                            0                            0                            0                            0
0                           50                            0                            0                            0                            0
0                            0                          100                            0                            0                            0
0                            0                            0                           50                            0                            0
0                            0                            0                            0                           50                            0
0                            0                            0                            0                            0                          100
