1049
6
1050           1.0164800000000001
1050       -0.0090915900000000001
1050                   0.00442415
5949          0.99691200000000002
5949         -0.99687099999999995
5949                      1.57829
50                            0                            0                            0                            0                            0
0                           50                            0                            0                            0                            0
0                            0                          100                            0                            0                            0
0                            0                            0                           50                            0                            0
0                            0                            0                            0                           50                            0
0                            0                            0                            0                            0                          100
