5306
6
5307           1.0124899999999999
5307       -0.0055940399999999998
5307       -0.0070180299999999998
8562           2.0146700000000002
8562         0.027238800000000001
8562                     -3.12052
50                            0                            0                            0                            0                            0
0                           50                            0                            0                            0                            0
0                            0                          100                            0                            0                            0
0                            0                            0                           50                            0                            0
0                            0                            0                            0                           50                            0
0                            0                            0                            0                            0                          100
