3869
6
3870           1.0103599999999999
3870                   -0.0158301
3870                    0.0223777
7492          0.99695199999999995
7492          -1.9984900000000001
7492                     -1.57609
50                            0                            0                            0                            0                            0
0                           50                            0                            0                            0                            0
0                            0                          100                            0                            0                            0
0                            0                            0                           50                            0                            0
0                            0                            0                            0                           50                            0
0                            0                            0                            0                            0                          100
