767
6
768                      1.01905
768                    0.0329623
768                    0.0102872
9042          -2.0033400000000001
9042          -3.0272299999999999
9042                      1.58161
50                            0                            0                            0                            0                            0
0                           50                            0                            0                            0                            0
0                            0                          100                            0                            0                            0
0                            0                            0                           50                            0                            0
0                            0                            0                            0                           50                            0
0                            0                            0                            0                            0                          100
