5893
9
5894                       1.0224
5894       -0.0098260299999999995
5894       -0.0010110799999999999
6924           1.0081599999999999
6924        -0.040051099999999999
6924        0.0042735200000000003
7077        0.0027726000000000001
7077                   -0.0231203
7077           3.1401500000000002
50                            0                            0                            0                            0                            0                            0                            0                            0
0                           50                            0                            0                            0                            0                            0                            0                            0
0                            0                          100                            0                            0                            0                            0                            0                            0
0                            0                            0                           50                            0                            0                            0                            0                            0
0                            0                            0                            0                           50                            0                            0                            0                            0
0                            0                            0                            0                            0                          100                            0                            0                            0
0                            0                            0                            0                            0                            0                           50                            0                            0
0                            0                            0                            0                            0                            0                            0                           50                            0
0                            0                            0                            0                            0                            0                            0                            0                          100
