539
12
540          0.97605399999999998
540                   -0.0020398
540       -0.0056502000000000002
3073                     -1.98641
3073         0.018357399999999999
3073           3.1335000000000002
8122                     -1.02565
8122         0.036492900000000002
8122           3.1342300000000001
8123          -1.9966600000000001
8123                  -0.00428977
8123                      3.12927
50                            0                            0                            0                            0                            0                            0                            0                            0                            0                            0                            0
0                           50                            0                            0                            0                            0                            0                            0                            0                            0                            0                            0
0                            0                          100                            0                            0                            0                            0                            0                            0                            0                            0                            0
0                            0                            0                           50                            0                            0                            0                            0                            0                            0                            0                            0
0                            0                            0                            0                           50                            0                            0                            0                            0                            0                            0                            0
0                            0                            0                            0                            0                          100                            0                            0                            0                            0                            0                            0
0                            0                            0                            0                            0                            0                           50                            0                            0                            0                            0                            0
0                            0                            0                            0                            0                            0                            0                           50                            0                            0                            0                            0
0                            0                            0                            0                            0                            0                            0                            0                          100                            0                            0                            0
0                            0                            0                            0                            0                            0                            0                            0                            0                           50                            0                            0
0                            0                            0                            0                            0                            0                            0                            0                            0                            0                           50                            0
0                            0                            0                            0                            0                            0                            0                            0                            0                            0                            0                          100
