395
6
396           1.0077499999999999
396       -0.0091076000000000004
396        -0.011806199999999999
9497           2.0086300000000001
9497        0.0070897299999999998
9497       -0.0063561599999999996
50                            0                            0                            0                            0                            0
0                           50                            0                            0                            0                            0
0                            0                          100                            0                            0                            0
0                            0                            0                           50                            0                            0
0                            0                            0                            0                           50                            0
0                            0                            0                            0                            0                          100
