5855
9
5856                  -0.00121412
5856          0.98014100000000004
5856                      1.57185
6265        0.0078071700000000004
6265                   0.00137995
6265       -0.0029026999999999998
9145       -0.0065945999999999999
9145                    -0.013235
9145          -1.5791299999999999
50                            0                            0                            0                            0                            0                            0                            0                            0
0                           50                            0                            0                            0                            0                            0                            0                            0
0                            0                          100                            0                            0                            0                            0                            0                            0
0                            0                            0                           50                            0                            0                            0                            0                            0
0                            0                            0                            0                           50                            0                            0                            0                            0
0                            0                            0                            0                            0                          100                            0                            0                            0
0                            0                            0                            0                            0                            0                           50                            0                            0
0                            0                            0                            0                            0                            0                            0                           50                            0
0                            0                            0                            0                            0                            0                            0                            0                          100
