1490
9
1491                      1.01231
1491         0.014534099999999999
1491                  -0.00915557
2791          0.97550400000000004
2791         0.026040600000000001
2791       5.8199999999999998e-05
4771         -0.99551999999999996
4771                    0.0276793
4771                     -3.13428
50                            0                            0                            0                            0                            0                            0                            0                            0
0                           50                            0                            0                            0                            0                            0                            0                            0
0                            0                          100                            0                            0                            0                            0                            0                            0
0                            0                            0                           50                            0                            0                            0                            0                            0
0                            0                            0                            0                           50                            0                            0                            0                            0
0                            0                            0                            0                            0                          100                            0                            0                            0
0                            0                            0                            0                            0                            0                           50                            0                            0
0                            0                            0                            0                            0                            0                            0                           50                            0
0                            0                            0                            0                            0                            0                            0                            0                          100
