3141
6
3142          0.97762899999999997
3142                   0.00326298
3142        -0.012261599999999999
8591         -0.95771700000000004
8591         -0.97564700000000004
8591          -1.5732699999999999
50                            0                            0                            0                            0                            0
0                           50                            0                            0                            0                            0
0                            0                          100                            0                            0                            0
0                            0                            0                           50                            0                            0
0                            0                            0                            0                           50                            0
0                            0                            0                            0                            0                          100
