2271
6
2272          0.99495400000000001
2272                   -0.0233844
2272      -0.00044705100000000001
6059          -1.9833000000000001
6059         0.026880399999999999
6059       -0.0032840999999999999
50                            0                            0                            0                            0                            0
0                           50                            0                            0                            0                            0
0                            0                          100                            0                            0                            0
0                            0                            0                           50                            0                            0
0                            0                            0                            0                           50                            0
0                            0                            0                            0                            0                          100
