8670
6
8671          0.96752300000000002
8671                     0.013502
8671        0.0065441600000000003
8702                      1.99722
8702       0.00072753300000000004
8702         0.018803899999999998
50                            0                            0                            0                            0                            0
0                           50                            0                            0                            0                            0
0                            0                          100                            0                            0                            0
0                            0                            0                           50                            0                            0
0                            0                            0                            0                           50                            0
0                            0                            0                            0                            0                          100
