4094
9
4095           1.0021500000000001
4095                   -0.0266862
4095                   -0.0100099
6076          0.99384700000000004
6076          0.99590999999999996
6076           1.5819000000000001
6077          0.99962700000000004
6077                      1.98933
6077                      1.57294
50                            0                            0                            0                            0                            0                            0                            0                            0
0                           50                            0                            0                            0                            0                            0                            0                            0
0                            0                          100                            0                            0                            0                            0                            0                            0
0                            0                            0                           50                            0                            0                            0                            0                            0
0                            0                            0                            0                           50                            0                            0                            0                            0
0                            0                            0                            0                            0                          100                            0                            0                            0
0                            0                            0                            0                            0                            0                           50                            0                            0
0                            0                            0                            0                            0                            0                            0                           50                            0
0                            0                            0                            0                            0                            0                            0                            0                          100
