5133
6
5134                      1.00143
5134         0.012092500000000001
5134       -0.0019191799999999999
7971          -1.9948300000000001
7971         0.019272500000000001
7971        -0.015031600000000001
50                            0                            0                            0                            0                            0
0                           50                            0                            0                            0                            0
0                            0                          100                            0                            0                            0
0                            0                            0                           50                            0                            0
0                            0                            0                            0                           50                            0
0                            0                            0                            0                            0                          100
