5060
6
5061                    0.0171206
5061          -1.0020800000000001
5061          -1.5607500000000001
9871                   0.00167133
9871                      1.02512
9871                      1.57125
50                            0                            0                            0                            0                            0
0                           50                            0                            0                            0                            0
0                            0                          100                            0                            0                            0
0                            0                            0                           50                            0                            0
0                            0                            0                            0                           50                            0
0                            0                            0                            0                            0                          100
