6707
6
6708          0.99259399999999998
6708                   -0.0141514
6708       -0.0078740800000000003
7195          -1.9946699999999999
7195        -0.024627400000000001
7195                      3.13951
50                            0                            0                            0                            0                            0
0                           50                            0                            0                            0                            0
0                            0                          100                            0                            0                            0
0                            0                            0                           50                            0                            0
0                            0                            0                            0                           50                            0
0                            0                            0                            0                            0                          100
