2212
9
2213                       1.0182
2213         0.013595400000000001
2213                    0.0138227
6018          -1.9663600000000001
6018                      2.00915
6018          -1.5878699999999999
6020                     -1.97444
6020       0.00040934499999999998
6020          -1.5807800000000001
50                            0                            0                            0                            0                            0                            0                            0                            0
0                           50                            0                            0                            0                            0                            0                            0                            0
0                            0                          100                            0                            0                            0                            0                            0                            0
0                            0                            0                           50                            0                            0                            0                            0                            0
0                            0                            0                            0                           50                            0                            0                            0                            0
0                            0                            0                            0                            0                          100                            0                            0                            0
0                            0                            0                            0                            0                            0                           50                            0                            0
0                            0                            0                            0                            0                            0                            0                           50                            0
0                            0                            0                            0                            0                            0                            0                            0                          100
