5570
9
5571                     0.977657
5571       -0.0030981799999999999
5571                   -0.0116048
6468         0.012710000000000001
6468          -2.0202200000000001
6468                      1.57576
7931         0.026003700000000001
7931          -1.0139499999999999
7931          -1.5802499999999999
50                            0                            0                            0                            0                            0                            0                            0                            0
0                           50                            0                            0                            0                            0                            0                            0                            0
0                            0                          100                            0                            0                            0                            0                            0                            0
0                            0                            0                           50                            0                            0                            0                            0                            0
0                            0                            0                            0                           50                            0                            0                            0                            0
0                            0                            0                            0                            0                          100                            0                            0                            0
0                            0                            0                            0                            0                            0                           50                            0                            0
0                            0                            0                            0                            0                            0                            0                           50                            0
0                            0                            0                            0                            0                            0                            0                            0                          100
