244
9
245          0.99767700000000004
245         0.022934699999999999
245        0.0017556399999999999
2953         -0.98682000000000003
2953         0.013148099999999999
2953                    0.0177655
4954          0.95026299999999997
4954          0.97987500000000005
4954          -1.5884199999999999
50                            0                            0                            0                            0                            0                            0                            0                            0
0                           50                            0                            0                            0                            0                            0                            0                            0
0                            0                          100                            0                            0                            0                            0                            0                            0
0                            0                            0                           50                            0                            0                            0                            0                            0
0                            0                            0                            0                           50                            0                            0                            0                            0
0                            0                            0                            0                            0                          100                            0                            0                            0
0                            0                            0                            0                            0                            0                           50                            0                            0
0                            0                            0                            0                            0                            0                            0                           50                            0
0                            0                            0                            0                            0                            0                            0                            0                          100
