4998
6
4999                     0.972387
4999         0.027041699999999998
4999                   -0.0184729
9552                      2.01254
9552          -1.9975000000000001
9552          -1.5730999999999999
50                            0                            0                            0                            0                            0
0                           50                            0                            0                            0                            0
0                            0                          100                            0                            0                            0
0                            0                            0                           50                            0                            0
0                            0                            0                            0                           50                            0
0                            0                            0                            0                            0                          100
