1170
12
1171        0.0041261900000000001
1171          0.96794599999999997
1171                      1.55765
5151                   -0.0171754
5151         -0.97983500000000001
5151                     -1.57948
5152       -0.0081774900000000008
5152                     -2.01525
5152          -1.5734300000000001
7991           1.0039199999999999
7991                   0.00709641
7991      -0.00034400199999999999
50                            0                            0                            0                            0                            0                            0                            0                            0                            0                            0                            0
0                           50                            0                            0                            0                            0                            0                            0                            0                            0                            0                            0
0                            0                          100                            0                            0                            0                            0                            0                            0                            0                            0                            0
0                            0                            0                           50                            0                            0                            0                            0                            0                            0                            0                            0
0                            0                            0                            0                           50                            0                            0                            0                            0                            0                            0                            0
0                            0                            0                            0                            0                          100                            0                            0                            0                            0                            0                            0
0                            0                            0                            0                            0                            0                           50                            0                            0                            0                            0                            0
0                            0                            0                            0                            0                            0                            0                           50                            0                            0                            0                            0
0                            0                            0                            0                            0                            0                            0                            0                          100                            0                            0                            0
0                            0                            0                            0                            0                            0                            0                            0                            0                           50                            0                            0
0                            0                            0                            0                            0                            0                            0                            0                            0                            0                           50                            0
0                            0                            0                            0                            0                            0                            0                            0                            0                            0                            0                          100
