5441
9
5442                      1.00241
5442        0.0048248099999999997
5442                   -0.0108588
5711          -1.0162100000000001
5711          -1.0154300000000001
5711                     -1.57656
6840         -0.95381700000000003
6840         0.023638699999999999
6840          -1.5587599999999999
50                            0                            0                            0                            0                            0                            0                            0                            0
0                           50                            0                            0                            0                            0                            0                            0                            0
0                            0                          100                            0                            0                            0                            0                            0                            0
0                            0                            0                           50                            0                            0                            0                            0                            0
0                            0                            0                            0                           50                            0                            0                            0                            0
0                            0                            0                            0                            0                          100                            0                            0                            0
0                            0                            0                            0                            0                            0                           50                            0                            0
0                            0                            0                            0                            0                            0                            0                           50                            0
0                            0                            0                            0                            0                            0                            0                            0                          100
