3513
6
3514           1.0067699999999999
3514       -0.0078897900000000007
3514        0.0014733999999999999
6055           1.9964500000000001
6055                   -0.0272879
6055          -1.5760799999999999
50                            0                            0                            0                            0                            0
0                           50                            0                            0                            0                            0
0                            0                          100                            0                            0                            0
0                            0                            0                           50                            0                            0
0                            0                            0                            0                           50                            0
0                            0                            0                            0                            0                          100
