5929
9
5930          0.97589199999999998
5930       -0.0017402699999999999
5930       -0.0079234800000000001
9070           1.0367599999999999
9070                   -0.0222498
9070          -3.1290900000000001
9071        -0.032180100000000003
9071         0.036332400000000001
9071           3.1303399999999999
50                            0                            0                            0                            0                            0                            0                            0                            0
0                           50                            0                            0                            0                            0                            0                            0                            0
0                            0                          100                            0                            0                            0                            0                            0                            0
0                            0                            0                           50                            0                            0                            0                            0                            0
0                            0                            0                            0                           50                            0                            0                            0                            0
0                            0                            0                            0                            0                          100                            0                            0                            0
0                            0                            0                            0                            0                            0                           50                            0                            0
0                            0                            0                            0                            0                            0                            0                           50                            0
0                            0                            0                            0                            0                            0                            0                            0                          100
