513
12
514                      1.01868
514        0.0044252299999999996
514       -0.0033364100000000002
4765                      2.01972
4765       -0.0037782100000000002
4765           3.1181899999999998
6397                   -0.0136084
6397        -0.033570500000000003
6397           3.1366999999999998
8421          -1.9879899999999999
8421         0.033757200000000001
8421                  -0.00468951
50                            0                            0                            0                            0                            0                            0                            0                            0                            0                            0                            0
0                           50                            0                            0                            0                            0                            0                            0                            0                            0                            0                            0
0                            0                          100                            0                            0                            0                            0                            0                            0                            0                            0                            0
0                            0                            0                           50                            0                            0                            0                            0                            0                            0                            0                            0
0                            0                            0                            0                           50                            0                            0                            0                            0                            0                            0                            0
0                            0                            0                            0                            0                          100                            0                            0                            0                            0                            0                            0
0                            0                            0                            0                            0                            0                           50                            0                            0                            0                            0                            0
0                            0                            0                            0                            0                            0                            0                           50                            0                            0                            0                            0
0                            0                            0                            0                            0                            0                            0                            0                          100                            0                            0                            0
0                            0                            0                            0                            0                            0                            0                            0                            0                           50                            0                            0
0                            0                            0                            0                            0                            0                            0                            0                            0                            0                           50                            0
0                            0                            0                            0                            0                            0                            0                            0                            0                            0                            0                          100
