6453
9
6454                      0.97558
6454         0.018492700000000001
6454       0.00038887200000000001
7961          -2.0272000000000001
7961                    0.0149377
7961        -0.024512599999999999
7963        0.0084936899999999999
7963        0.0094420200000000006
7963       -0.0029939400000000001
50                            0                            0                            0                            0                            0                            0                            0                            0
0                           50                            0                            0                            0                            0                            0                            0                            0
0                            0                          100                            0                            0                            0                            0                            0                            0
0                            0                            0                           50                            0                            0                            0                            0                            0
0                            0                            0                            0                           50                            0                            0                            0                            0
0                            0                            0                            0                            0                          100                            0                            0                            0
0                            0                            0                            0                            0                            0                           50                            0                            0
0                            0                            0                            0                            0                            0                            0                           50                            0
0                            0                            0                            0                            0                            0                            0                            0                          100
