4077
6
4078          0.99834100000000003
4078        -0.024637300000000001
4078       0.00051949400000000001
7343          -1.9839800000000001
7343          -2.0340600000000002
7343           1.5727500000000001
50                            0                            0                            0                            0                            0
0                           50                            0                            0                            0                            0
0                            0                          100                            0                            0                            0
0                            0                            0                           50                            0                            0
0                            0                            0                            0                           50                            0
0                            0                            0                            0                            0                          100
