0
23
-1           9.8218881573478232
-1        -0.030689616098177101
-1       -0.0046681420979067184
51           1.0058419685892079
51           3.9553906486001109
1           1.0065120753084782
1           1.0090397798086634
52           4.0212034157242469
52           4.0036285796882778
2           4.0083768444463601
2           1.0044122640237685
55           12.992709233535619
55           3.9167874244498426
53           7.0049526891566174
53           3.9841425427001878
54           10.002989157216811
54           3.9699859521681677
5           12.984761101608251
5          0.93873418849158463
3           6.9930309375745132
3          0.97997252140683233
4           9.9908483238930597
4          0.96516713946804822
6413.86410584853          -4374.9177376702419          -574.76150403249858          -13.892095544552376           3.3890425207764139           21.526411909086448           0.5682203267566166          -38.487826299042922            62.11321241016492              40.604587509515           131.25199117826548           65.482112762154827           -257.4017648102822          -64.058183787129508           186.57102444546001           7.2726917688314074           343.14112127127498          -95.389700003710573          -272.38619684073728           79.694181702636172           470.88109834329714          -6431.5687578806528           3511.3299385190558
-4374.9177389239449           56794.247210681628          -3737.4872605625956           200.93805163965135          -49.019790051725181          -311.36248526994314           -8.218823429940926           556.70109590457014          -898.42027097659411          -587.48108619552477          -1898.4211020664616           408.22043104623936          -3842.3381107721652           932.38470327103596          -2701.1311642651772           1462.7790636579457          -6737.3847799098667          -1546.7254536842356          -11235.898659072187          -1341.4974977192001          -6773.7357663212697           4817.2364675259887          -19822.505511509098
-574.76150384765629          -3737.4872617228789           3459.8065244551926          -15.089335167536802           3.6811148263468283           23.381598171270014          0.61718823726476302          -41.805149357156267           67.466379338626211           44.115940901371687            142.5610423283095           96.659559639327568           158.30574049210873          -69.994868515248939           202.83042707932736           90.015641709557826           485.47474513005875           173.33246902435263           568.52460605546321           100.02520902882637            508.8106459701628           157.87934196507172           1386.9103152870625
-13.892095448033295           200.93805107924433          -15.089335116021548           2948.3919850930106          -114.92335433552114          -2100.1556813345869           1040.0283417637693          -143.60746739932981           453.71589024307781           -503.2924181292471           1259.0436739303507           9.4045004446570637          -13.461989993204384           164.90038807507156          -6.1946595313923325            63.37836190923413           -20.78969640375292          -4.7402642899735916          -50.167285959973086          -100.08833437377601           23.714731068427508          -21.615684982798953          -53.626983203313159
3.389042500198701          -49.019789966505272           3.6811148203064188          -114.92335433427516           1805.4452100385772           156.16846334235674           -162.1272901311871           8.5027000933734485          -112.75125515942075           94.807580354907628          -294.99219727260385           -2.294272463006009           3.2841161924328972          -40.232139506032397           1.4262569305263728          -15.461454358963111           5.0716615031491026             1.15640869570686           12.238546060707442           22.999519711148633          -6.8969308242719816           5.2718654462970953            13.08128255529007
21.526411774016154          -311.36248430895841             23.3815980935833          -2100.1556813380412            156.1684633448248           11048.427246795949           -5432.995877300873          -1882.5999242302701          -179.44404428327059          -1627.7492730344318          -82.353934747645553          -14.572694910747057           20.859928895451276          -256.89474315529282          -20.274863158603459          -98.208505996271313           32.185211878413654           7.3448131976494189           77.736052027018843          -333.71479005980751           -483.8838593639577           33.008048118269897           82.649375049915761
0.56822031702935694          -8.2188233074096999          0.61718823626571917           1040.0283417754836          -162.12729013387076          -5432.9958773158105           6272.8265319136635           598.26832964458526          -166.68638227422761           668.50528756283768          -494.82210267139993         -0.38466518009358475           0.5506309407655392          -6.4824057868166127            5.957476872350858          -2.5921466099959054          0.85595018886244501          0.19397122771203712           2.0520321121858158           97.308304783314682           85.098007257087758          0.97700800837798862           2.2790125918810036
-38.487826107181078           556.70109433423818          -41.805149255153395          -143.60746741270989           8.5027000921757914          -1882.5999241971056            598.2683296277595           8379.3145910362855          -749.34851470994101          -4562.0949346135358           3343.1846398313492           26.055324850166265          -37.295668584297459          -239.63748238944041            425.3770934801621           175.62277236963217          -56.548404376568463          -13.117289452611743          -138.97478450620622          -1222.9974764346844           1338.1445045783767          -42.629094537233442            -131.734540294716
62.113212092752306          -898.42026975810904           67.466379224229826           453.71589033885391          -112.75125517665917          -179.44404442428618          -166.68638224368613          -749.34851463009011           6272.7404830525093           1295.6069275288064          -3264.7154753688174          -42.048772001985071            60.18992200151024          -551.33552370969051          -243.32982380351103          -283.38669995532894           92.506331896760827           21.187668076191528           224.29842345030318           402.29010118949145          -1556.9507058837423           89.239179480993869           232.93389137703502
40.604587445095916          -587.48108476138691            44.11594080856176          -503.29241813256959           94.807580358624335          -1627.7492730595661           668.50528756369238          -4562.0949345995568           1295.6069274522281           12716.171331120229          -5158.9504514252476          -27.497477079576065           39.330314496684935          -2073.1841392118381          -475.52881225124463          -186.29271592905693           28.503456063486801           13.377344431436953           146.23593527834203          -3235.9622286417725           328.29293879842896          -472.19468708547663          -333.29980939554537
131.2519904007934          -1898.4210953498839           142.56104188457186           1259.0436740155658          -294.99219728124035          -82.353934841191204          -494.82210259655051           3343.1846396924138          -3264.7154747174909          -5158.9504511276755           13815.009337129235          -88.851447490495616           127.19183251334562          -507.41216913988427          -181.60601713944192          -598.58484332809064           202.93821629375572           44.882361007214826           474.05857573645494           2563.2141586341122          -3621.2153655194215           312.32397443711568           606.04546166442924
65.482112459192081           408.22043465950708           96.659559410747974           9.4045004492796878          -2.2942724622772364           -14.57269492437463         -0.38466518203324673           26.055324901259212          -42.048772005114088          -27.497477142351045          -88.851447553392461           1922.3043581967424           90.696134704525832           43.694202452927676          -126.44520808035895          -496.63671236426035          -154.53348618564121          -225.46721056996515           205.53919484282181          -64.592162036791592          -316.67532585010235          -1228.0519002075896           159.09755630690574
-257.40176479992766          -3842.3381112300272            158.3057404657917           -13.46199005299971           3.2841162043477965           20.859928982181771          0.55063094580012262           -37.29566869229518           60.189922152799795           39.330314555283621           127.19183301364711           90.696134925491663           1957.2304456699258          -61.480504268906813           180.53688942409718           261.56439232573894           211.31358469635592           53.486429203520913          -254.42728091987874           57.993072825442567           460.09065177644715          -168.77988159556503           906.96879099316448
-64.058183630303262           932.38470179727358          -69.994868386653394           164.90038809989133          -40.232139512432823          -256.89474318398675          -6.4824057715445864          -239.63748239710026          -551.33552356555322          -2073.1841392124761          -507.41216917617334           43.694202393986373          -61.480504075119825           8612.1179788145164          -945.97619934943793          -392.64580908555058           345.84414394238507           -5.416085629786707          -216.82354842014178          -4605.2725100799307           2299.6625206116105           -1006.099180451606           1071.3045008377571
186.57102379355058          -2701.1311585325907           202.83042658701976          -6.1946595503311812           1.4262569483111776          -20.274863162285101           5.9574769166801467           425.37709332239331          -243.32982334091599           -475.5288120934465          -181.60601708607408          -126.44520794929639           180.53688890496642          -945.97619915592077            6720.910095584064          -669.12519179926471           9.1541143500914472           56.477060176610991           667.77537582707646           1398.2963197975164           -3754.011005207401           170.53168772036042          -807.50159538038406
7.2726911819202087           1462.7790707026631           90.015641284959756           63.378361966505068          -15.461454362967745          -98.208506095572261          -2.5921465882007801           175.62277237602535          -283.38669987295782          -186.29271593583201          -598.58484382654115          -496.63671236377553           261.56439192135986          -392.64580890543192          -669.12519229543648           8081.8654596374536          -1007.1405292212526          -909.77259907292898           742.35484751864919          -2038.5723050744164          -1073.7472159320919          -4137.7946262482646           2075.0649458950484
343.14112029293472          -6737.3847671675512           485.47474416865958          -20.789696395582496            5.071661505101261           32.185211847741812          0.85595018567905612            -56.5484042883744           92.506331729613976           28.503456154261585           202.93821600771093          -154.53348587188054           211.31358400681074           345.84414363864266           9.1541146042916353          -1007.1405286423316             7060.44646834786           54.300299859374036           266.04313968134556          -371.95257582305709           470.88027408348921           784.61426505759982          -1874.3478030701417
-95.389700249098865          -1546.7254501848447           173.33246876152799          -4.7402643390444581           1.1564087070095859           7.3448132603767817          0.19397122708515546          -13.117289477213461           21.187668188269924           13.377344356979506           44.882361415118083          -225.46721046997857           53.486429037533753          -5.4160856567926388           56.477060405224961          -909.77259885786873           54.300299916305953           4080.5509299787882          -684.60144895996655          -509.54823539933767            266.3158568891551          -2342.9237839362113           1666.6317027108655
-272.38619747678854          -11235.898650184507           568.52460522066269          -50.167286025855844            12.23854606367874           77.736052110892615           2.0520320926406299          -138.97478464180858           224.29842337248601           146.23593582812259           474.05857593831115           205.53919554705863          -254.42728120970332          -216.82354924915853           667.77537734348198            742.3548487160167           266.04314134998469          -684.60144847889364           6297.9016315822419          -153.35717016926822           1787.7803082461066           290.44787941032791           1052.3302671074089
79.694181593667167          -1341.4974975895718           100.02520894662119          -100.08833445907298           22.999519727123065           -333.7147899107444           97.308304756037913          -1222.9974764258036           402.29010111083119          -3235.9622287991247           2563.2141595893113           -64.59216196647904           57.993072678265435          -4605.2725101283877           1398.2963204255727          -2038.5723048498621          -371.95257578862635          -509.54823540539638           -153.3571704160106           15369.024108571841          -5031.5630111824994          -3439.4170992284653           710.32809512481754
470.88109629679127          -6773.7357409776751           508.81064432489927            23.71473135063053          -6.8969308559297247          -483.88385981627084           85.098007374022302           1338.1445044933234          -1556.9507053499569           328.29293942798802          -3621.2153681109321          -316.67532552389173            460.0906505337116           2299.6625205716132          -3754.0110065930585          -1073.7472152298465            470.8802738428061           266.31585643186293            1787.780305269006          -5031.5630119565913           14837.842672070685           2209.2283194841243          -1827.4338131339919
-6431.5687567029963           4817.2364518450968           157.87934312367153          -21.615684828610569           5.2718654075726903           33.008047927187931          0.97700799404194782          -42.629094429128145           89.239178965417636          -472.19468686812604           312.32397308828547          -1228.0519006578788          -168.77988075671146          -1006.0991803952485           170.53168707331497          -4137.7946271115115             784.614264693103          -2342.9237838940662           290.44788108041348          -3439.4170991320852             2209.22831739501           19066.027285118016          -8815.4594494372759
3511.3299339142868          -19822.505450520421           1386.9103108523364          -53.626983598841775           13.081282667803578           82.649375498167956           2.2790126280467007          -131.73454064877581           232.93389260405047          -333.29980967315851            606.0454643213975           159.09755783661853           906.96878772753371           1071.3045006334455          -807.50159358793553           2075.0649490617516          -1874.3478030662513            1666.631702382914           1052.3302590404419           710.32809440040046          -1827.4338077643449          -8815.4594485422822           20763.405129089268
