43
9
44                     0.117325
44         -0.73415200000000003
44          -1.2406200000000001
161                     0.114066
161         -0.90807000000000004
161          -1.3405400000000001
408          0.31389699999999998
408         -0.56699299999999997
408          -1.3957299999999999
500                            0                            0                            0                            0                            0                            0                            0                            0
0                          500                            0                            0                            0                            0                            0                            0                            0
0                            0                         5000                            0                            0                            0                            0                            0                            0
0                            0                            0                          500                            0                            0                            0                            0                            0
0                            0                            0                            0                          500                            0                            0                            0                            0
0                            0                            0                            0                            0                         5000                            0                            0                            0
0                            0                            0                            0                            0                            0                          500                            0                            0
0                            0                            0                            0                            0                            0                            0                          500                            0
0                            0                            0                            0                            0                            0                            0                            0                         5000
