384
9
385          0.14432300000000001
385         0.095074000000000006
385                      1.04606
411                     0.404775
411         -0.88334199999999996
411          0.27314100000000002
731          0.37107000000000001
731         -0.88713900000000001
731           1.9842900000000001
500                            0                            0                            0                            0                            0                            0                            0                            0
0                          500                            0                            0                            0                            0                            0                            0                            0
0                            0                         5000                            0                            0                            0                            0                            0                            0
0                            0                            0                          500                            0                            0                            0                            0                            0
0                            0                            0                            0                          500                            0                            0                            0                            0
0                            0                            0                            0                            0                         5000                            0                            0                            0
0                            0                            0                            0                            0                            0                          500                            0                            0
0                            0                            0                            0                            0                            0                            0                          500                            0
0                            0                            0                            0                            0                            0                            0                            0                         5000
