142
9
143          0.64793599999999996
143       0.00065399999999999996
143        -0.053416999999999999
352          0.54396500000000003
352         -0.46778900000000001
352         -0.30258499999999999
752          0.35832000000000003
752         -0.78171100000000004
752           3.0826500000000001
500                            0                            0                            0                            0                            0                            0                            0                            0
0                          500                            0                            0                            0                            0                            0                            0                            0
0                            0                         5000                            0                            0                            0                            0                            0                            0
0                            0                            0                          500                            0                            0                            0                            0                            0
0                            0                            0                            0                          500                            0                            0                            0                            0
0                            0                            0                            0                            0                         5000                            0                            0                            0
0                            0                            0                            0                            0                            0                          500                            0                            0
0                            0                            0                            0                            0                            0                            0                          500                            0
0                            0                            0                            0                            0                            0                            0                            0                         5000
