698
6
699          0.57711000000000001
699                      0.20468
699          0.51955499999999999
898          0.80007399999999995
898                     0.307479
898          0.12667600000000001
500                            0                            0                            0                            0                            0
0                          500                            0                            0                            0                            0
0                            0                         5000                            0                            0                            0
0                            0                            0                          500                            0                            0
0                            0                            0                            0                          500                            0
0                            0                            0                            0                            0                         5000
