1400
19
-1401       -0.0032399999999999998
-1401                     -0.14762
-1401          0.23269000000000001
275          -2.0944699999999998
275          -3.2370000000000001
274          -1.1140600000000001
274                     -3.16378
276         -0.79623299999999997
276          -2.2711899999999998
301           2.0833400000000002
301          -1.9319599999999999
277          -1.4969300000000001
277          -1.8066199999999999
313                      1.44821
313          -1.6435200000000001
278         -0.36829200000000001
278          -1.4527000000000001
280          0.33790999999999999
280                     -1.18231
58569.42371009152           71.792417805831533          -4083.5989737598652                            0                            0                            0                            0                            0                            0                            0                            0                            0                            0                            0                            0                            0                            0                            0                            0
71.792417805831533           60575.501444169953          -99.718516160761965                            0                            0                            0                            0                            0                            0                            0                            0                            0                            0                            0                            0                            0                            0                            0                            0
-4083.5989737598652          -99.718516160761965           3535.4188774908216                            0                            0                            0                            0                            0                            0                            0                            0                            0                            0                            0                            0                            0                            0                            0                            0
0                            0                            0           480.11126056806501          -169.17292365705407                            0                            0                            0                            0                            0                            0                            0                            0                            0                            0                            0                            0                            0                            0
0                            0                            0          -169.17292365705407           278.53913841954147                            0                            0                            0                            0                            0                            0                            0                            0                            0                            0                            0                            0                            0                            0
0                            0                            0                            0                            0           548.90208343323764          -99.642268439949561                            0                            0                            0                            0                            0                            0                            0                            0                            0                            0                            0                            0
0                            0                            0                            0                            0          -99.642268439949561           263.25461591586924                            0                            0                            0                            0                            0                            0                            0                            0                            0                            0                            0                            0
0                            0                            0                            0                            0                            0                            0           582.15851527080201          -54.088792034231894                            0                            0                            0                            0                            0                            0                            0                            0                            0                            0
0                            0                            0                            0                            0                            0                            0          -54.088792034231894           407.75432192080478                            0                            0                            0                            0                            0                            0                            0                            0                            0                            0
0                            0                            0                            0                            0                            0                            0                            0                            0           509.05510656232178           113.39472613163367                            0                            0                            0                            0                            0                            0                            0                            0
0                            0                            0                            0                            0                            0                            0                            0                            0           113.39472613163367           460.19316698888804                            0                            0                            0                            0                            0                            0                            0                            0
0                            0                            0                            0                            0                            0                            0                            0                            0                            0                            0           554.77737219625988          -77.779737666614764                            0                            0                            0                            0                            0                            0
0                            0                            0                            0                            0                            0                            0                            0                            0                            0                            0          -77.779737666614764           479.51705734635868                            0                            0                            0                            0                            0                            0
0                            0                            0                            0                            0                            0                            0                            0                            0                            0                            0                            0                            0           565.68837332747216           64.440937627387669                            0                            0                            0                            0
0                            0                            0                            0                            0                            0                            0                            0                            0                            0                            0                            0                            0           64.440937627387669           500.90234203226487                            0                            0                            0                            0
0                            0                            0                            0                            0                            0                            0                            0                            0                            0                            0                            0                            0                            0                            0           607.78114679518342          -13.580962677170014                            0                            0
0                            0                            0                            0                            0                            0                            0                            0                            0                            0                            0                            0                            0                            0                            0          -13.580962677170014           530.96509760698484                            0                            0
0                            0                            0                            0                            0                            0                            0                            0                            0                            0                            0                            0                            0                            0                            0                            0                            0           611.87686098917891           7.8500305881890222
0                            0                            0                            0                            0                            0                            0                            0                            0                            0                            0                            0                            0                            0                            0                            0                            0           7.8500305881890222            559.4974579565918
