2445
11
-2446        -0.019140000000000001
-2446                      -0.1948
-2446                     -0.00167
355         -0.93711299999999997
355          -3.2357399999999998
358          0.49754500000000002
358          -2.0140199999999999
353         -0.93020800000000003
353          -1.8499300000000001
351                    -0.896926
351          -1.1184400000000001
60106.577148699405           351.58042732991862          -5839.2814589654181                            0                            0                            0                            0                            0                            0                            0                            0
351.58042732991862            63626.75202071447           571.55190431640267                            0                            0                            0                            0                            0                            0                            0                            0
-5839.2814589654181           571.55190431640267           3988.8826764660666                            0                            0                            0                            0                            0                            0                            0                            0
0                            0                            0           557.02123018278451          -86.174473329684673                            0                            0                            0                            0                            0                            0
0                            0                            0          -86.174473329684673           250.33334464639469                            0                            0                            0                            0                            0                            0
0                            0                            0                            0                            0           598.35401344152922           25.487480883953186                            0                            0                            0                            0
0                            0                            0                            0                            0           25.487480883953186           451.47322294559092                            0                            0                            0                            0
0                            0                            0                            0                            0                            0                            0           585.03372613259785          -48.802078268343763                            0                            0
0                            0                            0                            0                            0                            0                            0          -48.802078268343763           474.97607639526325                            0                            0
0                            0                            0                            0                            0                            0                            0                            0                            0           601.17193914252528          -23.897353219444366
0                            0                            0                            0                            0                            0                            0                            0                            0          -23.897353219444366           564.81626891802989
