79
11
-80        0.0054299999999999999
-80         -0.15820999999999999
-80        0.0048300000000000001
30         -0.53842800000000002
30          -3.4636300000000002
27                     0.889046
27          -2.1339899999999998
28         -0.41487099999999999
28                     -2.09152
26         -0.49658200000000002
26         -0.98378100000000002
75432.636178367451          -99.766669384353065           -5964.696070987291                            0                            0                            0                            0                            0                            0                            0                            0
-99.766669384353065            78353.02580416773           -209.4173691089762                            0                            0                            0                            0                            0                            0                            0                            0
-5964.696070987291           -209.4173691089762           4676.5627680401722                            0                            0                            0                            0                            0                            0                            0                            0
0                            0                            0           569.02051723984152          -53.435449233550052                            0                            0                            0                            0                            0                            0
0                            0                            0          -53.435449233550052           213.97079530148574                            0                            0                            0                            0                            0                            0
0                            0                            0                            0                            0           583.19263169029909            52.23712611537831                            0                            0                            0                            0
0                            0                            0                            0                            0            52.23712611537831           429.38312326274132                            0                            0                            0                            0
0                            0                            0                            0                            0                            0                            0           597.76442717597104          -25.504863784578607                            0                            0
0                            0                            0                            0                            0                            0                            0          -25.504863784578607            439.7385786831112                            0                            0
0                            0                            0                            0                            0                            0                            0                            0                            0           611.63964946861324          -10.898030660365198
0                            0                            0                            0                            0                            0                            0                            0                            0          -10.898030660365198           576.99523949121362
