678
13
-679        0.0093799999999999994
-679                     -0.10424
-679          0.21687999999999999
145                      2.36727
145          -3.0483199999999999
139           1.3051299999999999
139                     -2.35832
138           2.0587900000000001
138                      -1.7159
136          0.74705999999999995
136          -1.6005199999999999
132         0.055932599999999999
132         -0.92659899999999995
77248.508682122629          -128.33779882392639          -3979.3077450660367                            0                            0                            0                            0                            0                            0                            0                            0                            0                            0
-128.33779882392639            78542.11307527819          -516.95083025243116                            0                            0                            0                            0                            0                            0                            0                            0                            0                            0
-3979.3077450660367          -516.95083025243116            4423.475079299853                            0                            0                            0                            0                            0                            0                            0                            0                            0                            0
0                            0                            0             463.096001655961           177.22248681355799                            0                            0                            0                            0                            0                            0                            0                            0
0                            0                            0           177.22248681355799            307.7964224392141                            0                            0                            0                            0                            0                            0                            0                            0
0                            0                            0                            0                            0           556.15127810728484           87.886524806291817                            0                            0                            0                            0                            0                            0
0                            0                            0                            0                            0           87.886524806291817           391.01063720938208                            0                            0                            0                            0                            0                            0
0                            0                            0                            0                            0                            0                            0           518.71697741510081           98.632269293638032                            0                            0                            0                            0
0                            0                            0                            0                            0                            0                            0           98.632269293638032           489.98369747431309                            0                            0                            0                            0
0                            0                            0                            0                            0                            0                            0                            0                            0           598.44598351622903           29.228313644021089                            0                            0
0                            0                            0                            0                            0                            0                            0                            0                            0           29.228313644021089           510.53546224886958                            0                            0
0                            0                            0                            0                            0                            0                            0                            0                            0                            0                            0           615.62743614676015          0.45644299855379505
0                            0                            0                            0                            0                            0                            0                            0                            0                            0                            0          0.45644299855379505           581.29767782138561
