2941
15
-2942        -0.027019999999999999
-2942         -0.17588999999999999
-2942        -0.075980000000000006
548        -0.027031599999999999
548          -2.9500700000000002
174                     -1.43933
174          -2.9259499999999998
546          0.22070100000000001
546          -2.3900000000000001
175                     -1.30846
175                      -2.2443
544          0.43462899999999999
544                     -1.39011
549         -0.97337200000000001
549         -0.86521700000000001
60564.655989468862           458.93204110858778          -5336.8003545518231                            0                            0                            0                            0                            0                            0                            0                            0                            0                            0                            0                            0
458.93204110858778           63391.786513924984           850.55326509118822                            0                            0                            0                            0                            0                            0                            0                            0                            0                            0                            0                            0
-5336.8003545518231           850.55326509118822           3888.0527577913354                            0                            0                            0                            0                            0                            0                            0                            0                            0                            0                            0                            0
0                            0                            0            588.9494401998121          -5.0561056820629817                            0                            0                            0                            0                            0                            0                            0                            0                            0                            0
0                            0                            0          -5.0561056820629817           293.23147486877451                            0                            0                            0                            0                            0                            0                            0                            0                            0                            0
0                            0                            0                            0                            0           532.64473827395989          -119.70574323554511                            0                            0                            0                            0                            0                            0                            0                            0
0                            0                            0                            0                            0          -119.70574323554511            303.7673737243079                            0                            0                            0                            0                            0                            0                            0                            0
0                            0                            0                            0                            0                            0                            0           597.37620451023724           12.717655469081965                            0                            0                            0                            0                            0                            0
0                            0                            0                            0                            0                            0                            0           12.717655469081965           389.97780578766572                            0                            0                            0                            0                            0                            0
0                            0                            0                            0                            0                            0                            0                            0                            0           555.37755124242733          -87.349129882903782                            0                            0                            0                            0
0                            0                            0                            0                            0                            0                            0                            0                            0          -87.349129882903782           411.47741880266824                            0                            0                            0                            0
0                            0                            0                            0                            0                            0                            0                            0                            0                            0                            0           608.34624210627248           12.996070344467952                            0                            0
0                            0                            0                            0                            0                            0                            0                            0                            0                            0                            0           12.996070344467952            537.6549108652747                            0                            0
0                            0                            0                            0                            0                            0                            0                            0                            0                            0                            0                            0                            0           603.79315923152842           -19.10216682592387
0                            0                            0                            0                            0                            0                            0                            0                            0                            0                            0                            0                            0           -19.10216682592387           584.66189878372541
