550
11
-551       -0.0021900000000000001
-551         -0.16556000000000001
-551         0.066170000000000007
100           1.7608900000000001
100                     -2.30341
112          0.21234900000000001
112          -1.8676299999999999
110         -0.93408800000000003
110                     -1.40869
106          0.79098999999999997
106                     -1.18645
65832.994207473253           35.284157164283997          -5352.0990923110658                            0                            0                            0                            0                            0                            0                            0                            0
35.284157164283997           68625.830103826418            17.21098419557287                            0                            0                            0                            0                            0                            0                            0                            0
-5352.0990923110658            17.21098419557287           4117.3591264686784                            0                            0                            0                            0                            0                            0                            0                            0
0                            0                            0           525.14068095454479            115.3026535832341                            0                            0                            0                            0                            0                            0
0                            0                            0            115.3026535832341           402.10053045011603                            0                            0                            0                            0                            0                            0
0                            0                            0                            0                            0           604.96647950572412           8.7061038735024763                            0                            0                            0                            0
0                            0                            0                            0                            0           8.7061038735024763           475.29076636795605                            0                            0                            0                            0
0                            0                            0                            0                            0                            0                            0           594.22553593212365           -33.91375359087818                            0                            0
0                            0                            0                            0                            0                            0                            0           -33.91375359087818           534.39988375165774                            0                            0
0                            0                            0                            0                            0                            0                            0                            0                            0           604.13743856393251           20.802844808957364
0                            0                            0                            0                            0                            0                            0                            0                            0           20.802844808957364            558.0336217972872
