2005
5
-2006       -0.0060899999999999999
-2006        -0.096759999999999999
-2006         -0.23311000000000001
427         -0.73310299999999995
427          -1.3213600000000001
79274.355937422326           80.567900042179474          -3662.6653511099098                            0                            0
80.567900042179474           80371.711094308048           401.65225844781475                            0                            0
-3662.6653511099098           401.65225844781475           4484.0857942484317                            0                            0
0                            0                            0           602.16228917748788          -23.951716030663537
0                            0                            0          -23.951716030663537           544.99570894394571
