3073
19
-3074                      0.01208
-3074         -0.16309000000000001
-3074                      0.10511
121         -0.38289299999999998
121                     -3.62954
122                     -1.31735
122          -3.3492000000000002
127                     0.249998
127          -3.0179499999999999
123                     -1.14025
123          -2.4603999999999999
128                     0.448658
128          -2.3682599999999998
150           1.6006199999999999
150                     -1.64876
124         -0.91926099999999999
124                     -1.60653
129          0.69668099999999999
129          -1.4481200000000001
63245.683914528498          -198.89976868819622          -5103.2555318885697                            0                            0                            0                            0                            0                            0                            0                            0                            0                            0                            0                            0                            0                            0                            0                            0
-198.89976868819622           65830.468380354112          -428.73412306338946                            0                            0                            0                            0                            0                            0                            0                            0                            0                            0                            0                            0                            0                            0                            0                            0
-5103.2555318885697          -428.73412306338946           3947.8283358930248                            0                            0                            0                            0                            0                            0                            0                            0                            0                            0                            0                            0                            0                            0                            0                            0
0                            0                            0           569.96032377540837          -39.742795744780899                            0                            0                            0                            0                            0                            0                            0                            0                            0                            0                            0                            0                            0                            0
0                            0                            0          -39.742795744780899           190.84791780988195                            0                            0                            0                            0                            0                            0                            0                            0                            0                            0                            0                            0                            0                            0
0                            0                            0                            0                            0           533.85880599035136          -118.12082547038794                            0                            0                            0                            0                            0                            0                            0                            0                            0                            0                            0                            0
0                            0                            0                            0                            0          -118.12082547038794           241.50766459417238                            0                            0                            0                            0                            0                            0                            0                            0                            0                            0                            0                            0
0                            0                            0                            0                            0                            0                            0            586.0191634275568           19.283571689856664                            0                            0                            0                            0                            0                            0                            0                            0                            0                            0
0                            0                            0                            0                            0                            0                            0           19.283571689856664            281.0702309159355                            0                            0                            0                            0                            0                            0                            0                            0                            0                            0
0                            0                            0                            0                            0                            0                            0                            0                            0           560.81252865632871           -84.09390611282403                            0                            0                            0                            0                            0                            0                            0                            0
0                            0                            0                            0                            0                            0                            0                            0                            0           -84.09390611282403           375.37166930240136                            0                            0                            0                            0                            0                            0                            0                            0
0                            0                            0                            0                            0                            0                            0                            0                            0                            0                            0           593.71220284348544           28.166687227846921                            0                            0                            0                            0                            0                            0
0                            0                            0                            0                            0                            0                            0                            0                            0                            0                            0           28.166687227846921           392.61085108468723                            0                            0                            0                            0                            0                            0
0                            0                            0                            0                            0                            0                            0                            0                            0                            0                            0                            0                            0           555.80160359475144           72.277994789126126                            0                            0                            0                            0
0                            0                            0                            0                            0                            0                            0                            0                            0                            0                            0                            0                            0           72.277994789126126           499.62174456058699                            0                            0                            0                            0
0                            0                            0                            0                            0                            0                            0                            0                            0                            0                            0                            0                            0                            0                            0           590.66001837213889          -39.850252245835811                            0                            0
0                            0                            0                            0                            0                            0                            0                            0                            0                            0                            0                            0                            0                            0                            0          -39.850252245835811           509.64915858202124                            0                            0
0                            0                            0                            0                            0                            0                            0                            0                            0                            0                            0                            0                            0                            0                            0                            0                            0           602.34644941418787           23.495412148557477
0                            0                            0                            0                            0                            0                            0                            0                            0                            0                            0                            0                            0                            0                            0                            0                            0           23.495412148557477           529.97781259497458
