3136
13
-3137        0.0095999999999999992
-3137                     -0.18764
-3137                      0.00694
566          0.63284200000000002
566                        -3.23
571        -0.044734400000000001
571          -2.8051699999999999
564          0.89078500000000005
564          -2.0762399999999999
569                    -0.105138
569                     -1.96217
567                      -1.0302
567          -1.6995800000000001
62394.161667340741          -190.69273581358141          -5836.3566053446384                            0                            0                            0                            0                            0                            0                            0                            0                            0                            0
-190.69273581358141            65780.88062085709          -415.26325148549677                            0                            0                            0                            0                            0                            0                            0                            0                            0                            0
-5836.3566053446384          -415.26325148549677           4078.9733877037766                            0                            0                            0                            0                            0                            0                            0                            0                            0                            0
0                            0                            0           572.33437982087958            54.66369478654692                            0                            0                            0                            0                            0                            0                            0                            0
0                            0                            0            54.66369478654692           247.38334662214626                            0                            0                            0                            0                            0                            0                            0                            0
0                            0                            0                            0                            0           591.47514868939913          -6.0789382384795418                            0                            0                            0                            0                            0                            0
0                            0                            0                            0                            0          -6.0789382384795418           318.32501796170271                            0                            0                            0                            0                            0                            0
0                            0                            0                            0                            0                            0                            0           584.27774572201884           50.572914139427873                            0                            0                            0                            0
0                            0                            0                            0                            0                            0                            0           50.572914139427873           438.81623919089992                            0                            0                            0                            0
0                            0                            0                            0                            0                            0                            0                            0                            0           604.11411023309734          -6.9081844504556846                            0                            0
0                            0                            0                            0                            0                            0                            0                            0                            0          -6.9081844504556846           461.18260205463901                            0                            0
0                            0                            0                            0                            0                            0                            0                            0                            0                            0                            0           583.90708317711631          -48.561564545786119
0                            0                            0                            0                            0                            0                            0                            0                            0                            0                            0          -48.561564545786119           496.37305413106327
