2183
7
-2184         0.013520000000000001
-2184                     -0.05824
-2184         -0.25009999999999999
461                     0.466812
461         -0.97948500000000005
459         -0.46477800000000002
459         -0.91362399999999999
101709.81012975784          -95.651120127924685          -2851.3477537240838                            0                            0                            0                            0
-95.651120127924685           102143.41766056287          -611.01834805112446                            0                            0                            0                            0
-2851.3477537240838          -611.01834805112446           5565.3271571128998                            0                            0                            0                            0
0                            0                            0            612.6760013023578           8.9014759767441181                            0                            0
0                            0                            0           8.9014759767441181           576.95700668322024                            0                            0
0                            0                            0                            0                            0           612.84563204110964          -9.3253533527047647
0                            0                            0                            0                            0          -9.3253533527047647           582.31234691726559
