2943
15
-2944        -0.014800000000000001
-2944                     -0.14704
-2944        -0.020590000000000001
173          -1.1999500000000001
173          -3.7284000000000002
174          -1.1123400000000001
174          -2.7804000000000002
548          0.32025900000000002
548          -2.6515900000000001
175                     -1.04684
175          -2.0940699999999999
546          0.51708699999999996
546          -2.0675500000000002
544          0.60561200000000004
544          -1.0047299999999999
79087.472695442717           276.74759082267997          -5786.2596761827244                            0                            0                            0                            0                            0                            0                            0                            0                            0                            0                            0                            0
276.74759082267997           81696.038346857618           636.98202357360447                            0                            0                            0                            0                            0                            0                            0                            0                            0                            0                            0                            0
-5786.2596761827244           636.98202357360447           4813.7064242278602                            0                            0                            0                            0                            0                            0                            0                            0                            0                            0                            0                            0
0                            0                            0           534.92411583546584          -111.35802257182458                            0                            0                            0                            0                            0                            0                            0                            0                            0                            0
0                            0                            0          -111.35802257182458           192.66174491017125                            0                            0                            0                            0                            0                            0                            0                            0                            0                            0
0                            0                            0                            0                            0           555.97425810616528           -91.61138068627865                            0                            0                            0                            0                            0                            0                            0                            0
0                            0                            0                            0                            0           -91.61138068627865           322.35563677810427                            0                            0                            0                            0                            0                            0                            0                            0
0                            0                            0                            0                            0                            0                            0           591.53345304432526           22.181337584394488                            0                            0                            0                            0                            0                            0
0                            0                            0                            0                            0                            0                            0           22.181337584394488           343.90611433912704                            0                            0                            0                            0                            0                            0
0                            0                            0                            0                            0                            0                            0                            0                            0           574.06461412429223           -64.58051472565721                            0                            0                            0                            0
0                            0                            0                            0                            0                            0                            0                            0                            0           -64.58051472565721           436.18273691597938                            0                            0                            0                            0
0                            0                            0                            0                            0                            0                            0                            0                            0                            0                            0            597.0300797672013           27.576442232634918                            0                            0
0                            0                            0                            0                            0                            0                            0                            0                            0                            0                            0           27.576442232634918           442.75340168563434                            0                            0
0                            0                            0                            0                            0                            0                            0                            0                            0                            0                            0                            0                            0           610.47556864821001           12.353509987610412
0                            0                            0                            0                            0                            0                            0                            0                            0                            0                            0                            0                            0           12.353509987610412           574.72491405241135
