1070
11
-1071        0.0032699999999999999
-1071         -0.15670999999999999
-1071         0.017430000000000001
237          0.49183700000000002
237                     -2.08643
239         -0.77307000000000003
239                     -1.94563
235           1.7083900000000001
235          -1.6729799999999999
240         -0.79840299999999997
240                    -0.991089
74174.323568027961          -57.913738430716798          -5894.5901323503931                            0                            0                            0                            0                            0                            0                            0                            0
-57.913738430716798           77072.108174153269           79.764852340297864                            0                            0                            0                            0                            0                            0                            0                            0
-5894.5901323503931           79.764852340297864           4604.1451255248012                            0                            0                            0                            0                            0                            0                            0                            0
0                            0                            0           597.33429146332196           26.408234475482452                            0                            0                            0                            0                            0                            0
0                            0                            0           26.408234475482452           439.84288765904108                            0                            0                            0                            0                            0                            0
0                            0                            0                            0                            0           589.48351833896004          -43.076883709546564                            0                            0                            0                            0
0                            0                            0                            0                            0          -43.076883709546564           461.13866510982348                            0                            0                            0                            0
0                            0                            0                            0                            0                            0                            0           547.55348001302968           78.957427832056325                            0                            0
0                            0                            0                            0                            0                            0                            0           78.957427832056325           496.03914079432531                            0                            0
0                            0                            0                            0                            0                            0                            0                            0                            0           605.96680834443509          -18.065299829339136
0                            0                            0                            0                            0                            0                            0                            0                            0          -18.065299829339136           575.94898067388499
