2821
11
-2822                     -0.00645
-2822        -0.056210000000000003
-2822          0.24288000000000001
521          0.42689100000000002
521                     -2.39032
523           1.4091499999999999
523          -1.7717700000000001
525                      1.41797
525          -1.2864899999999999
518         0.074999899999999994
518                     -1.01536
105962.1072302283           48.376549617333069          -2932.2969495786242                            0                            0                            0                            0                            0                            0                            0                            0
48.376549617333069           106471.59698243917           233.54339630657526                            0                            0                            0                            0                            0                            0                            0                            0
-2932.2969495786242           233.54339630657526           5794.7742712664103                            0                            0                            0                            0                            0                            0                            0                            0
0                            0                            0           593.84199234446817            26.97052719057454                            0                            0                            0                            0                            0                            0
0                            0                            0            26.97052719057454           388.92400415913494                            0                            0                            0                            0                            0                            0
0                            0                            0                            0                            0           564.39756452461779           68.663873760053761                            0                            0                            0                            0
0                            0                            0                            0                            0           68.663873760053761           483.05437739977657                            0                            0                            0                            0
0                            0                            0                            0                            0                            0                            0           577.99164160852524           46.049868939275299                            0                            0
0                            0                            0                            0                            0                            0                            0           46.049868939275299           544.76222781773038                            0                            0
0                            0                            0                            0                            0                            0                            0                            0                            0           614.83365062824896          0.90896406795524365
0                            0                            0                            0                            0                            0                            0                            0                            0          0.90896406795524365           574.42347513948221
