2906
7
-2907       -0.0079500000000000005
-2907                     -0.12503
-2907         -0.12740000000000001
551                     0.112952
551                     -1.29813
550         -0.42203600000000002
550         -0.91664500000000004
77638.103054215826           122.10479148630645          -4816.9822527455635                            0                            0                            0                            0
122.10479148630645           79498.327141184171           413.89209670741116                            0                            0                            0                            0
-4816.9822527455635           413.89209670741116           4567.1291461837982                            0                            0                            0                            0
0                            0                            0           612.08008098389212           2.3483699145440493                            0                            0
0                            0                            0           2.3483699145440493           548.18550090256326                            0                            0
0                            0                            0                            0                            0           613.30912860915043          -8.5107559569977695
0                            0                            0                            0                            0          -8.5107559569977695           582.11236342611915
