237
7
-238       -0.0047600000000000003
-238         -0.14108999999999999
-238        -0.065699999999999995
71          0.74717699999999998
71          -1.1305799999999999
73                   -0.0139255
73          -1.1017999999999999
76909.753106101518           66.031015382009343          -5291.1738822439047                            0                            0                            0                            0
66.031015382009343           79255.354400813609           211.47796483534512                            0                            0                            0                            0
-5291.1738822439047           211.47796483534512           4617.2655928847735                            0                            0                            0                            0
0                            0                            0           606.04471929911301           18.283177479465269                            0                            0
0                            0                            0           18.283177479465269           563.47833636989526                            0                            0
0                            0                            0                            0                            0           614.06764726039057          -1.0260639739068356
0                            0                            0                            0                            0          -1.0260639739068356           567.16843313789161
