3049
15
-3050        -0.012659999999999999
-3050                     -0.17076
-3050        -0.093039999999999998
126         -0.77476500000000004
126          -3.2724700000000002
134                    -0.855603
134          -2.6755499999999999
132                     0.112523
132          -2.3672800000000001
136          0.26667000000000002
136                     -1.45381
137         -0.92537400000000003
137          -1.2379599999999999
149          0.77803299999999997
149          -1.1092200000000001
61480.539183366513           208.36230607611776          -5216.0492202751866                            0                            0                            0                            0                            0                            0                            0                            0                            0                            0                            0                            0
208.36230607611776           64241.782417772709           458.50126002816057                            0                            0                            0                            0                            0                            0                            0                            0                            0                            0                            0                            0
-5216.0492202751866           458.50126002816057           3893.8867266582874                            0                            0                            0                            0                            0                            0                            0                            0                            0                            0                            0                            0
0                            0                            0           563.86369973741876          -72.827199776648357                            0                            0                            0                            0                            0                            0                            0                            0                            0                            0
0                            0                            0          -72.827199776648357           243.13513424469949                            0                            0                            0                            0                            0                            0                            0                            0                            0                            0
0                            0                            0                            0                            0           571.51872956194882          -69.212391227805668                            0                            0                            0                            0                            0                            0                            0                            0
0                            0                            0                            0                            0          -69.212391227805668           338.57390473834749                            0                            0                            0                            0                            0                            0                            0                            0
0                            0                            0                            0                            0                            0                            0           598.63223273519736           5.3845736560123161                            0                            0                            0                            0                            0                            0
0                            0                            0                            0                            0                            0                            0           5.3845736560123161           394.13865614683783                            0                            0                            0                            0                            0                            0
0                            0                            0                            0                            0                            0                            0                            0                            0           609.54060610017052           7.9450204250472094                            0                            0                            0                            0
0                            0                            0                            0                            0                            0                            0                            0                            0           7.9450204250472094           530.68353586443141                            0                            0                            0                            0
0                            0                            0                            0                            0                            0                            0                            0                            0                            0                            0           597.98969387992008          -28.236363600600676                            0                            0
0                            0                            0                            0                            0                            0                            0                            0                            0                            0                            0          -28.236363600600676           553.16703110568108                            0                            0
0                            0                            0                            0                            0                            0                            0                            0                            0                            0                            0                            0                            0           605.66707435199487           18.699995719767813
0                            0                            0                            0                            0                            0                            0                            0                            0                            0                            0                            0                            0           18.699995719767813           565.33852563789947
