940
23
-941        0.0015399999999999999
-941                     -0.10141
-941                      0.20016
194           3.0136500000000002
194          -3.0679799999999999
121          -1.5802499999999999
121          -2.8918400000000002
111          -2.8065199999999999
111          -2.8038400000000001
127         -0.72961399999999998
127          -2.5254400000000001
192           2.1653099999999998
192          -2.4437899999999999
122          -2.3626200000000002
122          -2.3302299999999998
128                    -0.304753
128          -2.0064600000000001
150                      1.00949
150                     -1.71566
129          0.26646799999999998
129          -1.2239100000000001
133                      1.06429
133         -0.94076199999999999
81207.979454608372          -21.088200855320906          -4116.5640583994254                            0                            0                            0                            0                            0                            0                            0                            0                            0                            0                            0                            0                            0                            0                            0                            0                            0                            0                            0                            0
-21.088200855320906           82437.929338558373          -201.16814624753064                            0                            0                            0                            0                            0                            0                            0                            0                            0                            0                            0                            0                            0                            0                            0                            0                            0                            0                            0                            0
-4116.5640583994254          -201.16814624753064           4632.5409773025422                            0                            0                            0                            0                            0                            0                            0                            0                            0                            0                            0                            0                            0                            0                            0                            0                            0                            0                            0                            0
0                            0                            0           408.25814050965278           205.71457899970798                            0                            0                            0                            0                            0                            0                            0                            0                            0                            0                            0                            0                            0                            0                            0                            0                            0                            0
0                            0                            0           205.71457899970798           329.24979448603187                            0                            0                            0                            0                            0                            0                            0                            0                            0                            0                            0                            0                            0                            0                            0                            0                            0                            0
0                            0                            0                            0                            0            523.3304569046046          -128.80142496064713                            0                            0                            0                            0                            0                            0                            0                            0                            0                            0                            0                            0                            0                            0                            0                            0
0                            0                            0                            0                            0          -128.80142496064713           311.46219741684206                            0                            0                            0                            0                            0                            0                            0                            0                            0                            0                            0                            0                            0                            0                            0                            0
0                            0                            0                            0                            0                            0                            0           422.83540354306257          -192.32362131744895                            0                            0                            0                            0                            0                            0                            0                            0                            0                            0                            0                            0                            0                            0
0                            0                            0                            0                            0                            0                            0          -192.32362131744895           357.97683602004872                            0                            0                            0                            0                            0                            0                            0                            0                            0                            0                            0                            0                            0                            0
0                            0                            0                            0                            0                            0                            0                            0                            0           579.98314660368271          -56.021373815770303                            0                            0                            0                            0                            0                            0                            0                            0                            0                            0                            0                            0
0                            0                            0                            0                            0                            0                            0                            0                            0          -56.021373815770303           364.36418780522968                            0                            0                            0                            0                            0                            0                            0                            0                            0                            0                            0                            0
0                            0                            0                            0                            0                            0                            0                            0                            0                            0                            0           488.35023277356896           145.47837556651274                            0                            0                            0                            0                            0                            0                            0                            0                            0                            0
0                            0                            0                            0                            0                            0                            0                            0                            0                            0                            0           145.47837556651274            386.1344735028988                            0                            0                            0                            0                            0                            0                            0                            0                            0                            0
0                            0                            0                            0                            0                            0                            0                            0                            0                            0                            0                            0                            0           469.25519505299292          -152.31714198955274                            0                            0                            0                            0                            0                            0                            0                            0
0                            0                            0                            0                            0                            0                            0                            0                            0                            0                            0                            0                            0          -152.31714198955274           409.65741374325216                            0                            0                            0                            0                            0                            0                            0                            0
0                            0                            0                            0                            0                            0                            0                            0                            0                            0                            0                            0                            0                            0                            0           601.21191398395956          -17.934696384505084                            0                            0                            0                            0                            0                            0
0                            0                            0                            0                            0                            0                            0                            0                            0                            0                            0                            0                            0                            0                            0          -17.934696384505084           453.86882514011103                            0                            0                            0                            0                            0                            0
0                            0                            0                            0                            0                            0                            0                            0                            0                            0                            0                            0                            0                            0                            0                            0                            0           586.68043476275579           45.297873849110204                            0                            0                            0                            0
0                            0                            0                            0                            0                            0                            0                            0                            0                            0                            0                            0                            0                            0                            0                            0                            0           45.297873849110204           493.16307762107118                            0                            0                            0                            0
0                            0                            0                            0                            0                            0                            0                            0                            0                            0                            0                            0                            0                            0                            0                            0                            0                            0                            0           612.04330097612183           6.2658111430227388                            0                            0
0                            0                            0                            0                            0                            0                            0                            0                            0                            0                            0                            0                            0                            0                            0                            0                            0                            0                            0           6.2658111430227388           555.55798044275161                            0                            0
0                            0                            0                            0                            0                            0                            0                            0                            0                            0                            0                            0                            0                            0                            0                            0                            0                            0                            0                            0                            0           601.00219205284861           22.105096909705683
0                            0                            0                            0                            0                            0                            0                            0                            0                            0                            0                            0                            0                            0                            0                            0                            0                            0                            0                            0                            0           22.105096909705683           578.30027168708159
