3176
9
-3177        -0.016580000000000001
-3177         -0.15748999999999999
-3177                     -0.00182
580          0.47630499999999998
580          -3.2239599999999999
583         -0.70504800000000001
583          -2.9687899999999998
581                     -1.31559
581          -2.0971500000000001
75719.898719663557           298.67531803403085           -5944.366363977193                            0                            0                            0                            0                            0                            0
298.67531803403085           78603.355268047773           636.46570922006026                            0                            0                            0                            0                            0                            0
-5944.366363977193           636.46570922006026           4691.3965997576743                            0                            0                            0                            0                            0                            0
0                            0                            0           577.26369253197061           40.718956351046216                            0                            0                            0                            0
0                            0                            0           40.718956351046216           247.74100362952032                            0                            0                            0                            0
0                            0                            0                            0                            0            572.5187979892894          -62.904511466309692                            0                            0
0                            0                            0                            0                            0          -62.904511466309692           289.41655285161551                            0                            0
0                            0                            0                            0                            0                            0                            0           558.53709915996512          -81.448341556629941
0                            0                            0                            0                            0                            0                            0          -81.448341556629941           435.23642729474057
