1086
5
-1087        0.0010399999999999999
-1087        -0.091230000000000006
-1087          0.26922000000000001
233          0.89516499999999999
233          -1.1484399999999999
77716.386867731271          -21.649521906787555          -3515.7539515912758                            0                            0
-21.649521906787555           78707.611444913273          -200.23262927326934                            0                            0
-3515.7539515912758          -200.23262927326934           4382.7657935100078                            0                            0
0                            0                            0           602.01656950320978           23.051407665671505
0                            0                            0           23.051407665671505           561.30453139342751
