644
7
-645                     -0.02163
-645         -0.13128000000000001
-645                      0.13449
147        -0.091181200000000004
147          -1.3718900000000001
148          0.61765400000000004
148                     -1.06525
71706.683882935642           331.08339546929381          -5146.1900435238658                            0                            0                            0                            0
331.08339546929381           73516.923341319198           253.69057587115512                            0                            0                            0                            0
-5146.1900435238658           253.69057587115512           4319.3385154138186                            0                            0                            0                            0
0                            0                            0           611.22053121671706          -3.7403594599129191                            0                            0
0                            0                            0          -3.7403594599129191           540.37065692505348                            0                            0
0                            0                            0                            0                            0           609.51237562678182           13.598141216294085
0                            0                            0                            0                            0           13.598141216294085           569.64328005979837
