3172
5
-3173       -0.0055100000000000001
-3173                     -0.16075
-3173                      0.00545
581                     -1.22912
581          -2.6643300000000001
74092.366690549577            93.90924952341777          -5942.0381761352428                            0                            0
93.90924952341777           77053.536287110139           183.73424700272372                            0                            0
-5942.0381761352428           183.73424700272372           4611.5675822948215                            0                            0
0                            0                            0           551.23822913100389          -97.093773123121181
0                            0                            0          -97.093773123121181           342.12754021773753
