1230
13
-1231       -0.0052599999999999999
-1231         -0.17075000000000001
-1231         0.078909999999999994
261                      2.03931
261          -3.2174399999999999
258                     0.326847
258          -2.8985400000000001
259                      1.55538
259          -2.0925199999999999
18                    -0.341893
18                     -1.39537
257                      1.04409
257         -0.90098699999999998
62736.705467210959           82.848633986882987          -5334.3618098407715                            0                            0                            0                            0                            0                            0                            0                            0                            0                            0
82.848633986882987           65575.928647732042           86.348758619276097                            0                            0                            0                            0                            0                            0                            0                            0                            0                            0
-5334.3618098407715           86.348758619276097           3972.4126141600041                            0                            0                            0                            0                            0                            0                            0                            0                            0                            0
0                            0                            0            488.1908071761228           162.02271006821715                            0                            0                            0                            0                            0                            0                            0                            0
0                            0                            0           162.02271006821715           275.49879112393131                            0                            0                            0                            0                            0                            0                            0                            0
0                            0                            0                            0                            0           586.94617577190434           24.996354341545462                            0                            0                            0                            0                            0                            0
0                            0                            0                            0                            0           24.996354341545462            301.0288272929381                            0                            0                            0                            0                            0                            0
0                            0                            0                            0                            0                            0                            0           545.88844752151692           92.638239107055753                            0                            0                            0                            0
0                            0                            0                            0                            0                            0                            0           92.638239107055753           434.22197018584467                            0                            0                            0                            0
0                            0                            0                            0                            0                            0                            0                            0                            0            608.8529991299979          -11.954959287310009                            0                            0
0                            0                            0                            0                            0                            0                            0                            0                            0          -11.954959287310009           537.63222961944518                            0                            0
0                            0                            0                            0                            0                            0                            0                            0                            0                            0                            0           602.37674995674536           20.523849649750481
0                            0                            0                            0                            0                            0                            0                            0                            0                            0                            0           20.523849649750481           581.31484595433278
