2453
11
-2454        -0.013089999999999999
-2454         -0.15465999999999999
-2454       -0.0013699999999999999
362          0.57482800000000001
362                     -2.99552
357         -0.78391299999999997
357                     -2.75997
360          0.62775199999999998
360          -1.9412199999999999
355         -0.78236799999999995
355          -1.8604000000000001
77402.021603772126           241.14253331985765          -5971.0616208877755                            0                            0                            0                            0                            0                            0                            0                            0
241.14253331985765           80256.570309663541           482.31787942284279                            0                            0                            0                            0                            0                            0                            0                            0
-5971.0616208877755           482.31787942284279           4771.0921335888197                            0                            0                            0                            0                            0                            0                            0                            0
0                            0                            0           578.77095215370389           47.088207686009589                            0                            0                            0                            0                            0                            0
0                            0                            0           47.088207686009589           284.18103693373325                            0                            0                            0                            0                            0                            0
0                            0                            0                            0                            0            573.1572084240745          -65.495667509197247                            0                            0                            0                            0
0                            0                            0                            0                            0          -65.495667509197247           324.21162338111981                            0                            0                            0                            0
0                            0                            0                            0                            0                            0                            0            596.1575689947183           31.389962421437165                            0                            0
0                            0                            0                            0                            0                            0                            0           31.389962421437165           462.10247600954915                            0                            0
0                            0                            0                            0                            0                            0                            0                            0                            0           590.78535347830723          -41.058813540114578
0                            0                            0                            0                            0                            0                            0                            0                            0          -41.058813540114578           474.17814481530866
