446
15
-447       0.00027999999999999998
-447         -0.17499999999999999
-447         0.063420000000000004
98          0.37489899999999998
98          -3.4816400000000001
91        -0.040171199999999997
91          -2.5957300000000001
92           1.5164500000000001
92          -2.3547699999999998
90         -0.32256200000000002
90          -1.8877900000000001
89         -0.53112300000000001
89                     -1.01492
42          0.95603400000000005
42         -0.97679800000000006
62531.544711643925           2.2547130770896322          -5347.8143247100306                            0                            0                            0                            0                            0                            0                            0                            0                            0                            0                            0                            0
2.2547130770896322           65491.323188613307           4.8566330497877921                            0                            0                            0                            0                            0                            0                            0                            0                            0                            0                            0                            0
-5347.8143247100306           4.8566330497877921           3971.3799156780001                            0                            0                            0                            0                            0                            0                            0                            0                            0                            0                            0                            0
0                            0                            0           574.53241107305053           32.804695868852448                            0                            0                            0                            0                            0                            0                            0                            0                            0                            0
0                            0                            0           32.804695868852448           209.73828862474787                            0                            0                            0                            0                            0                            0                            0                            0                            0                            0
0                            0                            0                            0                            0           595.08944730554026          -5.1393378896328707                            0                            0                            0                            0                            0                            0                            0                            0
0                            0                            0                            0                            0          -5.1393378896328707           354.61659320820843                            0                            0                            0                            0                            0                            0                            0                            0
0                            0                            0                            0                            0                            0                            0           542.12131379542473           101.96551564294198                            0                            0                            0                            0                            0                            0
0                            0                            0                            0                            0                            0                            0           101.96551564294198           392.29035520309333                            0                            0                            0                            0                            0                            0
0                            0                            0                            0                            0                            0                            0                            0                            0           602.63815153682197          -17.361227475718643                            0                            0                            0                            0
0                            0                            0                            0                            0                            0                            0                            0                            0          -17.361227475718643           472.20494283521043                            0                            0                            0                            0
0                            0                            0                            0                            0                            0                            0                            0                            0                            0                            0            610.7639602761808          -12.124617176552539                            0                            0
0                            0                            0                            0                            0                            0                            0                            0                            0                            0                            0          -12.124617176552539           574.47810527677018                            0                            0
0                            0                            0                            0                            0                            0                            0                            0                            0                            0                            0                            0                            0            603.4035598559135            20.33574170063973
0                            0                            0                            0                            0                            0                            0                            0                            0                            0                            0                            0                            0            20.33574170063973           575.96997167029633
