2259
13
-2260                      0.01566
-2260         -0.16103000000000001
-2260                      0.01702
366         -0.62597999999999998
366                     -3.54535
368         -0.74710799999999999
368          -2.0183499999999999
363                     0.716696
363                     -1.99041
370         -0.80402899999999999
370          -1.3150999999999999
365          0.71352800000000005
365          -1.3078000000000001
72350.951304397327          -280.06703664178951          -5818.8302096077559                            0                            0                            0                            0                            0                            0                            0                            0                            0                            0
-280.06703664178951           75251.144772343003          -566.59605515610065                            0                            0                            0                            0                            0                            0                            0                            0                            0                            0
-5818.8302096077559          -566.59605515610065           4511.7393627037309                            0                            0                            0                            0                            0                            0                            0                            0                            0                            0
0                            0                            0           564.46366825936434          -61.736428846003108                            0                            0                            0                            0                            0                            0                            0                            0
0                            0                            0          -61.736428846003108           203.99594299884168                            0                            0                            0                            0                            0                            0                            0                            0
0                            0                            0                            0                            0           589.06046473952586          -43.676399920847494                            0                            0                            0                            0                            0                            0
0                            0                            0                            0                            0          -43.676399920847494           449.78461312223186                            0                            0                            0                            0                            0                            0
0                            0                            0                            0                            0                            0                            0           592.53565497634213           37.636034515349735                            0                            0                            0                            0
0                            0                            0                            0                            0                            0                            0           37.636034515349735            453.7742414419281                            0                            0                            0                            0
0                            0                            0                            0                            0                            0                            0                            0                            0           600.29016054413114          -26.271622648165838                            0                            0
0                            0                            0                            0                            0                            0                            0                            0                            0          -26.271622648165838             545.450402352011                            0                            0
0                            0                            0                            0                            0                            0                            0                            0                            0                            0                            0           604.12355376647463           21.013435610563025
0                            0                            0                            0                            0                            0                            0                            0                            0                            0                            0           21.013435610563025            545.8534337831336
