3028
13
-3029                      -0.0001
-3029                     -0.19985
-3029       0.00052999999999999998
139          0.71116000000000001
139          -3.8492899999999999
146                    -0.113164
146          -2.8317000000000001
145          0.81361499999999998
145          -2.6299199999999998
166                    -0.555562
166          -1.8915599999999999
162          0.94081800000000004
162          -1.6747700000000001
58641.207889270459           2.0716485503304289          -5847.0894684279519                            0                            0                            0                            0                            0                            0                            0                            0                            0                            0
2.0716485503304289           62287.833407601429           1.8474926714260562                            0                            0                            0                            0                            0                            0                            0                            0                            0                            0
-5847.0894684279519           1.8474926714260562           3925.1451159360868                            0                            0                            0                            0                            0                            0                            0                            0                            0                            0
0                            0                            0           557.37802422149502           64.537059366375331                            0                            0                            0                            0                            0                            0                            0                            0
0                            0                            0           64.537059366375331           167.80886586446576                            0                            0                            0                            0                            0                            0                            0                            0
0                            0                            0                            0                            0           590.42707690539294          -11.824220389261997                            0                            0                            0                            0                            0                            0
0                            0                            0                            0                            0          -11.824220389261997           313.38658420670833                            0                            0                            0                            0                            0                            0
0                            0                            0                            0                            0                            0                            0           576.73463592409314           60.216471517998023                            0                            0                            0                            0
0                            0                            0                            0                            0                            0                            0           60.216471517998023           345.46567053128422                            0                            0                            0                            0
0                            0                            0                            0                            0                            0                            0                            0                            0           597.51553693700259           -29.60846187884011                            0                            0
0                            0                            0                            0                            0                            0                            0                            0                            0           -29.60846187884011           470.66217907106341                            0                            0
0                            0                            0                            0                            0                            0                            0                            0                            0                            0                            0           590.36930724036506           40.472885101535702
0                            0                            0                            0                            0                            0                            0                            0                            0                            0                            0           40.472885101535702            499.3211456364279
