2873
13
-2874        -0.023980000000000001
-2874         -0.16739000000000001
-2874                     -0.00266
543                     -1.05444
543          -2.9635699999999998
538          0.47609899999999999
538                     -2.39019
541         -0.88837100000000002
541                     -1.65184
536          0.62892599999999999
536                     -1.38066
539         -0.85601099999999997
539                     -0.91008
70531.784102411519           439.60668565819969          -5882.5953402871191                            0                            0                            0                            0                            0                            0                            0                            0                            0                            0
439.60668565819969           73527.125071543356           851.67170764097193                            0                            0                            0                            0                            0                            0                            0                            0                            0                            0
-5882.5953402871191           851.67170764097193             4449.93568218788                            0                            0                            0                            0                            0                            0                            0                            0                            0                            0
0                            0                            0           555.80714259614228          -91.308604898734032                            0                            0                            0                            0                            0                            0                            0                            0
0                            0                            0          -91.308604898734032           292.67238553008224                            0                            0                            0                            0                            0                            0                            0                            0
0                            0                            0                            0                            0            592.6720753843216           30.420951766335786                            0                            0                            0                            0                            0                            0
0                            0                            0                            0                            0           30.420951766335786           388.64524911437996                            0                            0                            0                            0                            0                            0
0                            0                            0                            0                            0                            0                            0           590.91993465730468          -39.906219786684233                            0                            0                            0                            0
0                            0                            0                            0                            0                            0                            0          -39.906219786684233           503.67688591000609                            0                            0                            0                            0
0                            0                            0                            0                            0                            0                            0                            0                            0           604.96342809154078           19.572617801356106                            0                            0
0                            0                            0                            0                            0                            0                            0                            0                            0           19.572617801356106           538.10871822085642                            0                            0
0                            0                            0                            0                            0                            0                            0                            0                            0                            0                            0           605.94567363714975          -17.575922957238237
0                            0                            0                            0                            0                            0                            0                            0                            0                            0                            0          -17.575922957238237           581.92881447901857
