37
11
-38       -0.0057200000000000003
-38         -0.18126999999999999
-38        -0.061039999999999997
17                     -1.97908
17          -2.7593100000000002
16         -0.59311100000000005
16          -2.6831100000000001
15          0.93405700000000003
15                     -2.43269
14                      1.21722
14         -0.90780700000000003
60479.121747188947           96.717100043225457           -5463.450880520053                            0                            0                            0                            0                            0                            0                            0                            0
96.717100043225457           63560.963937899083           229.95253800781776                            0                            0                            0                            0                            0                            0                            0                            0
-5463.450880520053           229.95253800781776           3905.0613917713872                            0                            0                            0                            0                            0                            0                            0                            0
0                            0                            0           494.66866621622779          -150.43790089364623                            0                            0                            0                            0                            0                            0
0                            0                            0          -150.43790089364623           339.57391114821888                            0                            0                            0                            0                            0                            0
0                            0                            0                            0                            0            582.1738135876036          -48.868781840329738                            0                            0                            0                            0
0                            0                            0                            0                            0          -48.868781840329738           337.41658439977357                            0                            0                            0                            0
0                            0                            0                            0                            0                            0                            0           575.13926756806018           64.190028340896546                            0                            0
0                            0                            0                            0                            0                            0                            0           64.190028340896546           378.87539225556924                            0                            0
0                            0                            0                            0                            0                            0                            0                            0                            0           596.77318734449693           24.958676887484291
0                            0                            0                            0                            0                            0                            0                            0                            0           24.958676887484291           579.94184946058692
