1963
15
-1964         0.046710000000000002
-1964                     -0.17201
-1964          0.25047000000000003
370                      1.57704
370                     -2.63259
368           2.1960799999999998
368          -2.1779000000000002
365          0.71615799999999996
365                      -1.3989
410         -0.60648000000000002
410          -1.0886899999999999
363                      1.30345
363          -1.0052000000000001
409          0.28203499999999998
409         -0.97091499999999997
49483.858751731001          -629.58865223106568          -4169.4743206271896                            0                            0                            0                            0                            0                            0                            0                            0                            0                            0                            0                            0
-629.58865223106568           51608.910001492251          -1343.4342827491184                            0                            0                            0                            0                            0                            0                            0                            0                            0                            0                            0                            0
-4169.4743206271896          -1343.4342827491184           3167.6906142075786                            0                            0                            0                            0                            0                            0                            0                            0                            0                            0                            0                            0
0                            0                            0           531.82658945351091           116.64659341951698                            0                            0                            0                            0                            0                            0                            0                            0                            0                            0
0                            0                            0           116.64659341951698           348.47328351523049                            0                            0                            0                            0                            0                            0                            0                            0                            0                            0
0                            0                            0                            0                            0           491.84182346933301           133.59350226506726                            0                            0                            0                            0                            0                            0                            0                            0
0                            0                            0                            0                            0           133.59350226506726            425.5975863448428                            0                            0                            0                            0                            0                            0                            0                            0
0                            0                            0                            0                            0                            0                            0           602.63239386646944           23.125627349463155                            0                            0                            0                            0                            0                            0
0                            0                            0                            0                            0                            0                            0           23.125627349463155            535.6753875293939                            0                            0                            0                            0                            0                            0
0                            0                            0                            0                            0                            0                            0                            0                            0           608.53789545021129          -15.186963979573596                            0                            0                            0                            0
0                            0                            0                            0                            0                            0                            0                            0                            0          -15.186963979573596           568.15113214919836                            0                            0                            0                            0
0                            0                            0                            0                            0                            0                            0                            0                            0                            0                            0            591.1366956035647           30.620403369477746                            0                            0
0                            0                            0                            0                            0                            0                            0                            0                            0                            0                            0           30.620403369477746           571.99772117941893                            0                            0
0                            0                            0                            0                            0                            0                            0                            0                            0                            0                            0                            0                            0           614.42541648840813           4.9681775044856211
0                            0                            0                            0                            0                            0                            0                            0                            0                            0                            0                            0                            0           4.9681775044856211           577.81435488470959
