3229
7
-3230       -0.0082199999999999999
-3230         -0.15804000000000001
-3230        0.0060699999999999999
19                      1.07918
19          -2.1087600000000002
16          -1.0681799999999999
16          -2.0350700000000002
75264.59268078969           152.38273583330192          -5924.8718976530427                            0                            0                            0                            0
152.38273583330192           78229.406666460185           289.26390638324784                            0                            0                            0                            0
-5924.8718976530427           289.26390638324784           4665.4755458542504                            0                            0                            0                            0
0                            0                            0           574.72299975910744            63.54189870255162                            0                            0
0                            0                            0            63.54189870255162           432.47388582402311                            0                            0
0                            0                            0                            0                            0           574.29806689473446          -63.654941244058072
0                            0                            0                            0                            0          -63.654941244058072            445.6019667997715
