916
15
-917       -0.0055799999999999999
-917                     -0.17837
-917        -0.048809999999999999
125        -0.032914699999999998
125          -3.7665199999999999
126         -0.25647900000000001
126          -2.9157099999999998
134         -0.42331000000000002
134          -2.3523499999999999
132          0.45878099999999999
132                     -1.86361
137         -0.78409799999999996
137         -0.92554099999999995
136          0.44644499999999998
136         -0.93207099999999998
62451.531750209273           97.386104647132242          -5577.7445798362214                            0                            0                            0                            0                            0                            0                            0                            0                            0                            0                            0                            0
97.386104647132242           65550.220330244032           230.50149775637652                            0                            0                            0                            0                            0                            0                            0                            0                            0                            0                            0                            0
-5577.7445798362214           230.50149775637652            4016.388267513084                            0                            0                            0                            0                            0                            0                            0                            0                            0                            0                            0                            0
0                            0                            0           571.96310609959255          -6.3029034127655921                            0                            0                            0                            0                            0                            0                            0                            0                            0                            0
0                            0                            0          -6.3029034127655921           172.20042068560008                            0                            0                            0                            0                            0                            0                            0                            0                            0                            0
0                            0                            0                            0                            0            586.8390350276826          -24.399711375735919                            0                            0                            0                            0                            0                            0                            0                            0
0                            0                            0                            0                            0          -24.399711375735919           298.29467970510791                            0                            0                            0                            0                            0                            0                            0                            0
0                            0                            0                            0                            0                            0                            0           593.24416360232669          -30.379819620684994                            0                            0                            0                            0                            0                            0
0                            0                            0                            0                            0                            0                            0          -30.379819620684994           395.70343462832568                            0                            0                            0                            0                            0                            0
0                            0                            0                            0                            0                            0                            0                            0                            0           601.49407420704995           20.889158445207535                            0                            0                            0                            0
0                            0                            0                            0                            0                            0                            0                            0                            0           20.889158445207535           474.96027720919102                            0                            0                            0                            0
0                            0                            0                            0                            0                            0                            0                            0                            0                            0                            0           607.32692769238872          -16.297470317943333                            0                            0
0                            0                            0                            0                            0                            0                            0                            0                            0                            0                            0          -16.297470317943333           580.99223301819939                            0                            0
0                            0                            0                            0                            0                            0                            0                            0                            0                            0                            0                            0                            0           613.40309202008712           7.9675387112196745
0                            0                            0                            0                            0                            0                            0                            0                            0                            0                            0                            0                            0           7.9675387112196745           580.60783312963417
