2762
9
-2763       -0.0089200000000000008
-2763         -0.15981999999999999
-2763                      0.01966
517        -0.088561699999999993
517          -3.3513199999999999
515                     -1.18543
515          -2.1253199999999999
508          0.84670000000000001
508                     -1.36693
72755.197197211557           154.00366271363873          -5787.1026906286988                            0                            0                            0                            0                            0                            0
154.00366271363873           75717.794665449168           329.30687987392025                            0                            0                            0                            0                            0                            0
-5787.1026906286988           329.30687987392025           4525.0333950138674                            0                            0                            0                            0                            0                            0
0                            0                            0           580.61835670851849          -11.416015994232062                            0                            0                            0                            0
0                            0                            0          -11.416015994232062           227.86036971838834                            0                            0                            0                            0
0                            0                            0                            0                            0           565.72444528310746          -74.527539103682798                            0                            0
0                            0                            0                            0                            0          -74.527539103682798           430.79985574608679                            0                            0
0                            0                            0                            0                            0                            0                            0           599.54840516946786           27.196197847548408
0                            0                            0                            0                            0                            0                            0           27.196197847548408           538.76113157170766
