2452
11
-2453        -0.013990000000000001
-2453                       -0.153
-2453      -0.00088000000000000003
362                      0.54801
362                     -3.12385
357         -0.80313199999999996
357          -2.9055399999999998
360          0.61087800000000003
360          -2.0839500000000002
355         -0.79341399999999995
355          -1.9974000000000001
78242.576308015705           273.62085052255611          -5967.7484044165467                            0                            0                            0                            0                            0                            0                            0                            0
273.62085052255611           81079.302758004967           568.70533726064684                            0                            0                            0                            0                            0                            0                            0                            0
-5967.7484044165467           568.70533726064684           4811.2800452105557                            0                            0                            0                            0                            0                            0                            0                            0
0                            0                            0           577.14859406529501           46.189640315019282                            0                            0                            0                            0                            0                            0
0                            0                            0           46.189640315019282           263.48948510006795                            0                            0                            0                            0                            0                            0
0                            0                            0                            0                            0           569.52319182931615          -69.922426878753001                            0                            0                            0                            0
0                            0                            0                            0                            0          -69.922426878753001           300.10942109677416                            0                            0                            0                            0
0                            0                            0                            0                            0                            0                            0           594.22162067192482           33.529574634192024                            0                            0
0                            0                            0                            0                            0                            0                            0           33.529574634192024           439.46933771726975                            0                            0
0                            0                            0                            0                            0                            0                            0                            0                            0           587.68692014061537          -45.810259852735186
0                            0                            0                            0                            0                            0                            0                            0                            0          -45.810259852735186           452.87180259622716
