3268
9
-3269                      0.00428
-3269                     -0.19122
-3269       -0.0069499999999999996
584         -0.85516099999999995
584                     -2.87439
3         -0.35533199999999998
3          -1.5793200000000001
2          0.82119399999999998
2                      -1.4653
61280.480679910368          -74.328620987544411           -5853.805490114134                            0                            0                            0                            0                            0                            0
-74.328620987544411           64749.535521022597          -138.34290054409698                            0                            0                            0                            0                            0                            0
-5853.805490114134          -138.34290054409698           4033.8195037587611                            0                            0                            0                            0                            0                            0
0                            0                            0           567.71369474174003          -73.547905183959827                            0                            0                            0                            0
0                            0                            0          -73.547905183959827           305.43522251278006                            0                            0                            0                            0
0                            0                            0                            0                            0           606.34388441372118           -14.76186560945802                            0                            0
0                            0                            0                            0                            0           -14.76186560945802           515.37465813735309                            0                            0
0                            0                            0                            0                            0                            0                            0           598.57202297473737            28.85055953106324
0                            0                            0                            0                            0                            0                            0            28.85055953106324           527.31329890506231
