1578
13
-1579        -0.013809999999999999
-1579         -0.16711999999999999
-1579                     -0.10851
338                     0.391266
338                     -3.48237
333         -0.81796000000000002
333          -2.9052699999999998
336          0.50476500000000002
336                     -2.55307
334          0.53412599999999999
334          -1.8140499999999999
331         -0.79597499999999999
331                     -1.47048
61841.236196350095           154.32170440131063          -5059.6571760400748                            0                            0                            0                            0                            0                            0                            0                            0                            0                            0
154.32170440131063           64137.294301001362           467.08723150274761                            0                            0                            0                            0                            0                            0                            0                            0                            0                            0
-5059.6571760400748           467.08723150274761           3859.4202729706594                            0                            0                            0                            0                            0                            0                            0                            0                            0                            0
0                            0                            0            574.1641520085401           34.332760364173915                            0                            0                            0                            0                            0                            0                            0                            0
0                            0                            0           34.332760364173915           209.72003233060201                            0                            0                            0                            0                            0                            0                            0                            0
0                            0                            0                            0                            0           568.85542639496384          -71.126939338544389                            0                            0                            0                            0                            0                            0
0                            0                            0                            0                            0          -71.126939338544389           300.22027616292996                            0                            0                            0                            0                            0                            0
0                            0                            0                            0                            0                            0                            0           589.06664541752889           35.085367743685651                            0                            0                            0                            0
0                            0                            0                            0                            0                            0                            0           35.085367743685651           360.09049819993078                            0                            0                            0                            0
0                            0                            0                            0                            0                            0                            0                            0                            0           600.62111749934093           23.844469149500323                            0                            0
0                            0                            0                            0                            0                            0                            0                            0                            0           23.844469149500323           481.91239719825427                            0                            0
0                            0                            0                            0                            0                            0                            0                            0                            0                            0                            0           597.70808402374291          -30.260315889451174
0                            0                            0                            0                            0                            0                            0                            0                            0                            0                            0          -30.260315889451174           527.57092342238764
