1866
17
-1867        0.0022100000000000002
-1867         -0.19126000000000001
-1867                      0.02298
370          0.83211500000000005
370                     -3.81046
365         -0.58329900000000001
365          -3.7184200000000001
368          0.82660400000000001
368          -3.1677599999999999
363         -0.57599400000000001
363          -3.1329099999999999
366          0.88328799999999996
366                     -1.56551
361         -0.62462499999999999
361                     -1.50963
364          0.85963100000000003
364         -0.90229999999999999
59984.882547475623          -39.433206749592415          -5726.9697888852288                            0                            0                            0                            0                            0                            0                            0                            0                            0                            0                            0                            0                            0                            0
-39.433206749592415            63443.10493648659          -89.835412807254116                            0                            0                            0                            0                            0                            0                            0                            0                            0                            0                            0                            0                            0                            0
-5726.9697888852288          -89.835412807254116           3951.0632607092998                            0                            0                            0                            0                            0                            0                            0                            0                            0                            0                            0                            0                            0                            0
0                            0                            0           553.58801159089273           75.303717781265746                            0                            0                            0                            0                            0                            0                            0                            0                            0                            0                            0                            0
0                            0                            0           75.303717781265746           173.96074733800444                            0                            0                            0                            0                            0                            0                            0                            0                            0                            0                            0                            0
0                            0                            0                            0                            0           562.45957941127017          -58.424658881880468                            0                            0                            0                            0                            0                            0                            0                            0                            0                            0
0                            0                            0                            0                            0          -58.424658881880468           182.04208360224337                            0                            0                            0                            0                            0                            0                            0                            0                            0                            0
0                            0                            0                            0                            0                            0                            0           565.95760219660974           70.798023610233756                            0                            0                            0                            0                            0                            0                            0                            0
0                            0                            0                            0                            0                            0                            0           70.798023610233756           257.94538053151217                            0                            0                            0                            0                            0                            0                            0                            0
0                            0                            0                            0                            0                            0                            0                            0                            0           574.23017588331788          -54.096563373770223                            0                            0                            0                            0                            0                            0
0                            0                            0                            0                            0                            0                            0                            0                            0          -54.096563373770223           262.72996683042112                            0                            0                            0                            0                            0                            0
0                            0                            0                            0                            0                            0                            0                            0                            0                            0                            0           594.67243674471615            34.35004961256972                            0                            0                            0                            0
0                            0                            0                            0                            0                            0                            0                            0                            0                            0                            0            34.35004961256972           514.35798903167631                            0                            0                            0                            0
0                            0                            0                            0                            0                            0                            0                            0                            0                            0                            0                            0                            0           601.91449518281331          -24.318236133317008                            0                            0
0                            0                            0                            0                            0                            0                            0                            0                            0                            0                            0                            0                            0          -24.318236133317008           523.40213151749367                            0                            0
0                            0                            0                            0                            0                            0                            0                            0                            0                            0                            0                            0                            0                            0                            0           607.03158816188136           16.295415860915984
0                            0                            0                            0                            0                            0                            0                            0                            0                            0                            0                            0                            0                            0                            0           16.295415860915984            581.9274511220882
