2302
15
-2303       -0.0055199999999999997
-2303                     -0.15583
-2303       -0.0026099999999999999
349          0.24079600000000001
349          -3.2507799999999998
354                    -0.647953
354          -3.2367300000000001
356         -0.50313600000000003
356          -2.1440299999999999
351          0.69564899999999996
351                     -1.76173
353          0.70924900000000002
353          -1.0233699999999999
358         -0.73683799999999999
358                    -0.954789
76859.389115710786           109.82553325955229          -5972.5291550446664                            0                            0                            0                            0                            0                            0                            0                            0                            0                            0                            0                            0
109.82553325955229           79763.926258019506           261.59306293119772                            0                            0                            0                            0                            0                            0                            0                            0                            0                            0                            0                            0
-5972.5291550446664           261.59306293119772            4745.075812025917                            0                            0                            0                            0                            0                            0                            0                            0                            0                            0                            0                            0
0                            0                            0           581.62612486731314           19.561330068675854                            0                            0                            0                            0                            0                            0                            0                            0                            0                            0
0                            0                            0           19.561330068675854           243.25974574082133                            0                            0                            0                            0                            0                            0                            0                            0                            0                            0
0                            0                            0                            0                            0           569.64590458596422          -61.460936391518331                            0                            0                            0                            0                            0                            0                            0                            0
0                            0                            0                            0                            0          -61.460936391518331           247.27846375308434                            0                            0                            0                            0                            0                            0                            0                            0
0                            0                            0                            0                            0                            0                            0            594.7091531193737          -31.847766570796257                            0                            0                            0                            0                            0                            0
0                            0                            0                            0                            0                            0                            0          -31.847766570796257           430.64521029329359                            0                            0                            0                            0                            0                            0
0                            0                            0                            0                            0                            0                            0                            0                            0            597.2152440395738            30.80013655710302                            0                            0                            0                            0
0                            0                            0                            0                            0                            0                            0                            0                            0            30.80013655710302           488.56191305677129                            0                            0                            0                            0
0                            0                            0                            0                            0                            0                            0                            0                            0                            0                            0             608.392698958452           15.162788652839826                            0                            0
0                            0                            0                            0                            0                            0                            0                            0                            0                            0                            0           15.162788652839826           572.97128761303202                            0                            0
0                            0                            0                            0                            0                            0                            0                            0                            0                            0                            0                            0                            0           607.88121467825431          -15.826636947211098
0                            0                            0                            0                            0                            0                            0                            0                            0                            0                            0                            0                            0          -15.826636947211098           578.90819962732269
