2944
13
-2945       -0.0097900000000000001
-2945         -0.18468000000000001
-2945        -0.037199999999999997
173          -1.1163099999999999
173                     -3.59293
174                     -1.03891
174          -2.6431100000000001
548          0.37496499999999999
548                     -2.48108
175         -0.99398900000000001
175                     -1.94842
546          0.55880799999999997
546                      -1.8932
61116.498522254013           166.93848291729267          -5562.7021035894677                            0                            0                            0                            0                            0                            0                            0                            0                            0                            0
166.93848291729267           64335.742922622296           244.80459060294842                            0                            0                            0                            0                            0                            0                            0                            0                            0                            0
-5562.7021035894677           244.80459060294842           3959.8470968602737                            0                            0                            0                            0                            0                            0                            0                            0                            0                            0
0                            0                            0            541.5999378211468          -104.12872879912157                            0                            0                            0                            0                            0                            0                            0                            0
0                            0                            0          -104.12872879912157           206.29620999585302                            0                            0                            0                            0                            0                            0                            0                            0
0                            0                            0                            0                            0            562.7993656384283          -82.348729984171129                            0                            0                            0                            0                            0                            0
0                            0                            0                            0                            0          -82.348729984171129           344.50601114875229                            0                            0                            0                            0                            0                            0
0                            0                            0                            0                            0                            0                            0           593.42207958837866           24.451706289732947                            0                            0                            0                            0
0                            0                            0                            0                            0                            0                            0           24.451706289732947           373.43451723423925                            0                            0                            0                            0
0                            0                            0                            0                            0                            0                            0                            0                            0           579.96391461800158          -55.954470903473187                            0                            0
0                            0                            0                            0                            0                            0                            0                            0                            0          -55.954470903473187           459.57436467174989                            0                            0
0                            0                            0                            0                            0                            0                            0                            0                            0                            0                            0           598.79476552333426           26.627864538815288
0                            0                            0                            0                            0                            0                            0                            0                            0                            0                            0           26.627864538815288           469.92825787948914
