3141
15
-3142         0.033239999999999999
-3142                     -0.16999
-3142        0.0078799999999999999
573                    -0.471225
573          -3.0354700000000001
566                     0.329013
566          -2.6011700000000002
571                    -0.311442
571                     -2.11476
564          0.71525399999999995
564                     -1.44703
569         -0.26043300000000003
569          -1.2274099999999999
567                     -1.19723
567         -0.85392599999999996
67903.921234032197          -631.53160374356958          -5789.2361274057203                            0                            0                            0                            0                            0                            0                            0                            0                            0                            0                            0                            0
-631.53160374356958           70907.557696539443          -1197.0349376629299                            0                            0                            0                            0                            0                            0                            0                            0                            0                            0                            0                            0
-5789.2361274057203          -1197.0349376629299           4327.1067362163794                            0                            0                            0                            0                            0                            0                            0                            0                            0                            0                            0                            0
0                            0                            0           579.44854426536176          -43.947561621066555                            0                            0                            0                            0                            0                            0                            0                            0                            0                            0
0                            0                            0          -43.947561621066555           278.01993710749116                            0                            0                            0                            0                            0                            0                            0                            0                            0                            0
0                            0                            0                            0                            0           592.25207524609152           22.355968118067345                            0                            0                            0                            0                            0                            0                            0                            0
0                            0                            0                            0                            0           22.355968118067345           352.68276531132994                            0                            0                            0                            0                            0                            0                            0                            0
0                            0                            0                            0                            0                            0                            0           599.47215351597936          -19.689285263829191                            0                            0                            0                            0                            0                            0
0                            0                            0                            0                            0                            0                            0          -19.689285263829191           436.36513833421805                            0                            0                            0                            0                            0                            0
0                            0                            0                            0                            0                            0                            0                            0                            0           601.88864240325574            24.18995733376024                            0                            0                            0                            0
0                            0                            0                            0                            0                            0                            0                            0                            0            24.18995733376024           530.02233987969146                            0                            0                            0                            0
0                            0                            0                            0                            0                            0                            0                            0                            0                            0                            0           611.64375997809827          -7.7809777206857609                            0                            0
0                            0                            0                            0                            0                            0                            0                            0                            0                            0                            0          -7.7809777206857609           555.49100855247377                            0                            0
0                            0                            0                            0                            0                            0                            0                            0                            0                            0                            0                            0                            0           597.29674888427621          -23.837861358846123
0                            0                            0                            0                            0                            0                            0                            0                            0                            0                            0                            0                            0          -23.837861358846123           584.31726359038271
