1667
5
-1668       -0.0043699999999999998
-1668        -0.096240000000000006
-1668         -0.26290999999999998
391          0.27557700000000002
391          -1.1180000000000001
75885.900829861203           44.078293464729143          -3578.9204243000927                            0                            0
44.078293464729143           76954.113513658624            341.9006455796079                            0                            0
-3578.9204243000927            341.9006455796079           4299.5544473698656                            0                            0
0                            0                            0           613.05208092952591           5.7802895235008638
0                            0                            0           5.7802895235008638           565.52143498745954
