2826
17
-2827                     -0.01093
-2827                      -0.1099
-2827          0.17921000000000001
533                      2.87941
533          -2.8224900000000002
531                      1.55314
531          -2.4017300000000001
529          0.75754699999999997
529          -2.2169599999999998
527                    -0.105138
527                     -1.96217
523                     -1.05016
523          -1.6679299999999999
525         -0.58563500000000002
525                     -1.52536
524           1.4200900000000001
524                    -0.983124
78865.090799172118           120.13092712120522           -4477.731095457334                            0                            0                            0                            0                            0                            0                            0                            0                            0                            0                            0                            0                            0                            0
120.13092712120522           80379.890138455768            274.9541615002866                            0                            0                            0                            0                            0                            0                            0                            0                            0                            0                            0                            0                            0                            0
-4477.731095457334            274.9541615002866           4568.6515202064065                            0                            0                            0                            0                            0                            0                            0                            0                            0                            0                            0                            0                            0                            0
0                            0                            0           419.99684514988814           193.88217551970345                            0                            0                            0                            0                            0                            0                            0                            0                            0                            0                            0                            0
0                            0                            0           193.88217551970345           353.74615700041392                            0                            0                            0                            0                            0                            0                            0                            0                            0                            0                            0                            0
0                            0                            0                            0                            0           538.43218399246825           106.32778493842252                            0                            0                            0                            0                            0                            0                            0                            0                            0                            0
0                            0                            0                            0                            0           106.32778493842252           384.95919910646052                            0                            0                            0                            0                            0                            0                            0                            0                            0                            0
0                            0                            0                            0                            0                            0                            0           586.89950583037489           46.014735428614976                            0                            0                            0                            0                            0                            0                            0                            0
0                            0                            0                            0                            0                            0                            0           46.014735428614976           416.41632354330773                            0                            0                            0                            0                            0                            0                            0                            0
0                            0                            0                            0                            0                            0                            0                            0                            0           604.11411023309734          -6.9081844504556846                            0                            0                            0                            0                            0                            0
0                            0                            0                            0                            0                            0                            0                            0                            0          -6.9081844504556846           461.18260205463901                            0                            0                            0                            0                            0                            0
0                            0                            0                            0                            0                            0                            0                            0                            0                            0                            0           583.72596005720175          -48.339887609811186                            0                            0                            0                            0
0                            0                            0                            0                            0                            0                            0                            0                            0                            0                            0          -48.339887609811186            500.6902507580358                            0                            0                            0                            0
0                            0                            0                            0                            0                            0                            0                            0                            0                            0                            0                            0                            0           602.62332683316561          -23.086367486280857                            0                            0
0                            0                            0                            0                            0                            0                            0                            0                            0                            0                            0                            0                            0          -23.086367486280857           521.57674617389705                            0                            0
0                            0                            0                            0                            0                            0                            0                            0                            0                            0                            0                            0                            0                            0                            0           586.81242296373091           33.121135633464505
0                            0                            0                            0                            0                            0                            0                            0                            0                            0                            0                            0                            0                            0                            0           33.121135633464505           573.00428324923791
