926
19
-927                      0.00197
-927         -0.16261999999999999
-927                      0.02479
128                      1.57168
128          -3.5930399999999998
124         0.051567300000000003
124          -3.3920499999999998
147          -2.1338900000000001
147          -2.8179099999999999
129           1.4492700000000001
129          -2.7153100000000001
125                    -0.135876
125          -2.3622000000000001
144          -1.0377700000000001
144          -1.6250500000000001
131          0.71525399999999995
131                     -1.44703
126         -0.30733100000000002
126          -1.3972599999999999
71099.923410259245          -36.259120695167681          -5763.0027429173406                            0                            0                            0                            0                            0                            0                            0                            0                            0                            0                            0                            0                            0                            0                            0                            0
-36.259120695167681           74035.332388701761          -94.076712866573374                            0                            0                            0                            0                            0                            0                            0                            0                            0                            0                            0                            0                            0                            0                            0                            0
-5763.0027429173406          -94.076712866573374           4439.7258586850494                            0                            0                            0                            0                            0                            0                            0                            0                            0                            0                            0                            0                            0                            0                            0                            0
0                            0                            0           517.61654506637717           134.55999063412347                            0                            0                            0                            0                            0                            0                            0                            0                            0                            0                            0                            0                            0                            0
0                            0                            0           134.55999063412347           215.64161007567282                            0                            0                            0                            0                            0                            0                            0                            0                            0                            0                            0                            0                            0                            0
0                            0                            0                            0                            0           580.27561334742597           1.9506771476341864                            0                            0                            0                            0                            0                            0                            0                            0                            0                            0                            0                            0
0                            0                            0                            0                            0           1.9506771476341864            221.6642913324186                            0                            0                            0                            0                            0                            0                            0                            0                            0                            0                            0                            0
0                            0                            0                            0                            0                            0                            0           481.05084211949963          -161.27721566850809                            0                            0                            0                            0                            0                            0                            0                            0                            0                            0
0                            0                            0                            0                            0                            0                            0          -161.27721566850809           335.23170964280797                            0                            0                            0                            0                            0                            0                            0                            0                            0                            0
0                            0                            0                            0                            0                            0                            0                            0                            0           539.21415702684021           110.35473666515487                            0                            0                            0                            0                            0                            0                            0                            0
0                            0                            0                            0                            0                            0                            0                            0                            0           110.35473666515487           333.99994364456239                            0                            0                            0                            0                            0                            0                            0                            0
0                            0                            0                            0                            0                            0                            0                            0                            0                            0                            0           598.09454977585983            -10.9156529934631                            0                            0                            0                            0                            0                            0
0                            0                            0                            0                            0                            0                            0                            0                            0                            0                            0            -10.9156529934631           395.06283257626939                            0                            0                            0                            0                            0                            0
0                            0                            0                            0                            0                            0                            0                            0                            0                            0                            0                            0                            0           585.28215903720593          -46.095860450988042                            0                            0                            0                            0
0                            0                            0                            0                            0                            0                            0                            0                            0                            0                            0                            0                            0          -46.095860450988042           506.60553187540199                            0                            0                            0                            0
0                            0                            0                            0                            0                            0                            0                            0                            0                            0                            0                            0                            0                            0                            0           601.88864240325574            24.18995733376024                            0                            0
0                            0                            0                            0                            0                            0                            0                            0                            0                            0                            0                            0                            0                            0                            0            24.18995733376024           530.02233987969146                            0                            0
0                            0                            0                            0                            0                            0                            0                            0                            0                            0                            0                            0                            0                            0                            0                            0                            0           609.25371576862165          -10.825867141085046
0                            0                            0                            0                            0                            0                            0                            0                            0                            0                            0                            0                            0                            0                            0                            0                            0          -10.825867141085046           537.45704357707086
