2360
13
-2361                     -0.00975
-2361                     -0.16777
-2361          0.13603000000000001
333                     -1.89636
333          -2.7918699999999999
397          0.65493599999999996
397          -2.3449900000000001
335                     -1.02796
335                     -1.92838
406          0.27211299999999999
406                     -1.51481
337                    -0.120882
337                     -1.06386
59216.28260563712           140.10764356522816          -5016.0112779797255                            0                            0                            0                            0                            0                            0                            0                            0                            0                            0
140.10764356522816           61775.050194503769           128.07591526518775                            0                            0                            0                            0                            0                            0                            0                            0                            0                            0
-5016.0112779797255           128.07591526518775           3740.3286618616526                            0                            0                            0                            0                            0                            0                            0                            0                            0                            0
0                            0                            0           500.84926519853792          -146.51909326467054                            0                            0                            0                            0                            0                            0                            0                            0
0                            0                            0          -146.51909326467054           332.91553002331483                            0                            0                            0                            0                            0                            0                            0                            0
0                            0                            0                            0                            0           588.20280450206621           42.095874258435678                            0                            0                            0                            0                            0                            0
0                            0                            0                            0                            0           42.095874258435678           395.30645383397149                            0                            0                            0                            0                            0                            0
0                            0                            0                            0                            0                            0                            0           578.77056315510777          -57.175250202982163                            0                            0                            0                            0
0                            0                            0                            0                            0                            0                            0          -57.175250202982163           462.53623955937189                            0                            0                            0                            0
0                            0                            0                            0                            0                            0                            0                            0                            0            608.7883156276049           8.6169945920231648                            0                            0
0                            0                            0                            0                            0                            0                            0                            0                            0           8.6169945920231648           523.33154466797043                            0                            0
0                            0                            0                            0                            0                            0                            0                            0                            0                            0                            0           614.14941303120156          -3.3364129685738297
0                            0                            0                            0                            0                            0                            0                            0                            0                            0                            0          -3.3364129685738297           570.49481563731717
