2568
9
-2569                     -0.02179
-2569         -0.18379000000000001
-2569       -0.0053699999999999998
467                     -1.40263
467                     -2.89493
468          0.60439900000000002
468          -2.4120400000000002
465          -1.1717900000000001
465          -1.4237299999999999
63653.422142519979           383.97457729060352          -5828.9031565214273                            0                            0                            0                            0                            0                            0
383.97457729060352           66891.911771169733           684.07899573620341                            0                            0                            0                            0                            0                            0
-5828.9031565214273           684.07899573620341           4133.0808913168194                            0                            0                            0                            0                            0                            0
0                            0                            0           535.66017203354636          -116.26545246767887                            0                            0                            0                            0
0                            0                            0          -116.26545246767887           307.83713652217386                            0                            0                            0                            0
0                            0                            0                            0                            0           588.64334929860058           39.917071273462703                            0                            0
0                            0                            0                            0                            0           39.917071273462703           384.05438528608306                            0                            0
0                            0                            0                            0                            0                            0                            0           584.07483689609671          -44.098352143051926
0                            0                            0                            0                            0                            0                            0          -44.098352143051926           531.60544995286989
