2922
9
-2923                     -0.01489
-2923                       0.0155
-2923                      0.20085
542          0.90351099999999995
542          -2.2981699999999998
540           1.8431500000000001
540          -1.6481600000000001
547          0.39327699999999999
547         -0.98308200000000001
168699.06248501866          -66.476019754057091           1282.3259347933456                            0                            0                            0                            0                            0                            0
-66.476019754057091           168683.94255470848            782.9995199711924                            0                            0                            0                            0                            0                            0
1282.3259347933456            782.9995199711924           9068.5688088510924                            0                            0                            0                            0                            0                            0
0                            0                            0           579.25732426844297           58.132652645803745                            0                            0                            0                            0
0                            0                            0           58.132652645803745           401.86108777027783                            0                            0                            0                            0
0                            0                            0                            0                            0           538.47941061123686           84.096356095075237                            0                            0
0                            0                            0                            0                            0           84.096356095075237           499.10368923017182                            0                            0
0                            0                            0                            0                            0                            0                            0           613.41789830750974           7.3651323430875957
0                            0                            0                            0                            0                            0                            0           7.3651323430875957           576.76309424851365
