792
19
-793                     -0.00035
-793         -0.15748999999999999
-793                      0.00332
177       -0.0057837399999999999
177          -3.6337799999999998
169          0.77646099999999996
169                     -3.23584
178         -0.58707299999999996
178          -3.2016900000000001
168          0.81562599999999996
168          -2.5787900000000001
163                    -0.556118
163                     -2.24099
167          0.86207800000000001
167          -1.9157200000000001
162         -0.56146399999999996
162          -1.1780200000000001
166          0.92858099999999999
166         -0.88797499999999996
75976.194800705678           5.0851329759428907          -5958.4358501732586                            0                            0                            0                            0                            0                            0                            0                            0                            0                            0                            0                            0                            0                            0                            0                            0
5.0851329759428907           78820.840655260967          0.19989662915692155                            0                            0                            0                            0                            0                            0                            0                            0                            0                            0                            0                            0                            0                            0                            0                            0
-5958.4358501732586          0.19989662915692155            4696.514490971821                            0                            0                            0                            0                            0                            0                            0                            0                            0                            0                            0                            0                            0                            0                            0                            0
0                            0                            0           575.01719153425961          -3.6308764653904109                            0                            0                            0                            0                            0                            0                            0                            0                            0                            0                            0                            0                            0                            0
0                            0                            0          -3.6308764653904109           188.48597289592738                            0                            0                            0                            0                            0                            0                            0                            0                            0                            0                            0                            0                            0                            0
0                            0                            0                            0                            0           566.79510235296277           67.270422409298803                            0                            0                            0                            0                            0                            0                            0                            0                            0                            0                            0                            0
0                            0                            0                            0                            0           67.270422409298803           247.40807263737094                            0                            0                            0                            0                            0                            0                            0                            0                            0                            0                            0                            0
0                            0                            0                            0                            0                            0                            0           572.52091350172088          -55.784961924043259                            0                            0                            0                            0                            0                            0                            0                            0                            0                            0
0                            0                            0                            0                            0                            0                            0          -55.784961924043259           252.16940340454781                            0                            0                            0                            0                            0                            0                            0                            0                            0                            0
0                            0                            0                            0                            0                            0                            0                            0                            0           577.63202235033259           59.194672960411587                            0                            0                            0                            0                            0                            0                            0                            0
0                            0                            0                            0                            0                            0                            0                            0                            0           59.194672960411587           354.22163410503339                            0                            0                            0                            0                            0                            0                            0                            0
0                            0                            0                            0                            0                            0                            0                            0                            0                            0                            0           591.49239587288264          -37.247706209412449                            0                            0                            0                            0                            0                            0
0                            0                            0                            0                            0                            0                            0                            0                            0                            0                            0          -37.247706209412449           414.08339993773956                            0                            0                            0                            0                            0                            0
0                            0                            0                            0                            0                            0                            0                            0                            0                            0                            0                            0                            0           588.64892040959842             43.9265360821068                            0                            0                            0                            0
0                            0                            0                            0                            0                            0                            0                            0                            0                            0                            0                            0                            0             43.9265360821068           464.45807408876493                            0                            0                            0                            0
0                            0                            0                            0                            0                            0                            0                            0                            0                            0                            0                            0                            0                            0                            0           608.16020605038284          -15.538052519460619                            0                            0
0                            0                            0                            0                            0                            0                            0                            0                            0                            0                            0                            0                            0                            0                            0          -15.538052519460619           560.02539271907972                            0                            0
0                            0                            0                            0                            0                            0                            0                            0                            0                            0                            0                            0                            0                            0                            0                            0                            0           605.65626207868024           17.527081000492938
0                            0                            0                            0                            0                            0                            0                            0                            0                            0                            0                            0                            0                            0                            0                            0                            0           17.527081000492938           582.71155811592996
