2608
9
-2609                     -0.02913
-2609                     -0.18842
-2609       -0.0030500000000000002
476          0.54392399999999996
476          -3.8862700000000001
474          0.55500899999999997
474                     -2.30301
477          -1.0661400000000001
477          -2.1125699999999998
61709.512332171187           524.44821293051859          -5797.8300230152954                            0                            0                            0                            0                            0                            0
524.44821293051859           65022.738861999416            896.7935499953187                            0                            0                            0                            0                            0                            0
-5797.8300230152954            896.7935499953187           4051.7108705683345                            0                            0                            0                            0                            0                            0
0                            0                            0           561.86707352841779           49.237355329500708                            0                            0                            0                            0
0                            0                            0           49.237355329500708            161.6144820598187                            0                            0                            0                            0
0                            0                            0                            0                            0            592.0619433146486           34.364075708918705                            0                            0
0                            0                            0                            0                            0           34.364075708918705           403.15952052830136                            0                            0
0                            0                            0                            0                            0                            0                            0           572.63727408630598          -66.491569337768624
0                            0                            0                            0                            0                            0                            0          -66.491569337768624           433.12222354234103
