1329
13
-1330         0.017409999999999998
-1330         -0.16284999999999999
-1330         0.016619999999999999
288         -0.15914800000000001
288          -3.2061899999999999
285                      0.91008
285                     -2.73787
286         -0.28193600000000002
286          -2.1538300000000001
283                     0.681917
283                     -1.79304
284                    -0.354601
284          -1.0887899999999999
71710.075873786423          -286.28298278184729          -5832.7719228181377                            0                            0                            0                            0                            0                            0                            0                            0                            0                            0
-286.28298278184729           74404.059482941186          -625.98098331076278                            0                            0                            0                            0                            0                            0                            0                            0                            0                            0
-5832.7719228181377          -625.98098331076278            4473.942656182021                            0                            0                            0                            0                            0                            0                            0                            0                            0                            0
0                            0                            0           582.79044646050818           -17.59227008613432                            0                            0                            0                            0                            0                            0                            0                            0
0                            0                            0           -17.59227008613432           250.35741569665018                            0                            0                            0                            0                            0                            0                            0                            0
0                            0                            0                            0                            0           570.28747611436825           70.179922604528954                            0                            0                            0                            0                            0                            0
0                            0                            0                            0                            0           70.179922604528954           327.13105063612403                            0                            0                            0                            0                            0                            0
0                            0                            0                            0                            0                            0                            0           599.37424827038194          -18.395312391119766                            0                            0                            0                            0
0                            0                            0                            0                            0                            0                            0          -18.395312391119766           430.01821706326717                            0                            0                            0                            0
0                            0                            0                            0                            0                            0                            0                            0                            0           597.08857006952633           30.861349946574922                            0                            0
0                            0                            0                            0                            0                            0                            0                            0                            0           30.861349946574922           484.10881501627387                            0                            0
0                            0                            0                            0                            0                            0                            0                            0                            0                            0                            0           612.20909093671605          -8.8905712186524202
0                            0                            0                            0                            0                            0                            0                            0                            0                            0                            0          -8.8905712186524202           568.36258567392872
