1339
13
-1340       0.00038999999999999999
-1340                     -0.19527
-1340       -0.0042100000000000002
292         -0.27526800000000001
292          -3.5455800000000002
290         -0.27693800000000002
290                     -2.82816
287          0.98767700000000003
287                     -2.43222
288         -0.38470300000000002
288          -1.8847400000000001
285          0.78852199999999995
285          -1.4062399999999999
60023.530429833801          -2.8822265903815847          -5845.2113217613314                            0                            0                            0                            0                            0                            0                            0                            0                            0                            0
-2.8822265903815847           63647.668372894288           8.8706277418002255                            0                            0                            0                            0                            0                            0                            0                            0                            0                            0
-5845.2113217613314           8.8706277418002255           3984.3101190521979                            0                            0                            0                            0                            0                            0                            0                            0                            0                            0
0                            0                            0           574.00424925326604          -29.449629709448203                            0                            0                            0                            0                            0                            0                            0                            0
0                            0                            0          -29.449629709448203           201.03645907716015                            0                            0                            0                            0                            0                            0                            0                            0
0                            0                            0                            0                            0           588.07863210996277          -25.339278031331176                            0                            0                            0                            0                            0                            0
0                            0                            0                            0                            0          -25.339278031331176           313.27573888701454                            0                            0                            0                            0                            0                            0
0                            0                            0                            0                            0                            0                            0           572.53206615716113           68.045834877868472                            0                            0                            0                            0
0                            0                            0                            0                            0                            0                            0           68.045834877868472           378.80641582550629                            0                            0                            0                            0
0                            0                            0                            0                            0                            0                            0                            0                            0           601.58032196928184          -20.500325304378894                            0                            0
0                            0                            0                            0                            0                            0                            0                            0                            0          -20.500325304378894           472.45679449663959                            0                            0
0                            0                            0                            0                            0                            0                            0                            0                            0                            0                            0           600.56473015377014           26.024546383318999
0                            0                            0                            0                            0                            0                            0                            0                            0                            0                            0           26.024546383318999           534.50658191055447
