18
9
-19                     -0.01184
-19         -0.16531000000000001
-19                      0.03049
11                       1.3625
11          -2.6320399999999999
9         -0.20877699999999999
9                     -2.38178
12                      -1.8932
12                       -2.081
69189.520868132982            219.3461835661443           -5716.148547555842                            0                            0                            0                            0                            0                            0
219.3461835661443           72085.629048828603            440.7788159675726                            0                            0                            0                            0                            0                            0
-5716.148547555842            440.7788159675726           4343.8920460565369                            0                            0                            0                            0                            0                            0
0                            0                            0           546.64688436419715             101.511436872266                            0                            0                            0                            0
0                            0                            0             101.511436872266           346.47122868323737                            0                            0                            0                            0
0                            0                            0                            0                            0           596.92397017619612          -15.989937028383663                            0                            0
0                            0                            0                            0                            0          -15.989937028383663            391.5146857397387                            0                            0
0                            0                            0                            0                            0                            0                            0           516.77438256663436          -114.42656262462521
0                            0                            0                            0                            0                            0                            0          -114.42656262462521           439.92367900174668
