1030
9
-1031       -0.0027000000000000001
-1031         -0.15509999999999999
-1031          0.18179999999999999
226          0.65083299999999999
226                     -2.38924
228                       1.3065
228          -2.1012300000000002
222        -0.095437099999999997
222          -1.9794099999999999
60198.132235622244           47.672252031298058          -4701.6816467963172                            0                            0                            0                            0                            0                            0
47.672252031298058           62287.954083957127          -20.504656695688503                            0                            0                            0                            0                            0                            0
-4701.6816467963172          -20.504656695688503           3709.4233731769295                            0                            0                            0                            0                            0                            0
0                            0                            0           587.53465600531445           42.760996918775618                            0                            0                            0                            0
0                            0                            0           42.760996918775618           387.71127482064924                            0                            0                            0                            0
0                            0                            0                            0                            0           562.08069604273237           77.635177301393171                            0                            0
0                            0                            0                            0                            0           77.635177301393171           432.92050570126838                            0                            0
0                            0                            0                            0                            0                            0                            0           603.94560480209907          -6.4880331664834063
0                            0                            0                            0                            0                            0                            0          -6.4880331664834063           458.49720126361876
