79
12
80                     -0.01021
80         -0.97867300000000002
80          -1.5389550000000001
103        -0.018686999999999999
103       -0.0033860000000000001
103           1.5573300000000001
105                    -0.012583
105                     -2.00631
105                    -1.591245
175         0.047170999999999998
175        -0.036223999999999999
175           3.1185900000000002
44.721359999999997                            0                            0                            0                            0                            0                            0                            0                            0                            0                            0                            0
0           44.721359999999997                            0                            0                            0                            0                            0                            0                            0                            0                            0                            0
0                            0           44.721359999999997                            0                            0                            0                            0                            0                            0                            0                            0                            0
0                            0                            0           44.721359999999997                            0                            0                            0                            0                            0                            0                            0                            0
0                            0                            0                            0           44.721359999999997                            0                            0                            0                            0                            0                            0                            0
0                            0                            0                            0                            0           44.721359999999997                            0                            0                            0                            0                            0                            0
0                            0                            0                            0                            0                            0           44.721359999999997                            0                            0                            0                            0                            0
0                            0                            0                            0                            0                            0                            0           44.721359999999997                            0                            0                            0                            0
0                            0                            0                            0                            0                            0                            0                            0           44.721359999999997                            0                            0                            0
0                            0                            0                            0                            0                            0                            0                            0                            0           44.721359999999997                            0                            0
0                            0                            0                            0                            0                            0                            0                            0                            0                            0           44.721359999999997                            0
0                            0                            0                            0                            0                            0                            0                            0                            0                            0                            0           44.721359999999997
