837
9
838                      1.00787
838        -0.028310999999999999
838                    -0.060065
1704          0.99658100000000005
1704        0.0068100000000000001
1704          -3.1323500000000002
1710           1.0174700000000001
1710         0.025187000000000001
1710                     0.017294
44.721359999999997                            0                            0                            0                            0                            0                            0                            0                            0
0           44.721359999999997                            0                            0                            0                            0                            0                            0                            0
0                            0           44.721359999999997                            0                            0                            0                            0                            0                            0
0                            0                            0           44.721359999999997                            0                            0                            0                            0                            0
0                            0                            0                            0           44.721359999999997                            0                            0                            0                            0
0                            0                            0                            0                            0           44.721359999999997                            0                            0                            0
0                            0                            0                            0                            0                            0           44.721359999999997                            0                            0
0                            0                            0                            0                            0                            0                            0           44.721359999999997                            0
0                            0                            0                            0                            0                            0                            0                            0           44.721359999999997
