640
6
641           1.0035400000000001
641        -0.015077999999999999
641        -0.021971999999999998
646                     0.014239
646                     0.018026
646           3.1220349999999999
44.721359999999997                            0                            0                            0                            0                            0
0           44.721359999999997                            0                            0                            0                            0
0                            0           44.721359999999997                            0                            0                            0
0                            0                            0           44.721359999999997                            0                            0
0                            0                            0                            0           44.721359999999997                            0
0                            0                            0                            0                            0           44.721359999999997
