2055
6
2056         -0.99574499999999999
2056       -0.0067549999999999997
2056          -3.0871249999999999
2070         0.019740000000000001
2070         -0.98989000000000005
2070           1.5152699999999999
44.721359999999997                            0                            0                            0                            0                            0
0           44.721359999999997                            0                            0                            0                            0
0                            0           44.721359999999997                            0                            0                            0
0                            0                            0           44.721359999999997                            0                            0
0                            0                            0                            0           44.721359999999997                            0
0                            0                            0                            0                            0           44.721359999999997
