1237
6
1238          0.96981499999999998
1238        -0.029524999999999999
1238                     -0.01268
1241         0.029212999999999999
1241                     0.001034
1241                     3.140155
44.721359999999997                            0                            0                            0                            0                            0
0           44.721359999999997                            0                            0                            0                            0
0                            0           44.721359999999997                            0                            0                            0
0                            0                            0           44.721359999999997                            0                            0
0                            0                            0                            0           44.721359999999997                            0
0                            0                            0                            0                            0           44.721359999999997
