3238
6
3239           1.0147299999999999
3239       -0.0086309999999999998
3239         0.045110999999999998
3305           3.0206900000000001
3305                    -0.009136
3305       -0.0093430000000000006
44.721359999999997                            0                            0                            0                            0                            0
0           44.721359999999997                            0                            0                            0                            0
0                            0           44.721359999999997                            0                            0                            0
0                            0                            0           44.721359999999997                            0                            0
0                            0                            0                            0           44.721359999999997                            0
0                            0                            0                            0                            0           44.721359999999997
