2328
6
2329          0.99677800000000005
2329        -0.012108000000000001
2329                    -0.013632
2413         -0.94588399999999995
2413          -2.0114399999999999
2413           1.5573300000000001
44.721359999999997                            0                            0                            0                            0                            0
0           44.721359999999997                            0                            0                            0                            0
0                            0           44.721359999999997                            0                            0                            0
0                            0                            0           44.721359999999997                            0                            0
0                            0                            0                            0           44.721359999999997                            0
0                            0                            0                            0                            0           44.721359999999997
