1476
6
1477                      1.00502
1477                     0.018907
1477        -0.039516000000000003
2109          0.97812900000000003
2109         0.016480000000000002
2109         0.039009000000000002
44.721359999999997                            0                            0                            0                            0                            0
0           44.721359999999997                            0                            0                            0                            0
0                            0           44.721359999999997                            0                            0                            0
0                            0                            0           44.721359999999997                            0                            0
0                            0                            0                            0           44.721359999999997                            0
0                            0                            0                            0                            0           44.721359999999997
