220
6
221                      1.01135
221        -0.033105999999999997
221                     0.031066
2885                      1.01562
2885         0.019858000000000001
2885        -0.014607999999999999
44.721359999999997                            0                            0                            0                            0                            0
0           44.721359999999997                            0                            0                            0                            0
0                            0           44.721359999999997                            0                            0                            0
0                            0                            0           44.721359999999997                            0                            0
0                            0                            0                            0           44.721359999999997                            0
0                            0                            0                            0                            0           44.721359999999997
