2267
9
2268                    -0.013295
2268           1.0306500000000001
2268           1.5382400000000001
2370         -0.98585500000000004
2370        -0.015939999999999999
2370      -7.7999999999999999e-05
2372         0.037179999999999998
2372           1.0181800000000001
2372           1.5788500000000001
44.721359999999997                            0                            0                            0                            0                            0                            0                            0                            0
0           44.721359999999997                            0                            0                            0                            0                            0                            0                            0
0                            0           44.721359999999997                            0                            0                            0                            0                            0                            0
0                            0                            0           44.721359999999997                            0                            0                            0                            0                            0
0                            0                            0                            0           44.721359999999997                            0                            0                            0                            0
0                            0                            0                            0                            0           44.721359999999997                            0                            0                            0
0                            0                            0                            0                            0                            0           44.721359999999997                            0                            0
0                            0                            0                            0                            0                            0                            0           44.721359999999997                            0
0                            0                            0                            0                            0                            0                            0                            0           44.721359999999997
