2768
6
2769           1.0012000000000001
2769       -0.0029499999999999999
2769        0.0066680000000000003
2792        0.0076179999999999998
2792         0.053857000000000002
2792        -0.016192999999999999
44.721359999999997                            0                            0                            0                            0                            0
0           44.721359999999997                            0                            0                            0                            0
0                            0           44.721359999999997                            0                            0                            0
0                            0                            0           44.721359999999997                            0                            0
0                            0                            0                            0           44.721359999999997                            0
0                            0                            0                            0                            0           44.721359999999997
