2452
6
2453          0.99464799999999998
2453       -0.0052110000000000004
2453         0.041406999999999999
2462           2.9872899999999998
2462         -0.99617599999999995
2462                       1.5744
44.721359999999997                            0                            0                            0                            0                            0
0           44.721359999999997                            0                            0                            0                            0
0                            0           44.721359999999997                            0                            0                            0
0                            0                            0           44.721359999999997                            0                            0
0                            0                            0                            0           44.721359999999997                            0
0                            0                            0                            0                            0           44.721359999999997
