1053
6
1054          0.99612400000000001
1054         0.011043000000000001
1054        0.0060309999999999999
1804                     -1.01501
1804         0.015332999999999999
1804                     0.004901
44.721359999999997                            0                            0                            0                            0                            0
0           44.721359999999997                            0                            0                            0                            0
0                            0           44.721359999999997                            0                            0                            0
0                            0                            0           44.721359999999997                            0                            0
0                            0                            0                            0           44.721359999999997                            0
0                            0                            0                            0                            0           44.721359999999997
