54
6
55           1.0120400000000001
55        -0.015330999999999999
55        0.0058479999999999999
2625         -0.96406999999999998
2625        0.0023670000000000002
2625                    -3.111275
44.721359999999997                            0                            0                            0                            0                            0
0           44.721359999999997                            0                            0                            0                            0
0                            0           44.721359999999997                            0                            0                            0
0                            0                            0           44.721359999999997                            0                            0
0                            0                            0                            0           44.721359999999997                            0
0                            0                            0                            0                            0           44.721359999999997
