2510
9
2511          0.99233499999999997
2511         0.034436000000000001
2511                    -0.000834
2541                    -0.995278
2541        -0.018138000000000001
2541                    -0.000163
2543                      0.98873
2543        -0.029204000000000001
2543                     0.022761
44.721359999999997                            0                            0                            0                            0                            0                            0                            0                            0
0           44.721359999999997                            0                            0                            0                            0                            0                            0                            0
0                            0           44.721359999999997                            0                            0                            0                            0                            0                            0
0                            0                            0           44.721359999999997                            0                            0                            0                            0                            0
0                            0                            0                            0           44.721359999999997                            0                            0                            0                            0
0                            0                            0                            0                            0           44.721359999999997                            0                            0                            0
0                            0                            0                            0                            0                            0           44.721359999999997                            0                            0
0                            0                            0                            0                            0                            0                            0           44.721359999999997                            0
0                            0                            0                            0                            0                            0                            0                            0           44.721359999999997
