2310
6
2311          0.99860199999999999
2311        0.0080099999999999998
2311                     0.003722
2328         0.034544999999999999
2328        -0.018214000000000001
2328           3.1396299999999999
44.721359999999997                            0                            0                            0                            0                            0
0           44.721359999999997                            0                            0                            0                            0
0                            0           44.721359999999997                            0                            0                            0
0                            0                            0           44.721359999999997                            0                            0
0                            0                            0                            0           44.721359999999997                            0
0                            0                            0                            0                            0           44.721359999999997
