1058
6
1059          0.99704499999999996
1059        -0.025753000000000002
1059        -0.035261000000000001
1476         0.018769000000000001
1476        -0.030901000000000001
1476                      -3.1353
44.721359999999997                            0                            0                            0                            0                            0
0           44.721359999999997                            0                            0                            0                            0
0                            0           44.721359999999997                            0                            0                            0
0                            0                            0           44.721359999999997                            0                            0
0                            0                            0                            0           44.721359999999997                            0
0                            0                            0                            0                            0           44.721359999999997
