2354
6
2355          0.97962300000000002
2355        -0.024011999999999999
2355         0.055905000000000003
2393         -0.98138499999999995
2393        0.0019469999999999999
2393                    -0.022202
44.721359999999997                            0                            0                            0                            0                            0
0           44.721359999999997                            0                            0                            0                            0
0                            0           44.721359999999997                            0                            0                            0
0                            0                            0           89.442718999999997                            0                            0
0                            0                            0                            0           89.442718999999997                            0
0                            0                            0                            0                            0           134.16407899999999
