528
6
529                      1.00099
529        -0.012723999999999999
529       -0.0064140000000000004
557           1.0132399999999999
557                     0.024794
557           3.1101450000000002
44.721359999999997                            0                            0                            0                            0                            0
0           44.721359999999997                            0                            0                            0                            0
0                            0           44.721359999999997                            0                            0                            0
0                            0                            0           44.721359999999997                            0                            0
0                            0                            0                            0           44.721359999999997                            0
0                            0                            0                            0                            0           44.721359999999997
