493
6
494                     0.964862
494                    -0.001774
494        -0.026655999999999999
537                    -0.010354
537        0.0068450000000000004
537           3.1344500000000002
44.721359999999997                            0                            0                            0                            0                            0
0           44.721359999999997                            0                            0                            0                            0
0                            0           44.721359999999997                            0                            0                            0
0                            0                            0           44.721359999999997                            0                            0
0                            0                            0                            0           44.721359999999997                            0
0                            0                            0                            0                            0           44.721359999999997
